from_pkg	soname	to_pkg
Cython	libc.so.6	aaa_glibc-solibs
Cython	libc.so.6	glibc
GConf	libc.so.6	aaa_glibc-solibs
GConf	libc.so.6	glibc
GConf	libdbus-1.so.3	dbus
GConf	libdbus-glib-1.so.2	dbus-glib
GConf	libgio-2.0.so.0	glib2
GConf	libglib-2.0.so.0	aaa_libraries
GConf	libglib-2.0.so.0	glib2
GConf	libgmodule-2.0.so.0	aaa_libraries
GConf	libgmodule-2.0.so.0	glib2
GConf	libgobject-2.0.so.0	aaa_libraries
GConf	libgobject-2.0.so.0	glib2
GConf	libgthread-2.0.so.0	aaa_libraries
GConf	libgthread-2.0.so.0	glib2
GConf	liblber.so.2	aaa_libraries
GConf	liblber.so.2	openldap
GConf	libldap.so.2	aaa_libraries
GConf	libldap.so.2	openldap
GConf	libpolkit-gobject-1.so.0	polkit
GConf	libxml2.so.16	libxml2
Imath	libboost_atomic.so.1.92.0	boost
Imath	libboost_chrono.so.1.92.0	boost
Imath	libboost_container.so.1.92.0	boost
Imath	libboost_date_time.so.1.92.0	boost
Imath	libboost_graph.so.1.92.0	boost
Imath	libboost_math_tr1.so.1.92.0	boost
Imath	libboost_python312.so.1.92.0	boost
Imath	libboost_random.so.1.92.0	boost
Imath	libboost_serialization.so.1.92.0	boost
Imath	libboost_thread.so.1.92.0	boost
Imath	libc.so.6	aaa_glibc-solibs
Imath	libc.so.6	glibc
Imath	libgcc_s.so.1	aaa_libraries
Imath	libgcc_s.so.1	gcc
Imath	libm.so.6	aaa_glibc-solibs
Imath	libm.so.6	glibc
Imath	libstdc++.so.6	aaa_libraries
Imath	libstdc++.so.6	gcc-g++
LibRaw	libc.so.6	aaa_glibc-solibs
LibRaw	libc.so.6	glibc
LibRaw	libgcc_s.so.1	aaa_libraries
LibRaw	libgcc_s.so.1	gcc
LibRaw	libgomp.so.1	aaa_libraries
LibRaw	libgomp.so.1	gcc
LibRaw	libjpeg.so.62	aaa_libraries
LibRaw	libjpeg.so.62	libjpeg-turbo
LibRaw	liblcms2.so.2	lcms2
LibRaw	libm.so.6	aaa_glibc-solibs
LibRaw	libm.so.6	glibc
LibRaw	libstdc++.so.6	aaa_libraries
LibRaw	libstdc++.so.6	gcc-g++
LibRaw	libz.so.1	aaa_libraries
LibRaw	libz.so.1	zlib
MPlayer	libEGL.so.1	libglvnd
MPlayer	libGL.so.1	libglvnd
MPlayer	libSDL-1.2.so.0	sdl
MPlayer	libX11.so.6	libX11
MPlayer	libXext.so.6	libXext
MPlayer	libXinerama.so.1	libXinerama
MPlayer	libXss.so.1	libXScrnSaver
MPlayer	libXv.so.1	libXv
MPlayer	libXxf86dga.so.1	libXxf86dga
MPlayer	libXxf86vm.so.1	libXxf86vm
MPlayer	liba52.so.0	a52dec
MPlayer	libaa.so.1	aalib
MPlayer	libasound.so.2	aaa_libraries
MPlayer	libasound.so.2	alsa-lib
MPlayer	libass.so.9	libass
MPlayer	libatk-1.0.so.0	at-spi2-core
MPlayer	libavcodec.so.63	ffmpeg
MPlayer	libavformat.so.63	ffmpeg
MPlayer	libavutil.so.61	ffmpeg
MPlayer	libbluray.so.4	libbluray
MPlayer	libbz2.so.1	aaa_libraries
MPlayer	libbz2.so.1	bzip2
MPlayer	libc.so.6	aaa_glibc-solibs
MPlayer	libc.so.6	glibc
MPlayer	libcaca.so.0	libcaca
MPlayer	libcairo.so.2	cairo
MPlayer	libcdio.so.21	libcdio
MPlayer	libcdio_cdda.so.2	libcdio-paranoia
MPlayer	libcdio_paranoia.so.2	libcdio-paranoia
MPlayer	libdvdnav.so.4	libdvdnav
MPlayer	libdvdread.so.8	libdvdread
MPlayer	libesd.so.0	esound
MPlayer	libfontconfig.so.1	fontconfig
MPlayer	libfreetype.so.6	freetype
MPlayer	libfribidi.so.0	fribidi
MPlayer	libgdk-x11-2.0.so.0	gtk+2
MPlayer	libgdk_pixbuf-2.0.so.0	gdk-pixbuf2
MPlayer	libgio-2.0.so.0	glib2
MPlayer	libglib-2.0.so.0	aaa_libraries
MPlayer	libglib-2.0.so.0	glib2
MPlayer	libgnutls.so.30	gnutls
MPlayer	libgobject-2.0.so.0	aaa_libraries
MPlayer	libgobject-2.0.so.0	glib2
MPlayer	libgtk-x11-2.0.so.0	gtk+2
MPlayer	libharfbuzz.so.0	harfbuzz
MPlayer	libjpeg.so.62	aaa_libraries
MPlayer	libjpeg.so.62	libjpeg-turbo
MPlayer	liblzo2.so.2	lzo
MPlayer	libm.so.6	aaa_glibc-solibs
MPlayer	libm.so.6	glibc
MPlayer	libmad.so.0	libmad
MPlayer	libmng.so.2	libmng
MPlayer	libmp3lame.so.0	lame
MPlayer	libmpg123.so.0	mpg123
MPlayer	libncursesw.so.6	aaa_libraries
MPlayer	libncursesw.so.6	ncurses
MPlayer	libogg.so.0	libogg
MPlayer	libopenal.so.1	openal-soft
MPlayer	libopus.so.0	opus
MPlayer	libpango-1.0.so.0	pango
MPlayer	libpangocairo-1.0.so.0	pango
MPlayer	libpangoft2-1.0.so.0	pango
MPlayer	libpng16.so.16	aaa_libraries
MPlayer	libpng16.so.16	libpng
MPlayer	libpulse.so.0	pulseaudio
MPlayer	libsmbclient.so.0	samba
MPlayer	libspeex.so.1	speex
MPlayer	libswresample.so.7	ffmpeg
MPlayer	libswscale.so.10	ffmpeg
MPlayer	libtheoradec.so.2	libtheora
MPlayer	libtinfo.so.6	aaa_libraries
MPlayer	libtinfo.so.6	ncurses
MPlayer	libvga.so.1	aaa_libraries
MPlayer	libvga.so.1	svgalib
MPlayer	libvorbis.so.0	libvorbis
MPlayer	libvorbisenc.so.2	libvorbis
MPlayer	libz.so.1	aaa_libraries
MPlayer	libz.so.1	zlib
ModemManager	libc.so.6	aaa_glibc-solibs
ModemManager	libc.so.6	glibc
ModemManager	libgio-2.0.so.0	glib2
ModemManager	libglib-2.0.so.0	aaa_libraries
ModemManager	libglib-2.0.so.0	glib2
ModemManager	libgmodule-2.0.so.0	aaa_libraries
ModemManager	libgmodule-2.0.so.0	glib2
ModemManager	libgobject-2.0.so.0	aaa_libraries
ModemManager	libgobject-2.0.so.0	glib2
ModemManager	libgudev-1.0.so.0	libgudev
ModemManager	libmbim-glib.so.4	libmbim
ModemManager	libpolkit-gobject-1.so.0	polkit
ModemManager	libqmi-glib.so.5	libqmi
ModemManager	libqrtr-glib.so.0	libqrtr-glib
NetworkManager	ld-linux-x86-64.so.2	aaa_glibc-solibs
NetworkManager	ld-linux-x86-64.so.2	glibc
NetworkManager	libc.so.6	aaa_glibc-solibs
NetworkManager	libc.so.6	glibc
NetworkManager	libcurl.so.4	aaa_libraries
NetworkManager	libcurl.so.4	curl
NetworkManager	libelogind.so.0	elogind
NetworkManager	libgio-2.0.so.0	glib2
NetworkManager	libglib-2.0.so.0	aaa_libraries
NetworkManager	libglib-2.0.so.0	glib2
NetworkManager	libgmodule-2.0.so.0	aaa_libraries
NetworkManager	libgmodule-2.0.so.0	glib2
NetworkManager	libgobject-2.0.so.0	aaa_libraries
NetworkManager	libgobject-2.0.so.0	glib2
NetworkManager	libjansson.so.4	jansson
NetworkManager	libmm-glib.so.0	ModemManager
NetworkManager	libndp.so.0	libndp
NetworkManager	libnewt.so.0.52	newt
NetworkManager	libnspr4.so	mozilla-nss
NetworkManager	libnss3.so	mozilla-nss
NetworkManager	libpsl.so.5	aaa_libraries
NetworkManager	libpsl.so.5	libpsl
NetworkManager	libreadline.so.8	aaa_libraries
NetworkManager	libreadline.so.8	readline
NetworkManager	libslang.so.2	aaa_libraries
NetworkManager	libslang.so.2	slang
NetworkManager	libsmime3.so	mozilla-nss
NetworkManager	libudev.so.1	aaa_libraries
NetworkManager	libudev.so.1	eudev
NetworkManager-openvpn	libatk-1.0.so.0	at-spi2-core
NetworkManager-openvpn	libc.so.6	aaa_glibc-solibs
NetworkManager-openvpn	libc.so.6	glibc
NetworkManager-openvpn	libcairo-gobject.so.2	cairo
NetworkManager-openvpn	libcairo.so.2	cairo
NetworkManager-openvpn	libgdk-3.so.0	gtk+3
NetworkManager-openvpn	libgdk_pixbuf-2.0.so.0	gdk-pixbuf2
NetworkManager-openvpn	libgio-2.0.so.0	glib2
NetworkManager-openvpn	libglib-2.0.so.0	aaa_libraries
NetworkManager-openvpn	libglib-2.0.so.0	glib2
NetworkManager-openvpn	libgmodule-2.0.so.0	aaa_libraries
NetworkManager-openvpn	libgmodule-2.0.so.0	glib2
NetworkManager-openvpn	libgobject-2.0.so.0	aaa_libraries
NetworkManager-openvpn	libgobject-2.0.so.0	glib2
NetworkManager-openvpn	libgtk-3.so.0	gtk+3
NetworkManager-openvpn	libharfbuzz.so.0	harfbuzz
NetworkManager-openvpn	libnm.so.0	NetworkManager
NetworkManager-openvpn	libnma.so.0	libnma
NetworkManager-openvpn	libpango-1.0.so.0	pango
NetworkManager-openvpn	libpangocairo-1.0.so.0	pango
NetworkManager-openvpn	libsecret-1.so.0	libsecret
NetworkManager-openvpn	libz.so.1	aaa_libraries
NetworkManager-openvpn	libz.so.1	zlib
OpenCC	ld-linux-x86-64.so.2	aaa_glibc-solibs
OpenCC	ld-linux-x86-64.so.2	glibc
OpenCC	libc.so.6	aaa_glibc-solibs
OpenCC	libc.so.6	glibc
OpenCC	libgcc_s.so.1	aaa_libraries
OpenCC	libgcc_s.so.1	gcc
OpenCC	libm.so.6	aaa_glibc-solibs
OpenCC	libm.so.6	glibc
OpenCC	libmarisa.so.0	marisa
OpenCC	libstdc++.so.6	aaa_libraries
OpenCC	libstdc++.so.6	gcc-g++
PyQt5	libGL.so.1	libglvnd
PyQt5	libQt5Bluetooth.so.5	qt5
PyQt5	libQt5Core.so.5	qt5
PyQt5	libQt5DBus.so.5	qt5
PyQt5	libQt5Designer.so.5	qt5
PyQt5	libQt5Gui.so.5	qt5
PyQt5	libQt5Help.so.5	qt5
PyQt5	libQt5Location.so.5	qt5
PyQt5	libQt5Multimedia.so.5	qt5
PyQt5	libQt5MultimediaWidgets.so.5	qt5
PyQt5	libQt5Network.so.5	qt5
PyQt5	libQt5Nfc.so.5	qt5
PyQt5	libQt5OpenGL.so.5	qt5
PyQt5	libQt5Positioning.so.5	qt5
PyQt5	libQt5PositioningQuick.so.5	qt5
PyQt5	libQt5PrintSupport.so.5	qt5
PyQt5	libQt5Qml.so.5	qt5
PyQt5	libQt5QmlModels.so.5	qt5
PyQt5	libQt5Quick.so.5	qt5
PyQt5	libQt5Quick3D.so.5	qt5
PyQt5	libQt5Quick3DAssetImport.so.5	qt5
PyQt5	libQt5Quick3DRender.so.5	qt5
PyQt5	libQt5Quick3DRuntimeRender.so.5	qt5
PyQt5	libQt5Quick3DUtils.so.5	qt5
PyQt5	libQt5QuickWidgets.so.5	qt5
PyQt5	libQt5RemoteObjects.so.5	qt5
PyQt5	libQt5Sensors.so.5	qt5
PyQt5	libQt5SerialPort.so.5	qt5
PyQt5	libQt5Sql.so.5	qt5
PyQt5	libQt5Svg.so.5	qt5
PyQt5	libQt5Test.so.5	qt5
PyQt5	libQt5TextToSpeech.so.5	qt5
PyQt5	libQt5WebChannel.so.5	qt5
PyQt5	libQt5WebSockets.so.5	qt5
PyQt5	libQt5Widgets.so.5	qt5
PyQt5	libQt5X11Extras.so.5	qt5
PyQt5	libQt5Xml.so.5	qt5
PyQt5	libQt5XmlPatterns.so.5	qt5
PyQt5	libc.so.6	aaa_glibc-solibs
PyQt5	libc.so.6	glibc
PyQt5	libdbus-1.so.3	dbus
PyQt5	libgcc_s.so.1	aaa_libraries
PyQt5	libgcc_s.so.1	gcc
PyQt5	libm.so.6	aaa_glibc-solibs
PyQt5	libm.so.6	glibc
PyQt5	libpython3.12.so.1.0	python3
PyQt5	libstdc++.so.6	aaa_libraries
PyQt5	libstdc++.so.6	gcc-g++
PyQt5_sip	libc.so.6	aaa_glibc-solibs
PyQt5_sip	libc.so.6	glibc
PyQt6	libGLX.so.0	libglvnd
PyQt6	libOpenGL.so.0	libglvnd
PyQt6	libQt6Bluetooth.so.6	qt6
PyQt6	libQt6Concurrent.so.6	qt6
PyQt6	libQt6Core.so.6	qt6
PyQt6	libQt6DBus.so.6	qt6
PyQt6	libQt6Designer.so.6	qt6
PyQt6	libQt6Gui.so.6	qt6
PyQt6	libQt6Help.so.6	qt6
PyQt6	libQt6Multimedia.so.6	qt6
PyQt6	libQt6MultimediaWidgets.so.6	qt6
PyQt6	libQt6Network.so.6	qt6
PyQt6	libQt6Nfc.so.6	qt6
PyQt6	libQt6OpenGL.so.6	qt6
PyQt6	libQt6OpenGLWidgets.so.6	qt6
PyQt6	libQt6Pdf.so.6	qt6
PyQt6	libQt6PdfWidgets.so.6	qt6
PyQt6	libQt6Positioning.so.6	qt6
PyQt6	libQt6PrintSupport.so.6	qt6
PyQt6	libQt6Qml.so.6	qt6
PyQt6	libQt6Quick.so.6	qt6
PyQt6	libQt6Quick3D.so.6	qt6
PyQt6	libQt6Quick3DRuntimeRender.so.6	qt6
PyQt6	libQt6Quick3DUtils.so.6	qt6
PyQt6	libQt6QuickWidgets.so.6	qt6
PyQt6	libQt6RemoteObjects.so.6	qt6
PyQt6	libQt6Sensors.so.6	qt6
PyQt6	libQt6SerialPort.so.6	qt6
PyQt6	libQt6ShaderTools.so.6	qt6
PyQt6	libQt6SpatialAudio.so.6	qt6
PyQt6	libQt6Sql.so.6	qt6
PyQt6	libQt6StateMachine.so.6	qt6
PyQt6	libQt6Svg.so.6	qt6
PyQt6	libQt6SvgWidgets.so.6	qt6
PyQt6	libQt6Test.so.6	qt6
PyQt6	libQt6TextToSpeech.so.6	qt6
PyQt6	libQt6WebChannel.so.6	qt6
PyQt6	libQt6WebSockets.so.6	qt6
PyQt6	libQt6Widgets.so.6	qt6
PyQt6	libQt6Xml.so.6	qt6
PyQt6	libc.so.6	aaa_glibc-solibs
PyQt6	libc.so.6	glibc
PyQt6	libdbus-1.so.3	dbus
PyQt6	libgcc_s.so.1	aaa_libraries
PyQt6	libgcc_s.so.1	gcc
PyQt6	libm.so.6	aaa_glibc-solibs
PyQt6	libm.so.6	glibc
PyQt6	libpython3.12.so.1.0	python3
PyQt6	libstdc++.so.6	aaa_libraries
PyQt6	libstdc++.so.6	gcc-g++
PyQt6_sip	libc.so.6	aaa_glibc-solibs
PyQt6_sip	libc.so.6	glibc
SDL2	libc.so.6	aaa_glibc-solibs
SDL2	libc.so.6	glibc
SDL2	libm.so.6	aaa_glibc-solibs
SDL2	libm.so.6	glibc
SDL2_gfx	libSDL2-2.0.so.0	SDL2
SDL2_gfx	libc.so.6	aaa_glibc-solibs
SDL2_gfx	libc.so.6	glibc
SDL2_image	libSDL2-2.0.so.0	SDL2
SDL2_image	libc.so.6	aaa_glibc-solibs
SDL2_image	libc.so.6	glibc
SDL2_image	libtiff.so.6	aaa_libraries
SDL2_image	libtiff.so.6	libtiff
SDL2_image	libwebp.so.7	libwebp
SDL2_image	libwebpdemux.so.2	libwebp
SDL2_mixer	libSDL2-2.0.so.0	SDL2
SDL2_mixer	libc.so.6	aaa_glibc-solibs
SDL2_mixer	libc.so.6	glibc
SDL2_mixer	libm.so.6	aaa_glibc-solibs
SDL2_mixer	libm.so.6	glibc
SDL2_net	libSDL2-2.0.so.0	SDL2
SDL2_net	libc.so.6	aaa_glibc-solibs
SDL2_net	libc.so.6	glibc
SDL2_ttf	libSDL2-2.0.so.0	SDL2
SDL2_ttf	libc.so.6	aaa_glibc-solibs
SDL2_ttf	libc.so.6	glibc
SDL2_ttf	libfreetype.so.6	freetype
SDL2_ttf	libharfbuzz.so.0	harfbuzz
SDL2_ttf	libm.so.6	aaa_glibc-solibs
SDL2_ttf	libm.so.6	glibc
SDL3	libc.so.6	aaa_glibc-solibs
SDL3	libc.so.6	glibc
SDL3	libm.so.6	aaa_glibc-solibs
SDL3	libm.so.6	glibc
SDL3_ttf	libSDL3.so.0	SDL3
SDL3_ttf	libc.so.6	aaa_glibc-solibs
SDL3_ttf	libc.so.6	glibc
SDL3_ttf	libfreetype.so.6	freetype
SDL3_ttf	libharfbuzz.so.0	harfbuzz
a2ps	libc.so.6	aaa_glibc-solibs
a2ps	libc.so.6	glibc
a2ps	libgc.so.1	gc
a2ps	libm.so.6	aaa_glibc-solibs
a2ps	libm.so.6	glibc
a2ps	libpaper.so.2	libpaper
a52dec	libc.so.6	aaa_glibc-solibs
a52dec	libc.so.6	glibc
a52dec	libm.so.6	aaa_glibc-solibs
a52dec	libm.so.6	glibc
aaa_glibc-solibs	ld-linux-x86-64.so.2	glibc
aaa_glibc-solibs	ld-linux.so.2	glibc
aaa_glibc-solibs	libCNS.so	glibc
aaa_glibc-solibs	libGB.so	glibc
aaa_glibc-solibs	libISOIR165.so	glibc
aaa_glibc-solibs	libJIS.so	glibc
aaa_glibc-solibs	libJISX0213.so	glibc
aaa_glibc-solibs	libKSC.so	glibc
aaa_glibc-solibs	libc.so.6	glibc
aaa_glibc-solibs	libm.so.6	glibc
aaa_glibc-solibs	libnss_files.so.2	glibc
aaa_glibc-solibs	libresolv.so.2	glibc
aaa_libraries	ld-linux-x86-64.so.2	aaa_glibc-solibs
aaa_libraries	ld-linux-x86-64.so.2	glibc
aaa_libraries	libOpenCL.so.1	ocl-icd
aaa_libraries	libX11.so.6	libX11
aaa_libraries	libXext.so.6	libXext
aaa_libraries	libXv.so.1	libXv
aaa_libraries	libaom.so.3	aom
aaa_libraries	libasound.so.2	alsa-lib
aaa_libraries	libass.so.9	libass
aaa_libraries	libavahi-client.so.3	avahi
aaa_libraries	libavahi-common.so.3	avahi
aaa_libraries	libbluray.so.4	libbluray
aaa_libraries	libbrotlidec.so.1	brotli
aaa_libraries	libbz2.so.1	bzip2
aaa_libraries	libc.so.6	aaa_glibc-solibs
aaa_libraries	libc.so.6	glibc
aaa_libraries	libcaca.so.0	libcaca
aaa_libraries	libcairo.so.2	cairo
aaa_libraries	libcares.so.2	c-ares
aaa_libraries	libcdio_cdda.so.2	libcdio-paranoia
aaa_libraries	libcdio_paranoia.so.2	libcdio-paranoia
aaa_libraries	libcom_err.so.2	e2fsprogs
aaa_libraries	libcrypt.so.2	aaa_glibc-solibs
aaa_libraries	libcrypt.so.2	glibc
aaa_libraries	libcrypto.so.3	openssl
aaa_libraries	libcrypto.so.3	openssl-solibs
aaa_libraries	libcups.so.2	cups
aaa_libraries	libdav1d.so.7	dav1d
aaa_libraries	libdeflate.so.0	libdeflate
aaa_libraries	libdl.so.2	aaa_glibc-solibs
aaa_libraries	libdl.so.2	glibc
aaa_libraries	libdrm.so.2	libdrm
aaa_libraries	libffi.so.8	libffi
aaa_libraries	libfontconfig.so.1	fontconfig
aaa_libraries	libformw.so.6	ncurses
aaa_libraries	libfreetype.so.6	freetype
aaa_libraries	libgcc_s.so.1	gcc
aaa_libraries	libgcrypt.so.20	libgcrypt
aaa_libraries	libglib-2.0.so.0	glib2
aaa_libraries	libgmp.so.10	gmp
aaa_libraries	libgnutls.so.30	gnutls
aaa_libraries	libgobject-2.0.so.0	glib2
aaa_libraries	libgssapi_krb5.so.2	krb5
aaa_libraries	libicudata.so.78	icu4c
aaa_libraries	libicui18n.so.78	icu4c
aaa_libraries	libicuuc.so.78	icu4c
aaa_libraries	libidn2.so.0	libidn2
aaa_libraries	libjpeg.so.62	libjpeg-turbo
aaa_libraries	libk5crypto.so.3	krb5
aaa_libraries	libkeyutils.so.1	keyutils
aaa_libraries	libkrb5.so.3	krb5
aaa_libraries	libkrb5support.so.0	krb5
aaa_libraries	liblber.so.2	openldap
aaa_libraries	liblcms2.so.2	lcms2
aaa_libraries	libldap.so.2	openldap
aaa_libraries	liblzma.so.5	xz
aaa_libraries	libm.so.6	aaa_glibc-solibs
aaa_libraries	libm.so.6	glibc
aaa_libraries	libmenuw.so.6	ncurses
aaa_libraries	libmp3lame.so.0	lame
aaa_libraries	libmpfr.so.6	mpfr
aaa_libraries	libncursesw.so.6	ncurses
aaa_libraries	libnghttp2.so.14	nghttp2
aaa_libraries	libnghttp3.so.9	nghttp3
aaa_libraries	libngtcp2.so.16	ngtcp2
aaa_libraries	libngtcp2_crypto_ossl.so.0	ngtcp2
aaa_libraries	libnsl.so.3	libnsl
aaa_libraries	libopenal.so.1	openal-soft
aaa_libraries	libopenjp2.so.7	openjpeg
aaa_libraries	libopus.so.0	opus
aaa_libraries	libpanelw.so.6	ncurses
aaa_libraries	libpcre.so.1	pcre
aaa_libraries	libpcre2-8.so.0	pcre2
aaa_libraries	libplacebo.so.360	libplacebo
aaa_libraries	libpsl.so.5	libpsl
aaa_libraries	libpthread.so.0	aaa_glibc-solibs
aaa_libraries	libpthread.so.0	glibc
aaa_libraries	libpulse.so.0	pulseaudio
aaa_libraries	libquadmath.so.0	gcc
aaa_libraries	libresolv.so.2	aaa_glibc-solibs
aaa_libraries	libresolv.so.2	glibc
aaa_libraries	librsvg-2.so.2	librsvg
aaa_libraries	libsasl2.so.3	cyrus-sasl
aaa_libraries	libshaderc_shared.so.1	vulkan-sdk
aaa_libraries	libsmbclient.so.0	samba
aaa_libraries	libspeex.so.1	speex
aaa_libraries	libssh.so.4	libssh
aaa_libraries	libssh2.so.1	libssh2
aaa_libraries	libssl.so.3	openssl
aaa_libraries	libssl.so.3	openssl-solibs
aaa_libraries	libstdc++.so.6	gcc-g++
aaa_libraries	libtheoradec.so.2	libtheora
aaa_libraries	libtheoraenc.so.2	libtheora
aaa_libraries	libtiff.so.6	libtiff
aaa_libraries	libtinfo.so.6	ncurses
aaa_libraries	libtirpc.so.3	libtirpc
aaa_libraries	libudev.so.1	eudev
aaa_libraries	libunistring.so.5	libunistring
aaa_libraries	libv4l2.so.0	v4l-utils
aaa_libraries	libva-drm.so.2	libva
aaa_libraries	libva-x11.so.2	libva
aaa_libraries	libva.so.2	libva
aaa_libraries	libvdpau.so.1	libvdpau
aaa_libraries	libvidstab.so.1.2	vid.stab
aaa_libraries	libvorbis.so.0	libvorbis
aaa_libraries	libvorbisenc.so.2	libvorbis
aaa_libraries	libvpx.so.12	libvpx
aaa_libraries	libwebp.so.7	libwebp
aaa_libraries	libwebpmux.so.3	libwebp
aaa_libraries	libxcb-shape.so.0	libxcb
aaa_libraries	libxcb-shm.so.0	libxcb
aaa_libraries	libxcb-xfixes.so.0	libxcb
aaa_libraries	libxcb.so.1	libxcb
aaa_libraries	libxml2.so.16	libxml2
aaa_libraries	libz.so.1	zlib
aaa_libraries	libzstd.so.1	zstd
aalib	libX11.so.6	libX11
aalib	libc.so.6	aaa_glibc-solibs
aalib	libc.so.6	glibc
aalib	libgpm.so.2	aaa_libraries
aalib	libgpm.so.2	gpm
aalib	libm.so.6	aaa_glibc-solibs
aalib	libm.so.6	glibc
aalib	libslang.so.2	aaa_libraries
aalib	libslang.so.2	slang
abseil-cpp	ld-linux-x86-64.so.2	aaa_glibc-solibs
abseil-cpp	ld-linux-x86-64.so.2	glibc
abseil-cpp	libc.so.6	aaa_glibc-solibs
abseil-cpp	libc.so.6	glibc
abseil-cpp	libgcc_s.so.1	aaa_libraries
abseil-cpp	libgcc_s.so.1	gcc
abseil-cpp	libm.so.6	aaa_glibc-solibs
abseil-cpp	libm.so.6	glibc
abseil-cpp	libstdc++.so.6	aaa_libraries
abseil-cpp	libstdc++.so.6	gcc-g++
accessibility-inspector	libGLX.so.0	libglvnd
accessibility-inspector	libKF6ColorScheme.so.6	kcolorscheme
accessibility-inspector	libKF6ConfigCore.so.6	kconfig
accessibility-inspector	libKF6ConfigGui.so.6	kconfig
accessibility-inspector	libKF6ConfigWidgets.so.6	kconfigwidgets
accessibility-inspector	libKF6CoreAddons.so.6	kcoreaddons
accessibility-inspector	libKF6Crash.so.6	kcrash
accessibility-inspector	libKF6DBusAddons.so.6	kdbusaddons
accessibility-inspector	libKF6GuiAddons.so.6	kguiaddons
accessibility-inspector	libKF6I18n.so.6	ki18n
accessibility-inspector	libKF6WidgetsAddons.so.6	kwidgetsaddons
accessibility-inspector	libKF6XmlGui.so.6	kxmlgui
accessibility-inspector	libOpenGL.so.0	libglvnd
accessibility-inspector	libQt6Core.so.6	qt6
accessibility-inspector	libQt6DBus.so.6	qt6
accessibility-inspector	libQt6Gui.so.6	qt6
accessibility-inspector	libQt6Widgets.so.6	qt6
accessibility-inspector	libQt6Xml.so.6	qt6
accessibility-inspector	libc.so.6	aaa_glibc-solibs
accessibility-inspector	libc.so.6	glibc
accessibility-inspector	libgcc_s.so.1	aaa_libraries
accessibility-inspector	libgcc_s.so.1	gcc
accessibility-inspector	libm.so.6	aaa_glibc-solibs
accessibility-inspector	libm.so.6	glibc
accessibility-inspector	libqaccessibilityclient-qt6.so.0	libqaccessibilityclient
accessibility-inspector	libstdc++.so.6	aaa_libraries
accessibility-inspector	libstdc++.so.6	gcc-g++
accountsservice	libc.so.6	aaa_glibc-solibs
accountsservice	libc.so.6	glibc
accountsservice	libcrypt.so.2	aaa_glibc-solibs
accountsservice	libcrypt.so.2	glibc
accountsservice	libelogind.so.0	elogind
accountsservice	libgio-2.0.so.0	glib2
accountsservice	libglib-2.0.so.0	aaa_libraries
accountsservice	libglib-2.0.so.0	glib2
accountsservice	libgobject-2.0.so.0	aaa_libraries
accountsservice	libgobject-2.0.so.0	glib2
accountsservice	libjson-c.so.5	aaa_libraries
accountsservice	libjson-c.so.5	json-c
accountsservice	libpolkit-gobject-1.so.0	polkit
acct	libc.so.6	aaa_glibc-solibs
acct	libc.so.6	glibc
acct	libm.so.6	aaa_glibc-solibs
acct	libm.so.6	glibc
acl	libacl.so.1	aaa_libraries
acl	libc.so.6	aaa_glibc-solibs
acl	libc.so.6	glibc
acpi	libc.so.6	aaa_glibc-solibs
acpi	libc.so.6	glibc
acpid	libc.so.6	aaa_glibc-solibs
acpid	libc.so.6	glibc
aha	libc.so.6	aaa_glibc-solibs
aha	libc.so.6	glibc
akonadi	ld-linux-x86-64.so.2	aaa_glibc-solibs
akonadi	ld-linux-x86-64.so.2	glibc
akonadi	libGLX.so.0	libglvnd
akonadi	libKF6ColorScheme.so.6	kcolorscheme
akonadi	libKF6ConfigCore.so.6	kconfig
akonadi	libKF6ConfigGui.so.6	kconfig
akonadi	libKF6ConfigWidgets.so.6	kconfigwidgets
akonadi	libKF6CoreAddons.so.6	kcoreaddons
akonadi	libKF6Crash.so.6	kcrash
akonadi	libKF6GuiAddons.so.6	kguiaddons
akonadi	libKF6I18n.so.6	ki18n
akonadi	libKF6IconThemes.so.6	kiconthemes
akonadi	libKF6IconWidgets.so.6	kiconthemes
akonadi	libKF6ItemModels.so.6	kitemmodels
akonadi	libKF6WidgetsAddons.so.6	kwidgetsaddons
akonadi	libKF6XmlGui.so.6	kxmlgui
akonadi	libOpenGL.so.0	libglvnd
akonadi	libQt6Core.so.6	qt6
akonadi	libQt6DBus.so.6	qt6
akonadi	libQt6Gui.so.6	qt6
akonadi	libQt6Network.so.6	qt6
akonadi	libQt6Qml.so.6	qt6
akonadi	libQt6Sql.so.6	qt6
akonadi	libQt6Widgets.so.6	qt6
akonadi	libQt6Xml.so.6	qt6
akonadi	libc.so.6	aaa_glibc-solibs
akonadi	libc.so.6	glibc
akonadi	libgcc_s.so.1	aaa_libraries
akonadi	libgcc_s.so.1	gcc
akonadi	liblzma.so.5	aaa_libraries
akonadi	liblzma.so.5	xz
akonadi	libm.so.6	aaa_glibc-solibs
akonadi	libm.so.6	glibc
akonadi	libstdc++.so.6	aaa_libraries
akonadi	libstdc++.so.6	gcc-g++
akonadi	libxml2.so.16	libxml2
akonadi-calendar	libGLX.so.0	libglvnd
akonadi-calendar	libKF6CalendarCore.so.6	kcalendarcore
akonadi-calendar	libKF6Codecs.so.6	kcodecs
akonadi-calendar	libKF6ColorScheme.so.6	kcolorscheme
akonadi-calendar	libKF6Completion.so.6	kcompletion
akonadi-calendar	libKF6ConfigCore.so.6	kconfig
akonadi-calendar	libKF6ConfigGui.so.6	kconfig
akonadi-calendar	libKF6ConfigWidgets.so.6	kconfigwidgets
akonadi-calendar	libKF6Contacts.so.6	kcontacts
akonadi-calendar	libKF6CoreAddons.so.6	kcoreaddons
akonadi-calendar	libKF6Crash.so.6	kcrash
akonadi-calendar	libKF6DBusAddons.so.6	kdbusaddons
akonadi-calendar	libKF6GuiAddons.so.6	kguiaddons
akonadi-calendar	libKF6I18n.so.6	ki18n
akonadi-calendar	libKF6ItemModels.so.6	kitemmodels
akonadi-calendar	libKF6JobWidgets.so.6	kjobwidgets
akonadi-calendar	libKF6KIOCore.so.6	kio
akonadi-calendar	libKF6KIOGui.so.6	kio
akonadi-calendar	libKF6Mime.so.6	kmime
akonadi-calendar	libKF6Notifications.so.6	knotifications
akonadi-calendar	libKF6Service.so.6	kservice
akonadi-calendar	libKF6SonnetUi.so.6	sonnet
akonadi-calendar	libKF6SyntaxHighlighting.so.6	syntax-highlighting
akonadi-calendar	libKF6TextAddonsWidgets.so.1	ktextaddons
akonadi-calendar	libKF6TextAutoCorrectionCore.so.1	ktextaddons
akonadi-calendar	libKF6TextAutoCorrectionWidgets.so.1	ktextaddons
akonadi-calendar	libKF6TextCustomEditor.so.1	ktextaddons
akonadi-calendar	libKF6TextTemplate.so.6	ktexttemplate
akonadi-calendar	libKF6WidgetsAddons.so.6	kwidgetsaddons
akonadi-calendar	libKF6XmlGui.so.6	kxmlgui
akonadi-calendar	libKPim6AkonadiContactCore.so.6	akonadi-contacts
akonadi-calendar	libKPim6AkonadiContactWidgets.so.6	akonadi-contacts
akonadi-calendar	libKPim6AkonadiCore.so.6	akonadi
akonadi-calendar	libKPim6AkonadiMime.so.6	akonadi-mime
akonadi-calendar	libKPim6AkonadiPrivate.so.6	akonadi
akonadi-calendar	libKPim6AkonadiWidgets.so.6	akonadi
akonadi-calendar	libKPim6CalendarUtils.so.6	kcalutils
akonadi-calendar	libKPim6GrantleeTheme.so.6	grantleetheme
akonadi-calendar	libKPim6IMAP.so.6	kimap
akonadi-calendar	libKPim6IdentityManagementCore.so.6	kidentitymanagement
akonadi-calendar	libKPim6IdentityManagementWidgets.so.6	kidentitymanagement
akonadi-calendar	libKPim6Libkdepim.so.6	libkdepim
akonadi-calendar	libKPim6Libkleo.so.6	libkleo
akonadi-calendar	libKPim6MailTransport.so.6	kmailtransport
akonadi-calendar	libKPim6MessageComposer.so.6	messagelib
akonadi-calendar	libKPim6MessageCore.so.6	messagelib
akonadi-calendar	libKPim6MessageList.so.6	messagelib
akonadi-calendar	libKPim6MimeTreeParser.so.6	messagelib
akonadi-calendar	libKPim6PimCommon.so.6	pimcommon
akonadi-calendar	libKPim6PimCommonAkonadi.so.6	pimcommon
akonadi-calendar	libKPim6TextEdit.so.6	kpimtextedit
akonadi-calendar	libOpenGL.so.0	libglvnd
akonadi-calendar	libQt6Core.so.6	qt6
akonadi-calendar	libQt6DBus.so.6	qt6
akonadi-calendar	libQt6Gui.so.6	qt6
akonadi-calendar	libQt6Network.so.6	qt6
akonadi-calendar	libQt6Widgets.so.6	qt6
akonadi-calendar	libQt6Xml.so.6	qt6
akonadi-calendar	libc.so.6	aaa_glibc-solibs
akonadi-calendar	libc.so.6	glibc
akonadi-calendar	libgcc_s.so.1	aaa_libraries
akonadi-calendar	libgcc_s.so.1	gcc
akonadi-calendar	libgpg-error.so.0	aaa_libraries
akonadi-calendar	libgpg-error.so.0	libgpg-error
akonadi-calendar	libgpgme.so.45	gpgme
akonadi-calendar	libgpgmepp.so.7	gpgmepp
akonadi-calendar	libm.so.6	aaa_glibc-solibs
akonadi-calendar	libm.so.6	glibc
akonadi-calendar	libqgpgmeqt6.so.15	qgpgme
akonadi-calendar	libstdc++.so.6	aaa_libraries
akonadi-calendar	libstdc++.so.6	gcc-g++
akonadi-calendar-tools	libGLX.so.0	libglvnd
akonadi-calendar-tools	libKF6CalendarCore.so.6	kcalendarcore
akonadi-calendar-tools	libKF6ColorScheme.so.6	kcolorscheme
akonadi-calendar-tools	libKF6ConfigCore.so.6	kconfig
akonadi-calendar-tools	libKF6ConfigGui.so.6	kconfig
akonadi-calendar-tools	libKF6ConfigWidgets.so.6	kconfigwidgets
akonadi-calendar-tools	libKF6CoreAddons.so.6	kcoreaddons
akonadi-calendar-tools	libKF6I18n.so.6	ki18n
akonadi-calendar-tools	libKF6ItemModels.so.6	kitemmodels
akonadi-calendar-tools	libKF6Mime.so.6	kmime
akonadi-calendar-tools	libKF6WidgetsAddons.so.6	kwidgetsaddons
akonadi-calendar-tools	libKPim6AkonadiCalendar.so.6	akonadi-calendar
akonadi-calendar-tools	libKPim6AkonadiCalendarCore.so.6	akonadi-calendar
akonadi-calendar-tools	libKPim6AkonadiCore.so.6	akonadi
akonadi-calendar-tools	libKPim6AkonadiPrivate.so.6	akonadi
akonadi-calendar-tools	libKPim6AkonadiWidgets.so.6	akonadi
akonadi-calendar-tools	libKPim6CalendarSupport.so.6	calendarsupport
akonadi-calendar-tools	libKPim6IdentityManagementCore.so.6	kidentitymanagement
akonadi-calendar-tools	libOpenGL.so.0	libglvnd
akonadi-calendar-tools	libQt6Core.so.6	qt6
akonadi-calendar-tools	libQt6DBus.so.6	qt6
akonadi-calendar-tools	libQt6Gui.so.6	qt6
akonadi-calendar-tools	libQt6PrintSupport.so.6	qt6
akonadi-calendar-tools	libQt6Widgets.so.6	qt6
akonadi-calendar-tools	libc.so.6	aaa_glibc-solibs
akonadi-calendar-tools	libc.so.6	glibc
akonadi-calendar-tools	libgcc_s.so.1	aaa_libraries
akonadi-calendar-tools	libgcc_s.so.1	gcc
akonadi-calendar-tools	libm.so.6	aaa_glibc-solibs
akonadi-calendar-tools	libm.so.6	glibc
akonadi-calendar-tools	libstdc++.so.6	aaa_libraries
akonadi-calendar-tools	libstdc++.so.6	gcc-g++
akonadi-contacts	libGLX.so.0	libglvnd
akonadi-contacts	libKF6Codecs.so.6	kcodecs
akonadi-contacts	libKF6ColorScheme.so.6	kcolorscheme
akonadi-contacts	libKF6Completion.so.6	kcompletion
akonadi-contacts	libKF6ConfigCore.so.6	kconfig
akonadi-contacts	libKF6ConfigGui.so.6	kconfig
akonadi-contacts	libKF6ConfigWidgets.so.6	kconfigwidgets
akonadi-contacts	libKF6Contacts.so.6	kcontacts
akonadi-contacts	libKF6CoreAddons.so.6	kcoreaddons
akonadi-contacts	libKF6GuiAddons.so.6	kguiaddons
akonadi-contacts	libKF6I18n.so.6	ki18n
akonadi-contacts	libKF6I18nLocaleData.so.6	ki18n
akonadi-contacts	libKF6IconThemes.so.6	kiconthemes
akonadi-contacts	libKF6ItemModels.so.6	kitemmodels
akonadi-contacts	libKF6JobWidgets.so.6	kjobwidgets
akonadi-contacts	libKF6KIOCore.so.6	kio
akonadi-contacts	libKF6KIOGui.so.6	kio
akonadi-contacts	libKF6KIOWidgets.so.6	kio
akonadi-contacts	libKF6Mime.so.6	kmime
akonadi-contacts	libKF6Prison.so.6	prison
akonadi-contacts	libKF6Service.so.6	kservice
akonadi-contacts	libKF6SonnetUi.so.6	sonnet
akonadi-contacts	libKF6SyntaxHighlighting.so.6	syntax-highlighting
akonadi-contacts	libKF6TextTemplate.so.6	ktexttemplate
akonadi-contacts	libKF6TextUtils.so.1	ktextaddons
akonadi-contacts	libKF6TextWidgets.so.6	ktextwidgets
akonadi-contacts	libKF6WidgetsAddons.so.6	kwidgetsaddons
akonadi-contacts	libKF6XmlGui.so.6	kxmlgui
akonadi-contacts	libKPim6AkonadiCore.so.6	akonadi
akonadi-contacts	libKPim6AkonadiPrivate.so.6	akonadi
akonadi-contacts	libKPim6AkonadiWidgets.so.6	akonadi
akonadi-contacts	libKPim6GrantleeTheme.so.6	grantleetheme
akonadi-contacts	libOpenGL.so.0	libglvnd
akonadi-contacts	libQt6Core.so.6	qt6
akonadi-contacts	libQt6DBus.so.6	qt6
akonadi-contacts	libQt6Gui.so.6	qt6
akonadi-contacts	libQt6Network.so.6	qt6
akonadi-contacts	libQt6Widgets.so.6	qt6
akonadi-contacts	libQt6Xml.so.6	qt6
akonadi-contacts	libc.so.6	aaa_glibc-solibs
akonadi-contacts	libc.so.6	glibc
akonadi-contacts	libgcc_s.so.1	aaa_libraries
akonadi-contacts	libgcc_s.so.1	gcc
akonadi-contacts	libm.so.6	aaa_glibc-solibs
akonadi-contacts	libm.so.6	glibc
akonadi-contacts	libstdc++.so.6	aaa_libraries
akonadi-contacts	libstdc++.so.6	gcc-g++
akonadi-import-wizard	libGLX.so.0	libglvnd
akonadi-import-wizard	libKF6Archive.so.6	karchive
akonadi-import-wizard	libKF6ColorScheme.so.6	kcolorscheme
akonadi-import-wizard	libKF6Completion.so.6	kcompletion
akonadi-import-wizard	libKF6ConfigCore.so.6	kconfig
akonadi-import-wizard	libKF6ConfigGui.so.6	kconfig
akonadi-import-wizard	libKF6ConfigWidgets.so.6	kconfigwidgets
akonadi-import-wizard	libKF6Contacts.so.6	kcontacts
akonadi-import-wizard	libKF6CoreAddons.so.6	kcoreaddons
akonadi-import-wizard	libKF6Crash.so.6	kcrash
akonadi-import-wizard	libKF6DBusAddons.so.6	kdbusaddons
akonadi-import-wizard	libKF6GuiAddons.so.6	kguiaddons
akonadi-import-wizard	libKF6I18n.so.6	ki18n
akonadi-import-wizard	libKF6IconThemes.so.6	kiconthemes
akonadi-import-wizard	libKF6ItemModels.so.6	kitemmodels
akonadi-import-wizard	libKF6KIOCore.so.6	kio
akonadi-import-wizard	libKF6Mime.so.6	kmime
akonadi-import-wizard	libKF6Service.so.6	kservice
akonadi-import-wizard	libKF6SonnetUi.so.6	sonnet
akonadi-import-wizard	libKF6SyntaxHighlighting.so.6	syntax-highlighting
akonadi-import-wizard	libKF6TextAddonsWidgets.so.1	ktextaddons
akonadi-import-wizard	libKF6TextAutoCorrectionCore.so.1	ktextaddons
akonadi-import-wizard	libKF6TextAutoCorrectionWidgets.so.1	ktextaddons
akonadi-import-wizard	libKF6TextCustomEditor.so.1	ktextaddons
akonadi-import-wizard	libKF6TextTemplate.so.6	ktexttemplate
akonadi-import-wizard	libKF6WidgetsAddons.so.6	kwidgetsaddons
akonadi-import-wizard	libKF6XmlGui.so.6	kxmlgui
akonadi-import-wizard	libKPim6AkonadiContactCore.so.6	akonadi-contacts
akonadi-import-wizard	libKPim6AkonadiContactWidgets.so.6	akonadi-contacts
akonadi-import-wizard	libKPim6AkonadiCore.so.6	akonadi
akonadi-import-wizard	libKPim6AkonadiMime.so.6	akonadi-mime
akonadi-import-wizard	libKPim6AkonadiPrivate.so.6	akonadi
akonadi-import-wizard	libKPim6AkonadiWidgets.so.6	akonadi
akonadi-import-wizard	libKPim6GrantleeTheme.so.6	grantleetheme
akonadi-import-wizard	libKPim6IMAP.so.6	kimap
akonadi-import-wizard	libKPim6IdentityManagementCore.so.6	kidentitymanagement
akonadi-import-wizard	libKPim6IdentityManagementWidgets.so.6	kidentitymanagement
akonadi-import-wizard	libKPim6Libkdepim.so.6	libkdepim
akonadi-import-wizard	libKPim6Libkleo.so.6	libkleo
akonadi-import-wizard	libKPim6MailCommon.so.6	mailcommon
akonadi-import-wizard	libKPim6MailImporter.so.6	mailimporter
akonadi-import-wizard	libKPim6MailImporterAkonadi.so.6	mailimporter
akonadi-import-wizard	libKPim6MailTransport.so.6	kmailtransport
akonadi-import-wizard	libKPim6MessageComposer.so.6	messagelib
akonadi-import-wizard	libKPim6MessageCore.so.6	messagelib
akonadi-import-wizard	libKPim6MessageList.so.6	messagelib
akonadi-import-wizard	libKPim6MessageViewer.so.6	messagelib
akonadi-import-wizard	libKPim6MimeTreeParser.so.6	messagelib
akonadi-import-wizard	libKPim6PimCommon.so.6	pimcommon
akonadi-import-wizard	libKPim6PimCommonAkonadi.so.6	pimcommon
akonadi-import-wizard	libKPim6TextEdit.so.6	kpimtextedit
akonadi-import-wizard	libOpenGL.so.0	libglvnd
akonadi-import-wizard	libQt6Core.so.6	qt6
akonadi-import-wizard	libQt6DBus.so.6	qt6
akonadi-import-wizard	libQt6Gui.so.6	qt6
akonadi-import-wizard	libQt6Network.so.6	qt6
akonadi-import-wizard	libQt6Widgets.so.6	qt6
akonadi-import-wizard	libQt6Xml.so.6	qt6
akonadi-import-wizard	libc.so.6	aaa_glibc-solibs
akonadi-import-wizard	libc.so.6	glibc
akonadi-import-wizard	libgcc_s.so.1	aaa_libraries
akonadi-import-wizard	libgcc_s.so.1	gcc
akonadi-import-wizard	libgpg-error.so.0	aaa_libraries
akonadi-import-wizard	libgpg-error.so.0	libgpg-error
akonadi-import-wizard	libgpgme.so.45	gpgme
akonadi-import-wizard	libgpgmepp.so.7	gpgmepp
akonadi-import-wizard	libm.so.6	aaa_glibc-solibs
akonadi-import-wizard	libm.so.6	glibc
akonadi-import-wizard	libqgpgmeqt6.so.15	qgpgme
akonadi-import-wizard	libqt6keychain.so.1	qtkeychain
akonadi-import-wizard	libstdc++.so.6	aaa_libraries
akonadi-import-wizard	libstdc++.so.6	gcc-g++
akonadi-mime	ld-linux-x86-64.so.2	aaa_glibc-solibs
akonadi-mime	ld-linux-x86-64.so.2	glibc
akonadi-mime	libGLX.so.0	libglvnd
akonadi-mime	libKF6ColorScheme.so.6	kcolorscheme
akonadi-mime	libKF6ConfigCore.so.6	kconfig
akonadi-mime	libKF6ConfigGui.so.6	kconfig
akonadi-mime	libKF6ConfigWidgets.so.6	kconfigwidgets
akonadi-mime	libKF6CoreAddons.so.6	kcoreaddons
akonadi-mime	libKF6GuiAddons.so.6	kguiaddons
akonadi-mime	libKF6I18n.so.6	ki18n
akonadi-mime	libKF6ItemModels.so.6	kitemmodels
akonadi-mime	libKF6KIOCore.so.6	kio
akonadi-mime	libKF6Mime.so.6	kmime
akonadi-mime	libKF6WidgetsAddons.so.6	kwidgetsaddons
akonadi-mime	libKF6XmlGui.so.6	kxmlgui
akonadi-mime	libKPim6AkonadiCore.so.6	akonadi
akonadi-mime	libKPim6AkonadiPrivate.so.6	akonadi
akonadi-mime	libKPim6AkonadiWidgets.so.6	akonadi
akonadi-mime	libOpenGL.so.0	libglvnd
akonadi-mime	libQt6Core.so.6	qt6
akonadi-mime	libQt6DBus.so.6	qt6
akonadi-mime	libQt6Gui.so.6	qt6
akonadi-mime	libQt6Network.so.6	qt6
akonadi-mime	libQt6Qml.so.6	qt6
akonadi-mime	libQt6Widgets.so.6	qt6
akonadi-mime	libQt6Xml.so.6	qt6
akonadi-mime	libc.so.6	aaa_glibc-solibs
akonadi-mime	libc.so.6	glibc
akonadi-mime	libgcc_s.so.1	aaa_libraries
akonadi-mime	libgcc_s.so.1	gcc
akonadi-mime	libm.so.6	aaa_glibc-solibs
akonadi-mime	libm.so.6	glibc
akonadi-mime	libstdc++.so.6	aaa_libraries
akonadi-mime	libstdc++.so.6	gcc-g++
akonadi-search	ld-linux-x86-64.so.2	aaa_glibc-solibs
akonadi-search	ld-linux-x86-64.so.2	glibc
akonadi-search	libGLX.so.0	libglvnd
akonadi-search	libKF6CalendarCore.so.6	kcalendarcore
akonadi-search	libKF6Codecs.so.6	kcodecs
akonadi-search	libKF6ColorScheme.so.6	kcolorscheme
akonadi-search	libKF6Completion.so.6	kcompletion
akonadi-search	libKF6ConfigCore.so.6	kconfig
akonadi-search	libKF6ConfigGui.so.6	kconfig
akonadi-search	libKF6ConfigWidgets.so.6	kconfigwidgets
akonadi-search	libKF6Contacts.so.6	kcontacts
akonadi-search	libKF6CoreAddons.so.6	kcoreaddons
akonadi-search	libKF6I18n.so.6	ki18n
akonadi-search	libKF6ItemModels.so.6	kitemmodels
akonadi-search	libKF6KCMUtils.so.6	kcmutils
akonadi-search	libKF6KCMUtilsCore.so.6	kcmutils
akonadi-search	libKF6KCMUtilsQuick.so.6	kcmutils
akonadi-search	libKF6Mime.so.6	kmime
akonadi-search	libKF6Runner.so.6	krunner
akonadi-search	libKF6SyntaxHighlighting.so.6	syntax-highlighting
akonadi-search	libKF6TextUtils.so.1	ktextaddons
akonadi-search	libKF6WidgetsAddons.so.6	kwidgetsaddons
akonadi-search	libKPim6AkonadiAgentBase.so.6	akonadi
akonadi-search	libKPim6AkonadiCore.so.6	akonadi
akonadi-search	libKPim6AkonadiMime.so.6	akonadi-mime
akonadi-search	libKPim6AkonadiPrivate.so.6	akonadi
akonadi-search	libOpenGL.so.0	libglvnd
akonadi-search	libQt6Core.so.6	qt6
akonadi-search	libQt6DBus.so.6	qt6
akonadi-search	libQt6Gui.so.6	qt6
akonadi-search	libQt6Network.so.6	qt6
akonadi-search	libQt6Qml.so.6	qt6
akonadi-search	libQt6Widgets.so.6	qt6
akonadi-search	libc.so.6	aaa_glibc-solibs
akonadi-search	libc.so.6	glibc
akonadi-search	libgcc_s.so.1	aaa_libraries
akonadi-search	libgcc_s.so.1	gcc
akonadi-search	libm.so.6	aaa_glibc-solibs
akonadi-search	libm.so.6	glibc
akonadi-search	libstdc++.so.6	aaa_libraries
akonadi-search	libstdc++.so.6	gcc-g++
akonadi-search	libxapian.so.45	xapian-core
akonadiconsole	libGLX.so.0	libglvnd
akonadiconsole	libKF6CalendarCore.so.6	kcalendarcore
akonadiconsole	libKF6ColorScheme.so.6	kcolorscheme
akonadiconsole	libKF6Completion.so.6	kcompletion
akonadiconsole	libKF6ConfigCore.so.6	kconfig
akonadiconsole	libKF6ConfigGui.so.6	kconfig
akonadiconsole	libKF6ConfigWidgets.so.6	kconfigwidgets
akonadiconsole	libKF6Contacts.so.6	kcontacts
akonadiconsole	libKF6CoreAddons.so.6	kcoreaddons
akonadiconsole	libKF6Crash.so.6	kcrash
akonadiconsole	libKF6DBusAddons.so.6	kdbusaddons
akonadiconsole	libKF6GuiAddons.so.6	kguiaddons
akonadiconsole	libKF6I18n.so.6	ki18n
akonadiconsole	libKF6ItemModels.so.6	kitemmodels
akonadiconsole	libKF6ItemViews.so.6	kitemviews
akonadiconsole	libKF6KIOCore.so.6	kio
akonadiconsole	libKF6Mime.so.6	kmime
akonadiconsole	libKF6Service.so.6	kservice
akonadiconsole	libKF6SonnetUi.so.6	sonnet
akonadiconsole	libKF6SyntaxHighlighting.so.6	syntax-highlighting
akonadiconsole	libKF6TextAddonsWidgets.so.1	ktextaddons
akonadiconsole	libKF6TextAutoCorrectionCore.so.1	ktextaddons
akonadiconsole	libKF6TextAutoCorrectionWidgets.so.1	ktextaddons
akonadiconsole	libKF6TextCustomEditor.so.1	ktextaddons
akonadiconsole	libKF6TextTemplate.so.6	ktexttemplate
akonadiconsole	libKF6TextWidgets.so.6	ktextwidgets
akonadiconsole	libKF6WidgetsAddons.so.6	kwidgetsaddons
akonadiconsole	libKF6XmlGui.so.6	kxmlgui
akonadiconsole	libKPim6AkonadiCalendar.so.6	akonadi-calendar
akonadiconsole	libKPim6AkonadiCalendarCore.so.6	akonadi-calendar
akonadiconsole	libKPim6AkonadiContactCore.so.6	akonadi-contacts
akonadiconsole	libKPim6AkonadiContactWidgets.so.6	akonadi-contacts
akonadiconsole	libKPim6AkonadiCore.so.6	akonadi
akonadiconsole	libKPim6AkonadiMime.so.6	akonadi-mime
akonadiconsole	libKPim6AkonadiPrivate.so.6	akonadi
akonadiconsole	libKPim6AkonadiSearchCore.so.6	akonadi-search
akonadiconsole	libKPim6AkonadiSearchXapian.so.6	akonadi-search
akonadiconsole	libKPim6AkonadiWidgets.so.6	akonadi
akonadiconsole	libKPim6AkonadiXml.so.6	akonadi
akonadiconsole	libKPim6CalendarSupport.so.6	calendarsupport
akonadiconsole	libKPim6GrantleeTheme.so.6	grantleetheme
akonadiconsole	libKPim6IdentityManagementCore.so.6	kidentitymanagement
akonadiconsole	libKPim6Libkdepim.so.6	libkdepim
akonadiconsole	libKPim6Libkleo.so.6	libkleo
akonadiconsole	libKPim6MessageCore.so.6	messagelib
akonadiconsole	libKPim6MessageViewer.so.6	messagelib
akonadiconsole	libKPim6MimeTreeParser.so.6	messagelib
akonadiconsole	libKPim6PimCommon.so.6	pimcommon
akonadiconsole	libOpenGL.so.0	libglvnd
akonadiconsole	libQt6Core.so.6	qt6
akonadiconsole	libQt6DBus.so.6	qt6
akonadiconsole	libQt6Gui.so.6	qt6
akonadiconsole	libQt6Network.so.6	qt6
akonadiconsole	libQt6PrintSupport.so.6	qt6
akonadiconsole	libQt6Sql.so.6	qt6
akonadiconsole	libQt6Widgets.so.6	qt6
akonadiconsole	libQt6Xml.so.6	qt6
akonadiconsole	libc.so.6	aaa_glibc-solibs
akonadiconsole	libc.so.6	glibc
akonadiconsole	libgcc_s.so.1	aaa_libraries
akonadiconsole	libgcc_s.so.1	gcc
akonadiconsole	libgpg-error.so.0	aaa_libraries
akonadiconsole	libgpg-error.so.0	libgpg-error
akonadiconsole	libgpgme.so.45	gpgme
akonadiconsole	libgpgmepp.so.7	gpgmepp
akonadiconsole	libm.so.6	aaa_glibc-solibs
akonadiconsole	libm.so.6	glibc
akonadiconsole	libqgpgmeqt6.so.15	qgpgme
akonadiconsole	libstdc++.so.6	aaa_libraries
akonadiconsole	libstdc++.so.6	gcc-g++
akonadiconsole	libxapian.so.45	xapian-core
akregator	libGLX.so.0	libglvnd
akregator	libKF6Codecs.so.6	kcodecs
akregator	libKF6ColorScheme.so.6	kcolorscheme
akregator	libKF6Completion.so.6	kcompletion
akregator	libKF6ConfigCore.so.6	kconfig
akregator	libKF6ConfigGui.so.6	kconfig
akregator	libKF6ConfigWidgets.so.6	kconfigwidgets
akregator	libKF6Contacts.so.6	kcontacts
akregator	libKF6CoreAddons.so.6	kcoreaddons
akregator	libKF6Crash.so.6	kcrash
akregator	libKF6GuiAddons.so.6	kguiaddons
akregator	libKF6I18n.so.6	ki18n
akregator	libKF6IconThemes.so.6	kiconthemes
akregator	libKF6ItemModels.so.6	kitemmodels
akregator	libKF6JobWidgets.so.6	kjobwidgets
akregator	libKF6KCMUtils.so.6	kcmutils
akregator	libKF6KCMUtilsCore.so.6	kcmutils
akregator	libKF6KCMUtilsQuick.so.6	kcmutils
akregator	libKF6KIOCore.so.6	kio
akregator	libKF6KIOGui.so.6	kio
akregator	libKF6KIOWidgets.so.6	kio
akregator	libKF6Mime.so.6	kmime
akregator	libKF6Notifications.so.6	knotifications
akregator	libKF6NotifyConfig.so.6	knotifyconfig
akregator	libKF6Parts.so.6	kparts
akregator	libKF6Service.so.6	kservice
akregator	libKF6SonnetUi.so.6	sonnet
akregator	libKF6StatusNotifierItem.so.6	kstatusnotifieritem
akregator	libKF6Syndication.so.6	syndication
akregator	libKF6SyntaxHighlighting.so.6	syntax-highlighting
akregator	libKF6TextAddonsWidgets.so.1	ktextaddons
akregator	libKF6TextAutoCorrectionCore.so.1	ktextaddons
akregator	libKF6TextAutoCorrectionWidgets.so.1	ktextaddons
akregator	libKF6TextCustomEditor.so.1	ktextaddons
akregator	libKF6TextEditTextToSpeech.so.1	ktextaddons
akregator	libKF6TextTemplate.so.6	ktexttemplate
akregator	libKF6TextUtils.so.1	ktextaddons
akregator	libKF6WidgetsAddons.so.6	kwidgetsaddons
akregator	libKF6XmlGui.so.6	kxmlgui
akregator	libKPim6AkonadiCore.so.6	akonadi
akregator	libKPim6AkonadiMime.so.6	akonadi-mime
akregator	libKPim6AkonadiPrivate.so.6	akonadi
akregator	libKPim6GrantleeTheme.so.6	grantleetheme
akregator	libKPim6IdentityManagementCore.so.6	kidentitymanagement
akregator	libKPim6KontactInterface.so.6	kontactinterface
akregator	libKPim6Libkdepim.so.6	libkdepim
akregator	libKPim6Libkleo.so.6	libkleo
akregator	libKPim6MessageCore.so.6	messagelib
akregator	libKPim6MessageViewer.so.6	messagelib
akregator	libKPim6MimeTreeParser.so.6	messagelib
akregator	libKPim6PimCommon.so.6	pimcommon
akregator	libKPim6PimCommonActivities.so.6	pimcommon
akregator	libKPim6WebEngineViewer.so.6	messagelib
akregator	libOpenGL.so.0	libglvnd
akregator	libPlasmaActivities.so.7	plasma-activities
akregator	libQt6Core.so.6	qt6
akregator	libQt6DBus.so.6	qt6
akregator	libQt6Gui.so.6	qt6
akregator	libQt6Multimedia.so.6	qt6
akregator	libQt6Network.so.6	qt6
akregator	libQt6OpenGL.so.6	qt6
akregator	libQt6Positioning.so.6	qt6
akregator	libQt6PrintSupport.so.6	qt6
akregator	libQt6Qml.so.6	qt6
akregator	libQt6Quick.so.6	qt6
akregator	libQt6TextToSpeech.so.6	qt6
akregator	libQt6WebChannel.so.6	qt6
akregator	libQt6WebEngineCore.so.6	qt6
akregator	libQt6WebEngineWidgets.so.6	qt6
akregator	libQt6Widgets.so.6	qt6
akregator	libQt6Xml.so.6	qt6
akregator	libc.so.6	aaa_glibc-solibs
akregator	libc.so.6	glibc
akregator	libgcc_s.so.1	aaa_libraries
akregator	libgcc_s.so.1	gcc
akregator	libgpg-error.so.0	aaa_libraries
akregator	libgpg-error.so.0	libgpg-error
akregator	libgpgme.so.45	gpgme
akregator	libgpgmepp.so.7	gpgmepp
akregator	libm.so.6	aaa_glibc-solibs
akregator	libm.so.6	glibc
akregator	libqgpgmeqt6.so.15	qgpgme
akregator	libstdc++.so.6	aaa_libraries
akregator	libstdc++.so.6	gcc-g++
alkimia	libGLX.so.0	libglvnd
alkimia	libKF6Attica.so.6	attica
alkimia	libKF6Codecs.so.6	kcodecs
alkimia	libKF6ColorScheme.so.6	kcolorscheme
alkimia	libKF6Completion.so.6	kcompletion
alkimia	libKF6ConfigCore.so.6	kconfig
alkimia	libKF6ConfigGui.so.6	kconfig
alkimia	libKF6ConfigWidgets.so.6	kconfigwidgets
alkimia	libKF6CoreAddons.so.6	kcoreaddons
alkimia	libKF6GuiAddons.so.6	kguiaddons
alkimia	libKF6I18n.so.6	ki18n
alkimia	libKF6IconThemes.so.6	kiconthemes
alkimia	libKF6NewStuffCore.so.6	knewstuff
alkimia	libKF6NewStuffWidgets.so.6	knewstuff
alkimia	libKF6SonnetUi.so.6	sonnet
alkimia	libKF6TextWidgets.so.6	ktextwidgets
alkimia	libKF6WidgetsAddons.so.6	kwidgetsaddons
alkimia	libKF6XmlGui.so.6	kxmlgui
alkimia	libOpenGL.so.0	libglvnd
alkimia	libQt6Core.so.6	qt6
alkimia	libQt6DBus.so.6	qt6
alkimia	libQt6Gui.so.6	qt6
alkimia	libQt6Network.so.6	qt6
alkimia	libQt6OpenGL.so.6	qt6
alkimia	libQt6Positioning.so.6	qt6
alkimia	libQt6PrintSupport.so.6	qt6
alkimia	libQt6Qml.so.6	qt6
alkimia	libQt6Quick.so.6	qt6
alkimia	libQt6WebChannel.so.6	qt6
alkimia	libQt6WebEngineCore.so.6	qt6
alkimia	libQt6WebEngineWidgets.so.6	qt6
alkimia	libQt6Widgets.so.6	qt6
alkimia	libQt6Xml.so.6	qt6
alkimia	libc.so.6	aaa_glibc-solibs
alkimia	libc.so.6	glibc
alkimia	libgcc_s.so.1	aaa_libraries
alkimia	libgcc_s.so.1	gcc
alkimia	libgmp.so.10	aaa_libraries
alkimia	libgmp.so.10	gmp
alkimia	libm.so.6	aaa_glibc-solibs
alkimia	libm.so.6	glibc
alkimia	libstdc++.so.6	aaa_libraries
alkimia	libstdc++.so.6	gcc-g++
alligator	libGLX.so.0	libglvnd
alligator	libKF6ColorScheme.so.6	kcolorscheme
alligator	libKF6ConfigCore.so.6	kconfig
alligator	libKF6ConfigGui.so.6	kconfig
alligator	libKF6CoreAddons.so.6	kcoreaddons
alligator	libKF6Crash.so.6	kcrash
alligator	libKF6I18n.so.6	ki18n
alligator	libKF6I18nQml.so.6	ki18n
alligator	libKF6Syndication.so.6	syndication
alligator	libOpenGL.so.0	libglvnd
alligator	libQt6Core.so.6	qt6
alligator	libQt6Gui.so.6	qt6
alligator	libQt6Network.so.6	qt6
alligator	libQt6OpenGL.so.6	qt6
alligator	libQt6Qml.so.6	qt6
alligator	libQt6Quick.so.6	qt6
alligator	libQt6QuickControls2.so.6	qt6
alligator	libQt6Sql.so.6	qt6
alligator	libQt6Widgets.so.6	qt6
alligator	libc.so.6	aaa_glibc-solibs
alligator	libc.so.6	glibc
alligator	libgcc_s.so.1	aaa_libraries
alligator	libgcc_s.so.1	gcc
alligator	libm.so.6	aaa_glibc-solibs
alligator	libm.so.6	glibc
alligator	libstdc++.so.6	aaa_libraries
alligator	libstdc++.so.6	gcc-g++
alpine	libc.so.6	aaa_glibc-solibs
alpine	libc.so.6	glibc
alpine	libcom_err.so.2	e2fsprogs
alpine	libcrypt.so.2	aaa_glibc-solibs
alpine	libcrypt.so.2	glibc
alpine	libcrypto.so.3	openssl
alpine	libcrypto.so.3	openssl-solibs
alpine	libgssapi_krb5.so.2	aaa_libraries
alpine	libgssapi_krb5.so.2	krb5
alpine	libkrb5.so.3	aaa_libraries
alpine	libkrb5.so.3	krb5
alpine	liblber.so.2	aaa_libraries
alpine	liblber.so.2	openldap
alpine	libldap.so.2	aaa_libraries
alpine	libldap.so.2	openldap
alpine	libssl.so.3	openssl
alpine	libssl.so.3	openssl-solibs
alpine	libtinfo.so.6	aaa_libraries
alpine	libtinfo.so.6	ncurses
alsa-lib	ld-linux-x86-64.so.2	aaa_glibc-solibs
alsa-lib	ld-linux-x86-64.so.2	glibc
alsa-lib	libasound.so.2	aaa_libraries
alsa-lib	libc.so.6	aaa_glibc-solibs
alsa-lib	libc.so.6	glibc
alsa-lib	libm.so.6	aaa_glibc-solibs
alsa-lib	libm.so.6	glibc
alsa-oss	libasound.so.2	aaa_libraries
alsa-oss	libasound.so.2	alsa-lib
alsa-oss	libc.so.6	aaa_glibc-solibs
alsa-oss	libc.so.6	glibc
alsa-oss	libm.so.6	aaa_glibc-solibs
alsa-oss	libm.so.6	glibc
alsa-plugins	libasound.so.2	aaa_libraries
alsa-plugins	libasound.so.2	alsa-lib
alsa-plugins	libavcodec.so.63	ffmpeg
alsa-plugins	libavutil.so.61	ffmpeg
alsa-plugins	libc.so.6	aaa_glibc-solibs
alsa-plugins	libc.so.6	glibc
alsa-plugins	libjack.so.0	pipewire
alsa-plugins	libpulse.so.0	pulseaudio
alsa-plugins	libsamplerate.so.0	libsamplerate
alsa-plugins	libspeexdsp.so.1	speexdsp
alsa-plugins	libswresample.so.7	ffmpeg
alsa-utils	libasound.so.2	aaa_libraries
alsa-utils	libasound.so.2	alsa-lib
alsa-utils	libatopology.so.2	alsa-lib
alsa-utils	libc.so.6	aaa_glibc-solibs
alsa-utils	libc.so.6	glibc
alsa-utils	libfftw3f.so.3	fftw
alsa-utils	libformw.so.6	aaa_libraries
alsa-utils	libformw.so.6	ncurses
alsa-utils	libm.so.6	aaa_glibc-solibs
alsa-utils	libm.so.6	glibc
alsa-utils	libmenuw.so.6	aaa_libraries
alsa-utils	libmenuw.so.6	ncurses
alsa-utils	libncursesw.so.6	aaa_libraries
alsa-utils	libncursesw.so.6	ncurses
alsa-utils	libpanelw.so.6	aaa_libraries
alsa-utils	libpanelw.so.6	ncurses
alsa-utils	libsamplerate.so.0	libsamplerate
alsa-utils	libtinfo.so.6	aaa_libraries
alsa-utils	libtinfo.so.6	ncurses
amarok	libKF6Archive.so.6	karchive
amarok	libKF6Codecs.so.6	kcodecs
amarok	libKF6ColorScheme.so.6	kcolorscheme
amarok	libKF6Completion.so.6	kcompletion
amarok	libKF6ConfigCore.so.6	kconfig
amarok	libKF6ConfigGui.so.6	kconfig
amarok	libKF6ConfigWidgets.so.6	kconfigwidgets
amarok	libKF6CoreAddons.so.6	kcoreaddons
amarok	libKF6Crash.so.6	kcrash
amarok	libKF6DBusAddons.so.6	kdbusaddons
amarok	libKF6DNSSD.so.6	kdnssd
amarok	libKF6GlobalAccel.so.6	kglobalaccel
amarok	libKF6GuiAddons.so.6	kguiaddons
amarok	libKF6I18n.so.6	ki18n
amarok	libKF6IconThemes.so.6	kiconthemes
amarok	libKF6ItemViews.so.6	kitemviews
amarok	libKF6KCMUtils.so.6	kcmutils
amarok	libKF6KCMUtilsCore.so.6	kcmutils
amarok	libKF6KIOCore.so.6	kio
amarok	libKF6KIOFileWidgets.so.6	kio
amarok	libKF6KIOGui.so.6	kio
amarok	libKF6KIOWidgets.so.6	kio
amarok	libKF6Notifications.so.6	knotifications
amarok	libKF6Package.so.6	kpackage
amarok	libKF6Solid.so.6	solid
amarok	libKF6StatusNotifierItem.so.6	kstatusnotifieritem
amarok	libKF6TextEditor.so.6	ktexteditor
amarok	libKF6TextWidgets.so.6	ktextwidgets
amarok	libKF6ThreadWeaver.so.6	threadweaver
amarok	libKF6WidgetsAddons.so.6	kwidgetsaddons
amarok	libKF6WindowSystem.so.6	kwindowsystem
amarok	libKF6XmlGui.so.6	kxmlgui
amarok	libQt6Core.so.6	qt6
amarok	libQt6DBus.so.6	qt6
amarok	libQt6Gui.so.6	qt6
amarok	libQt6Network.so.6	qt6
amarok	libQt6OpenGL.so.6	qt6
amarok	libQt6Qml.so.6	qt6
amarok	libQt6Quick.so.6	qt6
amarok	libQt6QuickWidgets.so.6	qt6
amarok	libQt6Sql.so.6	qt6
amarok	libQt6Svg.so.6	qt6
amarok	libQt6SvgWidgets.so.6	qt6
amarok	libQt6UiTools.so.6	qt6
amarok	libQt6Widgets.so.6	qt6
amarok	libQt6Xml.so.6	qt6
amarok	libc.so.6	aaa_glibc-solibs
amarok	libc.so.6	glibc
amarok	libfftw3.so.3	fftw
amarok	libgdk_pixbuf-2.0.so.0	gdk-pixbuf2
amarok	libglib-2.0.so.0	aaa_libraries
amarok	libglib-2.0.so.0	glib2
amarok	libgobject-2.0.so.0	aaa_libraries
amarok	libgobject-2.0.so.0	glib2
amarok	libgpod.so.4	libgpod
amarok	libgstaudio-1.0.so.0	gst-plugins-base
amarok	libgstreamer-1.0.so.0	gstreamer
amarok	libm.so.6	aaa_glibc-solibs
amarok	libm.so.6	glibc
amarok	libmariadb.so.3	mariadb
amarok	libmariadbd.so.19	mariadb
amarok	libmtp.so.9	libmtp
amarok	libstdc++.so.6	aaa_libraries
amarok	libstdc++.so.6	gcc-g++
amarok	libtag.so.2	taglib
amp	libc.so.6	aaa_glibc-solibs
amp	libc.so.6	glibc
amp	libm.so.6	aaa_glibc-solibs
amp	libm.so.6	glibc
analitza	libGLX.so.0	libglvnd
analitza	libOpenGL.so.0	libglvnd
analitza	libQt6Core.so.6	qt6
analitza	libQt6Gui.so.6	qt6
analitza	libQt6Network.so.6	qt6
analitza	libQt6OpenGL.so.6	qt6
analitza	libQt6OpenGLWidgets.so.6	qt6
analitza	libQt6PrintSupport.so.6	qt6
analitza	libQt6Qml.so.6	qt6
analitza	libQt6Quick.so.6	qt6
analitza	libQt6Svg.so.6	qt6
analitza	libQt6Widgets.so.6	qt6
analitza	libQt6Xml.so.6	qt6
analitza	libc.so.6	aaa_glibc-solibs
analitza	libc.so.6	glibc
analitza	libgcc_s.so.1	aaa_libraries
analitza	libgcc_s.so.1	gcc
analitza	libm.so.6	aaa_glibc-solibs
analitza	libm.so.6	glibc
analitza	libstdc++.so.6	aaa_libraries
analitza	libstdc++.so.6	gcc-g++
anthy-unicode	libc.so.6	aaa_glibc-solibs
anthy-unicode	libc.so.6	glibc
anthy-unicode	libm.so.6	aaa_glibc-solibs
anthy-unicode	libm.so.6	glibc
aom	libc.so.6	aaa_glibc-solibs
aom	libc.so.6	glibc
aom	libgcc_s.so.1	aaa_libraries
aom	libgcc_s.so.1	gcc
aom	libm.so.6	aaa_glibc-solibs
aom	libm.so.6	glibc
aom	libstdc++.so.6	aaa_libraries
aom	libstdc++.so.6	gcc-g++
appres	libX11.so.6	libX11
appres	libXt.so.6	libXt
appres	libc.so.6	aaa_glibc-solibs
appres	libc.so.6	glibc
appstream	libQt6Core.so.6	qt6
appstream	libc.so.6	aaa_glibc-solibs
appstream	libc.so.6	glibc
appstream	libcairo.so.2	cairo
appstream	libcurl.so.4	aaa_libraries
appstream	libcurl.so.4	curl
appstream	libfontconfig.so.1	fontconfig
appstream	libfreetype.so.6	freetype
appstream	libfyaml.so.0	libfyaml
appstream	libgcc_s.so.1	aaa_libraries
appstream	libgcc_s.so.1	gcc
appstream	libgdk_pixbuf-2.0.so.0	gdk-pixbuf2
appstream	libgio-2.0.so.0	glib2
appstream	libglib-2.0.so.0	aaa_libraries
appstream	libglib-2.0.so.0	glib2
appstream	libgmodule-2.0.so.0	aaa_libraries
appstream	libgmodule-2.0.so.0	glib2
appstream	libgobject-2.0.so.0	aaa_libraries
appstream	libgobject-2.0.so.0	glib2
appstream	libm.so.6	aaa_glibc-solibs
appstream	libm.so.6	glibc
appstream	libpango-1.0.so.0	pango
appstream	librsvg-2.so.2	librsvg
appstream	libstdc++.so.6	aaa_libraries
appstream	libstdc++.so.6	gcc-g++
appstream	libxml2.so.16	libxml2
appstream	libxmlb.so.2	libxmlb
appstream	libzstd.so.1	aaa_libraries
appstream	libzstd.so.1	zstd
apr	libc.so.6	aaa_glibc-solibs
apr	libc.so.6	glibc
apr	libcrypt.so.2	aaa_glibc-solibs
apr	libcrypt.so.2	glibc
apr	libuuid.so.1	util-linux
apr-util	libapr-1.so.0	apr
apr-util	libc.so.6	aaa_glibc-solibs
apr-util	libc.so.6	glibc
apr-util	libcrypt.so.2	aaa_glibc-solibs
apr-util	libcrypt.so.2	glibc
apr-util	libdb-4.8.so	aaa_libraries
apr-util	libdb-4.8.so	db48
apr-util	libexpat.so.1	aaa_libraries
apr-util	libexpat.so.1	expat
apr-util	liblber.so.2	aaa_libraries
apr-util	liblber.so.2	openldap
apr-util	libldap.so.2	aaa_libraries
apr-util	libldap.so.2	openldap
apr-util	libmariadb.so.3	mariadb
apr-util	libsqlite3.so.0	sqlite
apr-util	libuuid.so.1	util-linux
argon2	libc.so.6	aaa_glibc-solibs
argon2	libc.so.6	glibc
arianna	libGLX.so.0	libglvnd
arianna	libKF6Archive.so.6	karchive
arianna	libKF6Baloo.so.6	baloo
arianna	libKF6ColorScheme.so.6	kcolorscheme
arianna	libKF6ConfigCore.so.6	kconfig
arianna	libKF6ConfigGui.so.6	kconfig
arianna	libKF6CoreAddons.so.6	kcoreaddons
arianna	libKF6Crash.so.6	kcrash
arianna	libKF6DBusAddons.so.6	kdbusaddons
arianna	libKF6FileMetaData.so.3	kfilemetadata
arianna	libKF6I18n.so.6	ki18n
arianna	libKF6I18nQml.so.6	ki18n
arianna	libKF6WindowSystem.so.6	kwindowsystem
arianna	libKirigami.so.6	kirigami
arianna	libKirigamiPlatform.so.6	kirigami
arianna	libOpenGL.so.0	libglvnd
arianna	libQt6Core.so.6	qt6
arianna	libQt6DBus.so.6	qt6
arianna	libQt6Gui.so.6	qt6
arianna	libQt6HttpServer.so.6	qt6
arianna	libQt6Network.so.6	qt6
arianna	libQt6OpenGL.so.6	qt6
arianna	libQt6Positioning.so.6	qt6
arianna	libQt6Qml.so.6	qt6
arianna	libQt6Quick.so.6	qt6
arianna	libQt6QuickControls2.so.6	qt6
arianna	libQt6Sql.so.6	qt6
arianna	libQt6Svg.so.6	qt6
arianna	libQt6WebChannel.so.6	qt6
arianna	libQt6WebChannelQuick.so.6	qt6
arianna	libQt6WebEngineCore.so.6	qt6
arianna	libQt6WebEngineQuick.so.6	qt6
arianna	libQt6WebSockets.so.6	qt6
arianna	libQt6Widgets.so.6	qt6
arianna	libQt6Xml.so.6	qt6
arianna	libX11.so.6	libX11
arianna	libc.so.6	aaa_glibc-solibs
arianna	libc.so.6	glibc
arianna	libgcc_s.so.1	aaa_libraries
arianna	libgcc_s.so.1	gcc
arianna	libm.so.6	aaa_glibc-solibs
arianna	libm.so.6	glibc
arianna	libstdc++.so.6	aaa_libraries
arianna	libstdc++.so.6	gcc-g++
ark	libGLX.so.0	libglvnd
ark	libKF6Bookmarks.so.6	kbookmarks
ark	libKF6BreezeIcons.so.6	breeze-icons
ark	libKF6ColorScheme.so.6	kcolorscheme
ark	libKF6Completion.so.6	kcompletion
ark	libKF6ConfigCore.so.6	kconfig
ark	libKF6ConfigGui.so.6	kconfig
ark	libKF6ConfigWidgets.so.6	kconfigwidgets
ark	libKF6CoreAddons.so.6	kcoreaddons
ark	libKF6Crash.so.6	kcrash
ark	libKF6DBusAddons.so.6	kdbusaddons
ark	libKF6FileMetaData.so.3	kfilemetadata
ark	libKF6GuiAddons.so.6	kguiaddons
ark	libKF6I18n.so.6	ki18n
ark	libKF6IconThemes.so.6	kiconthemes
ark	libKF6ItemViews.so.6	kitemviews
ark	libKF6JobWidgets.so.6	kjobwidgets
ark	libKF6KIOCore.so.6	kio
ark	libKF6KIOFileWidgets.so.6	kio
ark	libKF6KIOGui.so.6	kio
ark	libKF6KIOWidgets.so.6	kio
ark	libKF6Parts.so.6	kparts
ark	libKF6Pty.so.6	kpty
ark	libKF6Service.so.6	kservice
ark	libKF6Solid.so.6	solid
ark	libKF6WidgetsAddons.so.6	kwidgetsaddons
ark	libKF6WindowSystem.so.6	kwindowsystem
ark	libKF6XmlGui.so.6	kxmlgui
ark	libOpenGL.so.0	libglvnd
ark	libQt6Concurrent.so.6	qt6
ark	libQt6Core.so.6	qt6
ark	libQt6DBus.so.6	qt6
ark	libQt6Gui.so.6	qt6
ark	libQt6Network.so.6	qt6
ark	libQt6Widgets.so.6	qt6
ark	libQt6Xml.so.6	qt6
ark	libX11.so.6	libX11
ark	libarchive.so.13	libarchive
ark	libc.so.6	aaa_glibc-solibs
ark	libc.so.6	glibc
ark	libgcc_s.so.1	aaa_libraries
ark	libgcc_s.so.1	gcc
ark	libm.so.6	aaa_glibc-solibs
ark	libm.so.6	glibc
ark	libstdc++.so.6	aaa_libraries
ark	libstdc++.so.6	gcc-g++
ark	libz.so.1	aaa_libraries
ark	libz.so.1	zlib
ark	libzip.so.5	libzip
artikulate	libGLX.so.0	libglvnd
artikulate	libKF6Archive.so.6	karchive
artikulate	libKF6Attica.so.6	attica
artikulate	libKF6ConfigCore.so.6	kconfig
artikulate	libKF6ConfigGui.so.6	kconfig
artikulate	libKF6CoreAddons.so.6	kcoreaddons
artikulate	libKF6Crash.so.6	kcrash
artikulate	libKF6I18n.so.6	ki18n
artikulate	libKF6ItemModels.so.6	kitemmodels
artikulate	libKF6NewStuffCore.so.6	knewstuff
artikulate	libOpenGL.so.0	libglvnd
artikulate	libQt6Core.so.6	qt6
artikulate	libQt6Gui.so.6	qt6
artikulate	libQt6Network.so.6	qt6
artikulate	libQt6OpenGL.so.6	qt6
artikulate	libQt6Qml.so.6	qt6
artikulate	libQt6Quick.so.6	qt6
artikulate	libQt6Sql.so.6	qt6
artikulate	libQt6Widgets.so.6	qt6
artikulate	libQt6Xml.so.6	qt6
artikulate	libc.so.6	aaa_glibc-solibs
artikulate	libc.so.6	glibc
artikulate	libgcc_s.so.1	aaa_libraries
artikulate	libgcc_s.so.1	gcc
artikulate	libm.so.6	aaa_glibc-solibs
artikulate	libm.so.6	glibc
artikulate	libstdc++.so.6	aaa_libraries
artikulate	libstdc++.so.6	gcc-g++
artikulate	libxml2.so.16	libxml2
aspell	libc.so.6	aaa_glibc-solibs
aspell	libc.so.6	glibc
aspell	libgcc_s.so.1	aaa_libraries
aspell	libgcc_s.so.1	gcc
aspell	libm.so.6	aaa_glibc-solibs
aspell	libm.so.6	glibc
aspell	libncursesw.so.6	aaa_libraries
aspell	libncursesw.so.6	ncurses
aspell	libstdc++.so.6	aaa_libraries
aspell	libstdc++.so.6	gcc-g++
aspell	libtinfo.so.6	aaa_libraries
aspell	libtinfo.so.6	ncurses
at	libc.so.6	aaa_glibc-solibs
at	libc.so.6	glibc
at	libfl.so.2	flex
at	libpam.so.0	pam
at-spi2-core	libX11.so.6	libX11
at-spi2-core	libXRes.so.1	libXres
at-spi2-core	libXi.so.6	libXi
at-spi2-core	libXtst.so.6	libXtst
at-spi2-core	libc.so.6	aaa_glibc-solibs
at-spi2-core	libc.so.6	glibc
at-spi2-core	libdbus-1.so.3	dbus
at-spi2-core	libgio-2.0.so.0	glib2
at-spi2-core	libglib-2.0.so.0	aaa_libraries
at-spi2-core	libglib-2.0.so.0	glib2
at-spi2-core	libgmodule-2.0.so.0	aaa_libraries
at-spi2-core	libgmodule-2.0.so.0	glib2
at-spi2-core	libgobject-2.0.so.0	aaa_libraries
at-spi2-core	libgobject-2.0.so.0	glib2
atkmm	libatk-1.0.so.0	at-spi2-core
atkmm	libgcc_s.so.1	aaa_libraries
atkmm	libgcc_s.so.1	gcc
atkmm	libglib-2.0.so.0	aaa_libraries
atkmm	libglib-2.0.so.0	glib2
atkmm	libglibmm-2.4.so.1	glibmm
atkmm	libgobject-2.0.so.0	aaa_libraries
atkmm	libgobject-2.0.so.0	glib2
atkmm	libsigc-2.0.so.0	libsigc++
atkmm	libstdc++.so.6	aaa_libraries
atkmm	libstdc++.so.6	gcc-g++
atkmm2	libatk-1.0.so.0	at-spi2-core
atkmm2	libc.so.6	aaa_glibc-solibs
atkmm2	libc.so.6	glibc
atkmm2	libgcc_s.so.1	aaa_libraries
atkmm2	libgcc_s.so.1	gcc
atkmm2	libglib-2.0.so.0	aaa_libraries
atkmm2	libglib-2.0.so.0	glib2
atkmm2	libglibmm-2.68.so.1	glibmm2
atkmm2	libgobject-2.0.so.0	aaa_libraries
atkmm2	libgobject-2.0.so.0	glib2
atkmm2	libsigc-3.0.so.0	libsigc++3
atkmm2	libstdc++.so.6	aaa_libraries
atkmm2	libstdc++.so.6	gcc-g++
attica	ld-linux-x86-64.so.2	aaa_glibc-solibs
attica	ld-linux-x86-64.so.2	glibc
attica	libQt6Core.so.6	qt6
attica	libQt6Network.so.6	qt6
attica	libc.so.6	aaa_glibc-solibs
attica	libc.so.6	glibc
attica	libgcc_s.so.1	aaa_libraries
attica	libgcc_s.so.1	gcc
attica	libm.so.6	aaa_glibc-solibs
attica	libm.so.6	glibc
attica	libstdc++.so.6	aaa_libraries
attica	libstdc++.so.6	gcc-g++
attica5	libQt5Core.so.5	qt5
attica5	libQt5Network.so.5	qt5
attica5	libc.so.6	aaa_glibc-solibs
attica5	libc.so.6	glibc
attica5	libgcc_s.so.1	aaa_libraries
attica5	libgcc_s.so.1	gcc
attica5	libm.so.6	aaa_glibc-solibs
attica5	libm.so.6	glibc
attica5	libstdc++.so.6	aaa_libraries
attica5	libstdc++.so.6	gcc-g++
attr	libattr.so.1	aaa_libraries
attr	libc.so.6	aaa_glibc-solibs
attr	libc.so.6	glibc
aubio	libavcodec.so.63	ffmpeg
aubio	libavformat.so.63	ffmpeg
aubio	libavutil.so.61	ffmpeg
aubio	libc.so.6	aaa_glibc-solibs
aubio	libc.so.6	glibc
aubio	libfftw3f.so.3	fftw
aubio	libjack.so.0	pipewire
aubio	libm.so.6	aaa_glibc-solibs
aubio	libm.so.6	glibc
aubio	libsamplerate.so.0	libsamplerate
aubio	libsndfile.so.1	libsndfile
aubio	libswresample.so.7	ffmpeg
audacious	ld-linux-x86-64.so.2	aaa_glibc-solibs
audacious	ld-linux-x86-64.so.2	glibc
audacious	libQt6Core.so.6	qt6
audacious	libQt6Gui.so.6	qt6
audacious	libQt6Widgets.so.6	qt6
audacious	libc.so.6	aaa_glibc-solibs
audacious	libc.so.6	glibc
audacious	libcairo.so.2	cairo
audacious	libgcc_s.so.1	aaa_libraries
audacious	libgcc_s.so.1	gcc
audacious	libgdk-3.so.0	gtk+3
audacious	libgdk_pixbuf-2.0.so.0	gdk-pixbuf2
audacious	libgio-2.0.so.0	glib2
audacious	libglib-2.0.so.0	aaa_libraries
audacious	libglib-2.0.so.0	glib2
audacious	libgmodule-2.0.so.0	aaa_libraries
audacious	libgmodule-2.0.so.0	glib2
audacious	libgobject-2.0.so.0	aaa_libraries
audacious	libgobject-2.0.so.0	glib2
audacious	libgtk-3.so.0	gtk+3
audacious	libm.so.6	aaa_glibc-solibs
audacious	libm.so.6	glibc
audacious	libmvec.so.1	aaa_glibc-solibs
audacious	libmvec.so.1	glibc
audacious	libpango-1.0.so.0	pango
audacious	libstdc++.so.6	aaa_libraries
audacious	libstdc++.so.6	gcc-g++
audacious-plugins	libFLAC.so.14	flac
audacious-plugins	libGL.so.1	libglvnd
audacious-plugins	libQt6Core.so.6	qt6
audacious-plugins	libQt6Gui.so.6	qt6
audacious-plugins	libQt6Multimedia.so.6	qt6
audacious-plugins	libQt6OpenGL.so.6	qt6
audacious-plugins	libQt6OpenGLWidgets.so.6	qt6
audacious-plugins	libQt6Widgets.so.6	qt6
audacious-plugins	libSDL3.so.0	SDL3
audacious-plugins	libX11.so.6	libX11
audacious-plugins	libXcomposite.so.1	libXcomposite
audacious-plugins	libXrender.so.1	libXrender
audacious-plugins	libasound.so.2	aaa_libraries
audacious-plugins	libasound.so.2	alsa-lib
audacious-plugins	libaudcore.so.6	audacious
audacious-plugins	libaudgui.so.7	audacious
audacious-plugins	libaudqt.so.4	audacious
audacious-plugins	libaudtag.so.4	audacious
audacious-plugins	libavcodec.so.63	ffmpeg
audacious-plugins	libavformat.so.63	ffmpeg
audacious-plugins	libavutil.so.61	ffmpeg
audacious-plugins	libc.so.6	aaa_glibc-solibs
audacious-plugins	libc.so.6	glibc
audacious-plugins	libcairo.so.2	cairo
audacious-plugins	libcddb.so.2	libcddb
audacious-plugins	libcdio.so.21	libcdio
audacious-plugins	libcdio_cdda.so.2	libcdio-paranoia
audacious-plugins	libcue.so.2	libcue
audacious-plugins	libcurl.so.4	aaa_libraries
audacious-plugins	libcurl.so.4	curl
audacious-plugins	libfluidsynth.so.3	fluidsynth
audacious-plugins	libgcc_s.so.1	aaa_libraries
audacious-plugins	libgcc_s.so.1	gcc
audacious-plugins	libgdk-3.so.0	gtk+3
audacious-plugins	libgdk_pixbuf-2.0.so.0	gdk-pixbuf2
audacious-plugins	libgio-2.0.so.0	glib2
audacious-plugins	libglib-2.0.so.0	aaa_libraries
audacious-plugins	libglib-2.0.so.0	glib2
audacious-plugins	libgmodule-2.0.so.0	aaa_libraries
audacious-plugins	libgmodule-2.0.so.0	glib2
audacious-plugins	libgobject-2.0.so.0	aaa_libraries
audacious-plugins	libgobject-2.0.so.0	glib2
audacious-plugins	libgtk-3.so.0	gtk+3
audacious-plugins	libjack.so.0	pipewire
audacious-plugins	libjson-glib-1.0.so.0	json-glib
audacious-plugins	libm.so.6	aaa_glibc-solibs
audacious-plugins	libm.so.6	glibc
audacious-plugins	libmp3lame.so.0	lame
audacious-plugins	libmpg123.so.0	mpg123
audacious-plugins	libmvec.so.1	aaa_glibc-solibs
audacious-plugins	libmvec.so.1	glibc
audacious-plugins	libneon.so.27	neon
audacious-plugins	libnotify.so.4	libnotify
audacious-plugins	libogg.so.0	libogg
audacious-plugins	libopusfile.so.0	opusfile
audacious-plugins	libpango-1.0.so.0	pango
audacious-plugins	libpangocairo-1.0.so.0	pango
audacious-plugins	libpipewire-0.3.so.0	pipewire
audacious-plugins	libpulse.so.0	pulseaudio
audacious-plugins	libsamplerate.so.0	libsamplerate
audacious-plugins	libsndfile.so.1	libsndfile
audacious-plugins	libstdc++.so.6	aaa_libraries
audacious-plugins	libstdc++.so.6	gcc-g++
audacious-plugins	libvorbis.so.0	libvorbis
audacious-plugins	libvorbisenc.so.2	libvorbis
audacious-plugins	libvorbisfile.so.3	libvorbis
audacious-plugins	libwavpack.so.1	wavpack
audacious-plugins	libxml2.so.16	libxml2
audacious-plugins	libz.so.1	aaa_libraries
audacious-plugins	libz.so.1	zlib
audex	libGLX.so.0	libglvnd
audex	libKCddb6.so.5	libkcddb
audex	libKF6ColorScheme.so.6	kcolorscheme
audex	libKF6Completion.so.6	kcompletion
audex	libKF6ConfigCore.so.6	kconfig
audex	libKF6ConfigGui.so.6	kconfig
audex	libKF6ConfigWidgets.so.6	kconfigwidgets
audex	libKF6CoreAddons.so.6	kcoreaddons
audex	libKF6Crash.so.6	kcrash
audex	libKF6GuiAddons.so.6	kguiaddons
audex	libKF6I18n.so.6	ki18n
audex	libKF6IconThemes.so.6	kiconthemes
audex	libKF6IconWidgets.so.6	kiconthemes
audex	libKF6JobWidgets.so.6	kjobwidgets
audex	libKF6KCMUtils.so.6	kcmutils
audex	libKF6KCMUtilsCore.so.6	kcmutils
audex	libKF6KCMUtilsQuick.so.6	kcmutils
audex	libKF6KIOCore.so.6	kio
audex	libKF6KIOGui.so.6	kio
audex	libKF6KIOWidgets.so.6	kio
audex	libKF6Service.so.6	kservice
audex	libKF6Solid.so.6	solid
audex	libKF6SonnetUi.so.6	sonnet
audex	libKF6TextWidgets.so.6	ktextwidgets
audex	libKF6WidgetsAddons.so.6	kwidgetsaddons
audex	libKF6XmlGui.so.6	kxmlgui
audex	libOpenGL.so.0	libglvnd
audex	libQt6Core.so.6	qt6
audex	libQt6DBus.so.6	qt6
audex	libQt6Gui.so.6	qt6
audex	libQt6Network.so.6	qt6
audex	libQt6Qml.so.6	qt6
audex	libQt6Widgets.so.6	qt6
audex	libQt6Xml.so.6	qt6
audex	libc.so.6	aaa_glibc-solibs
audex	libc.so.6	glibc
audex	libcdio.so.21	libcdio
audex	libcdio_cdda.so.2	libcdio-paranoia
audex	libcdio_paranoia.so.2	libcdio-paranoia
audex	libgcc_s.so.1	aaa_libraries
audex	libgcc_s.so.1	gcc
audex	libm.so.6	aaa_glibc-solibs
audex	libm.so.6	glibc
audex	libstdc++.so.6	aaa_libraries
audex	libstdc++.so.6	gcc-g++
audiocd-kio	libFLAC.so.14	flac
audiocd-kio	libGLX.so.0	libglvnd
audiocd-kio	libKCddb6.so.5	libkcddb
audiocd-kio	libKF6ColorScheme.so.6	kcolorscheme
audiocd-kio	libKF6ConfigCore.so.6	kconfig
audiocd-kio	libKF6ConfigGui.so.6	kconfig
audiocd-kio	libKF6ConfigWidgets.so.6	kconfigwidgets
audiocd-kio	libKF6CoreAddons.so.6	kcoreaddons
audiocd-kio	libKF6I18n.so.6	ki18n
audiocd-kio	libKF6KCMUtils.so.6	kcmutils
audiocd-kio	libKF6KCMUtilsCore.so.6	kcmutils
audiocd-kio	libKF6KCMUtilsQuick.so.6	kcmutils
audiocd-kio	libKF6KIOCore.so.6	kio
audiocd-kio	libKF6Solid.so.6	solid
audiocd-kio	libKF6WidgetsAddons.so.6	kwidgetsaddons
audiocd-kio	libOpenGL.so.0	libglvnd
audiocd-kio	libQt6Core.so.6	qt6
audiocd-kio	libQt6DBus.so.6	qt6
audiocd-kio	libQt6Gui.so.6	qt6
audiocd-kio	libQt6Network.so.6	qt6
audiocd-kio	libQt6Qml.so.6	qt6
audiocd-kio	libQt6Widgets.so.6	qt6
audiocd-kio	libc.so.6	aaa_glibc-solibs
audiocd-kio	libc.so.6	glibc
audiocd-kio	libcdda_interface.so.0	cdparanoia
audiocd-kio	libcdda_paranoia.so.0	cdparanoia
audiocd-kio	libgcc_s.so.1	aaa_libraries
audiocd-kio	libgcc_s.so.1	gcc
audiocd-kio	libm.so.6	aaa_glibc-solibs
audiocd-kio	libm.so.6	glibc
audiocd-kio	libogg.so.0	libogg
audiocd-kio	libstdc++.so.6	aaa_libraries
audiocd-kio	libstdc++.so.6	gcc-g++
audiocd-kio	libvorbis.so.0	libvorbis
audiocd-kio	libvorbisenc.so.2	libvorbis
audiocd-kio	libvorbisfile.so.3	libvorbis
audiofile	libFLAC.so.14	flac
audiofile	libc.so.6	aaa_glibc-solibs
audiofile	libc.so.6	glibc
audiofile	libgcc_s.so.1	aaa_libraries
audiofile	libgcc_s.so.1	gcc
audiofile	libm.so.6	aaa_glibc-solibs
audiofile	libm.so.6	glibc
audiofile	libstdc++.so.6	aaa_libraries
audiofile	libstdc++.so.6	gcc-g++
aurorae	libGLX.so.0	libglvnd
aurorae	libKF6ColorScheme.so.6	kcolorscheme
aurorae	libKF6ConfigCore.so.6	kconfig
aurorae	libKF6ConfigGui.so.6	kconfig
aurorae	libKF6ConfigWidgets.so.6	kconfigwidgets
aurorae	libKF6CoreAddons.so.6	kcoreaddons
aurorae	libKF6I18n.so.6	ki18n
aurorae	libKF6KCMUtils.so.6	kcmutils
aurorae	libKF6KCMUtilsCore.so.6	kcmutils
aurorae	libKF6KCMUtilsQuick.so.6	kcmutils
aurorae	libKF6Package.so.6	kpackage
aurorae	libKF6Svg.so.6	ksvg
aurorae	libKF6WidgetsAddons.so.6	kwidgetsaddons
aurorae	libOpenGL.so.0	libglvnd
aurorae	libQt6Core.so.6	qt6
aurorae	libQt6DBus.so.6	qt6
aurorae	libQt6Gui.so.6	qt6
aurorae	libQt6Network.so.6	qt6
aurorae	libQt6OpenGL.so.6	qt6
aurorae	libQt6OpenGLWidgets.so.6	qt6
aurorae	libQt6Qml.so.6	qt6
aurorae	libQt6Quick.so.6	qt6
aurorae	libQt6UiTools.so.6	qt6
aurorae	libQt6Widgets.so.6	qt6
aurorae	libc.so.6	aaa_glibc-solibs
aurorae	libc.so.6	glibc
aurorae	libgcc_s.so.1	aaa_libraries
aurorae	libgcc_s.so.1	gcc
aurorae	libkdecorations3.so.6	kdecoration
aurorae	libm.so.6	aaa_glibc-solibs
aurorae	libm.so.6	glibc
aurorae	libstdc++.so.6	aaa_libraries
aurorae	libstdc++.so.6	gcc-g++
autofs	libc.so.6	aaa_glibc-solibs
autofs	libc.so.6	glibc
autofs	liblber.so.2	aaa_libraries
autofs	liblber.so.2	openldap
autofs	libldap.so.2	aaa_libraries
autofs	libldap.so.2	openldap
autofs	libnsl.so.3	aaa_libraries
autofs	libnsl.so.3	libnsl
autofs	libresolv.so.2	aaa_glibc-solibs
autofs	libresolv.so.2	glibc
autofs	libtirpc.so.3	aaa_libraries
autofs	libtirpc.so.3	libtirpc
autofs	libxml2.so.16	libxml2
avahi	libQt5Core.so.5	qt5
avahi	libatk-1.0.so.0	at-spi2-core
avahi	libc.so.6	aaa_glibc-solibs
avahi	libc.so.6	glibc
avahi	libcairo-gobject.so.2	cairo
avahi	libcairo.so.2	cairo
avahi	libcap.so.2	aaa_libraries
avahi	libcap.so.2	libcap
avahi	libdaemon.so.0	libdaemon
avahi	libdbus-1.so.3	dbus
avahi	libevent-2.1.so.7	libevent
avahi	libexpat.so.1	aaa_libraries
avahi	libexpat.so.1	expat
avahi	libfontconfig.so.1	fontconfig
avahi	libfreetype.so.6	freetype
avahi	libgcc_s.so.1	aaa_libraries
avahi	libgcc_s.so.1	gcc
avahi	libgdbm.so.6	aaa_libraries
avahi	libgdbm.so.6	gdbm
avahi	libgdk-3.so.0	gtk+3
avahi	libgdk-x11-2.0.so.0	gtk+2
avahi	libgdk_pixbuf-2.0.so.0	gdk-pixbuf2
avahi	libgio-2.0.so.0	glib2
avahi	libglib-2.0.so.0	aaa_libraries
avahi	libglib-2.0.so.0	glib2
avahi	libgobject-2.0.so.0	aaa_libraries
avahi	libgobject-2.0.so.0	glib2
avahi	libgtk-3.so.0	gtk+3
avahi	libgtk-x11-2.0.so.0	gtk+2
avahi	libharfbuzz.so.0	harfbuzz
avahi	libm.so.6	aaa_glibc-solibs
avahi	libm.so.6	glibc
avahi	libpango-1.0.so.0	pango
avahi	libpangocairo-1.0.so.0	pango
avahi	libpangoft2-1.0.so.0	pango
avahi	libstdc++.so.6	aaa_libraries
avahi	libstdc++.so.6	gcc-g++
avahi	libz.so.1	aaa_libraries
avahi	libz.so.1	zlib
babl	ld-linux-x86-64.so.2	aaa_glibc-solibs
babl	ld-linux-x86-64.so.2	glibc
babl	libc.so.6	aaa_glibc-solibs
babl	libc.so.6	glibc
babl	liblcms2.so.2	lcms2
babl	libm.so.6	aaa_glibc-solibs
babl	libm.so.6	glibc
baloo	libGLX.so.0	libglvnd
baloo	libKF6ConfigCore.so.6	kconfig
baloo	libKF6CoreAddons.so.6	kcoreaddons
baloo	libKF6Crash.so.6	kcrash
baloo	libKF6DBusAddons.so.6	kdbusaddons
baloo	libKF6FileMetaData.so.3	kfilemetadata
baloo	libKF6I18n.so.6	ki18n
baloo	libKF6IdleTime.so.6	kidletime
baloo	libKF6KIOCore.so.6	kio
baloo	libKF6Solid.so.6	solid
baloo	libOpenGL.so.0	libglvnd
baloo	libQt6Core.so.6	qt6
baloo	libQt6DBus.so.6	qt6
baloo	libQt6Gui.so.6	qt6
baloo	libQt6Network.so.6	qt6
baloo	libQt6Qml.so.6	qt6
baloo	libc.so.6	aaa_glibc-solibs
baloo	libc.so.6	glibc
baloo	libgcc_s.so.1	aaa_libraries
baloo	libgcc_s.so.1	gcc
baloo	liblmdb.so.1	lmdb
baloo	libm.so.6	aaa_glibc-solibs
baloo	libm.so.6	glibc
baloo	libstdc++.so.6	aaa_libraries
baloo	libstdc++.so.6	gcc-g++
baloo-widgets	libGLX.so.0	libglvnd
baloo-widgets	libKF6Baloo.so.6	baloo
baloo-widgets	libKF6Completion.so.6	kcompletion
baloo-widgets	libKF6ConfigCore.so.6	kconfig
baloo-widgets	libKF6ConfigGui.so.6	kconfig
baloo-widgets	libKF6CoreAddons.so.6	kcoreaddons
baloo-widgets	libKF6FileMetaData.so.3	kfilemetadata
baloo-widgets	libKF6I18n.so.6	ki18n
baloo-widgets	libKF6JobWidgets.so.6	kjobwidgets
baloo-widgets	libKF6KIOCore.so.6	kio
baloo-widgets	libKF6KIOGui.so.6	kio
baloo-widgets	libKF6KIOWidgets.so.6	kio
baloo-widgets	libKF6Service.so.6	kservice
baloo-widgets	libKF6WidgetsAddons.so.6	kwidgetsaddons
baloo-widgets	libOpenGL.so.0	libglvnd
baloo-widgets	libQt6Core.so.6	qt6
baloo-widgets	libQt6DBus.so.6	qt6
baloo-widgets	libQt6Gui.so.6	qt6
baloo-widgets	libQt6Network.so.6	qt6
baloo-widgets	libQt6Widgets.so.6	qt6
baloo-widgets	libc.so.6	aaa_glibc-solibs
baloo-widgets	libc.so.6	glibc
baloo-widgets	libgcc_s.so.1	aaa_libraries
baloo-widgets	libgcc_s.so.1	gcc
baloo-widgets	libm.so.6	aaa_glibc-solibs
baloo-widgets	libm.so.6	glibc
baloo-widgets	libstdc++.so.6	aaa_libraries
baloo-widgets	libstdc++.so.6	gcc-g++
bash	libc.so.6	aaa_glibc-solibs
bash	libc.so.6	glibc
bash	libm.so.6	aaa_glibc-solibs
bash	libm.so.6	glibc
bash	libtinfo.so.6	aaa_libraries
bash	libtinfo.so.6	ncurses
bc	libc.so.6	aaa_glibc-solibs
bc	libc.so.6	glibc
bc	libncursesw.so.6	aaa_libraries
bc	libncursesw.so.6	ncurses
bc	libreadline.so.8	aaa_libraries
bc	libreadline.so.8	readline
bc	libtinfo.so.6	aaa_libraries
bc	libtinfo.so.6	ncurses
bcachefs-tools	ld-linux-x86-64.so.2	aaa_glibc-solibs
bcachefs-tools	ld-linux-x86-64.so.2	glibc
bcachefs-tools	libaio.so.1	aaa_libraries
bcachefs-tools	libaio.so.1	libaio
bcachefs-tools	libblkid.so.1	util-linux
bcachefs-tools	libc.so.6	aaa_glibc-solibs
bcachefs-tools	libc.so.6	glibc
bcachefs-tools	libgcc_s.so.1	aaa_libraries
bcachefs-tools	libgcc_s.so.1	gcc
bcachefs-tools	libkeyutils.so.1	aaa_libraries
bcachefs-tools	libkeyutils.so.1	keyutils
bcachefs-tools	liblz4.so.1	lz4
bcachefs-tools	libsodium.so.26	libsodium
bcachefs-tools	libudev.so.1	aaa_libraries
bcachefs-tools	libudev.so.1	eudev
bcachefs-tools	libunwind.so.8	aaa_libraries
bcachefs-tools	libunwind.so.8	libunwind
bcachefs-tools	liburcu.so.8	userspace-rcu
bcachefs-tools	libuuid.so.1	util-linux
bcachefs-tools	libz.so.1	aaa_libraries
bcachefs-tools	libz.so.1	zlib
bcachefs-tools	libzstd.so.1	aaa_libraries
bcachefs-tools	libzstd.so.1	zstd
bdftopcf	libc.so.6	aaa_glibc-solibs
bdftopcf	libc.so.6	glibc
beforelight	libX11.so.6	libX11
beforelight	libXss.so.1	libXScrnSaver
beforelight	libXt.so.6	libXt
beforelight	libc.so.6	aaa_glibc-solibs
beforelight	libc.so.6	glibc
biff+comsat	libc.so.6	aaa_glibc-solibs
biff+comsat	libc.so.6	glibc
bin	libc.so.6	aaa_glibc-solibs
bin	libc.so.6	glibc
bind	ld-linux-x86-64.so.2	aaa_glibc-solibs
bind	ld-linux-x86-64.so.2	glibc
bind	libc.so.6	aaa_glibc-solibs
bind	libc.so.6	glibc
bind	libcap.so.2	aaa_libraries
bind	libcap.so.2	libcap
bind	libcom_err.so.2	e2fsprogs
bind	libcrypto.so.3	openssl
bind	libcrypto.so.3	openssl-solibs
bind	libedit.so.0	libedit
bind	libgssapi_krb5.so.2	aaa_libraries
bind	libgssapi_krb5.so.2	krb5
bind	libidn2.so.0	aaa_libraries
bind	libidn2.so.0	libidn2
bind	libjemalloc.so.2	jemalloc
bind	libjson-c.so.5	aaa_libraries
bind	libjson-c.so.5	json-c
bind	libk5crypto.so.3	aaa_libraries
bind	libk5crypto.so.3	krb5
bind	libkrb5.so.3	aaa_libraries
bind	libkrb5.so.3	krb5
bind	liblmdb.so.1	lmdb
bind	libm.so.6	aaa_glibc-solibs
bind	libm.so.6	glibc
bind	libmaxminddb.so.0	libmaxminddb
bind	libnghttp2.so.14	nghttp2
bind	libssl.so.3	openssl
bind	libssl.so.3	openssl-solibs
bind	liburcu-cds.so.8	userspace-rcu
bind	liburcu-common.so.8	userspace-rcu
bind	liburcu.so.8	userspace-rcu
bind	libuv.so.1	libuv
bind	libxml2.so.16	libxml2
bind	libz.so.1	aaa_libraries
bind	libz.so.1	zlib
binutils	ld-linux-x86-64.so.2	aaa_glibc-solibs
binutils	ld-linux-x86-64.so.2	glibc
binutils	libc.so.6	aaa_glibc-solibs
binutils	libc.so.6	glibc
binutils	libdebuginfod.so.1	elfutils
binutils	libfl.so.2	flex
binutils	libgcc_s.so.1	aaa_libraries
binutils	libgcc_s.so.1	gcc
binutils	libm.so.6	aaa_glibc-solibs
binutils	libm.so.6	glibc
binutils	libstdc++.so.6	aaa_libraries
binutils	libstdc++.so.6	gcc-g++
binutils	libz.so.1	aaa_libraries
binutils	libz.so.1	zlib
binutils	libzstd.so.1	aaa_libraries
binutils	libzstd.so.1	zstd
bison	libc.so.6	aaa_glibc-solibs
bison	libc.so.6	glibc
bison	libtextstyle.so.0	gettext
bitmap	libX11.so.6	libX11
bitmap	libXaw.so.7	libXaw
bitmap	libXmu.so.6	libXmu
bitmap	libXt.so.6	libXt
bitmap	libc.so.6	aaa_glibc-solibs
bitmap	libc.so.6	glibc
bitmap	libm.so.6	aaa_glibc-solibs
bitmap	libm.so.6	glibc
blackbox	libICE.so.6	libICE
blackbox	libSM.so.6	libSM
blackbox	libX11.so.6	libX11
blackbox	libXext.so.6	libXext
blackbox	libXft.so.2	libXft
blackbox	libc.so.6	aaa_glibc-solibs
blackbox	libc.so.6	glibc
blackbox	libgcc_s.so.1	aaa_libraries
blackbox	libgcc_s.so.1	gcc
blackbox	libm.so.6	aaa_glibc-solibs
blackbox	libm.so.6	glibc
blackbox	libstdc++.so.6	aaa_libraries
blackbox	libstdc++.so.6	gcc-g++
blinken	libGLX.so.0	libglvnd
blinken	libKF6ColorScheme.so.6	kcolorscheme
blinken	libKF6ConfigCore.so.6	kconfig
blinken	libKF6ConfigGui.so.6	kconfig
blinken	libKF6ConfigWidgets.so.6	kconfigwidgets
blinken	libKF6CoreAddons.so.6	kcoreaddons
blinken	libKF6Crash.so.6	kcrash
blinken	libKF6DBusAddons.so.6	kdbusaddons
blinken	libKF6GuiAddons.so.6	kguiaddons
blinken	libKF6I18n.so.6	ki18n
blinken	libKF6WidgetsAddons.so.6	kwidgetsaddons
blinken	libKF6XmlGui.so.6	kxmlgui
blinken	libOpenGL.so.0	libglvnd
blinken	libQt6Core.so.6	qt6
blinken	libQt6DBus.so.6	qt6
blinken	libQt6Gui.so.6	qt6
blinken	libQt6Multimedia.so.6	qt6
blinken	libQt6Network.so.6	qt6
blinken	libQt6Qml.so.6	qt6
blinken	libQt6Svg.so.6	qt6
blinken	libQt6Widgets.so.6	qt6
blinken	libQt6Xml.so.6	qt6
blinken	libc.so.6	aaa_glibc-solibs
blinken	libc.so.6	glibc
blinken	libgcc_s.so.1	aaa_libraries
blinken	libgcc_s.so.1	gcc
blinken	libm.so.6	aaa_glibc-solibs
blinken	libm.so.6	glibc
blinken	libstdc++.so.6	aaa_libraries
blinken	libstdc++.so.6	gcc-g++
bluedevil	libGLX.so.0	libglvnd
bluedevil	libKF6BluezQt.so.6	bluez-qt
bluedevil	libKF6Bookmarks.so.6	kbookmarks
bluedevil	libKF6Completion.so.6	kcompletion
bluedevil	libKF6ConfigCore.so.6	kconfig
bluedevil	libKF6ConfigGui.so.6	kconfig
bluedevil	libKF6CoreAddons.so.6	kcoreaddons
bluedevil	libKF6DBusAddons.so.6	kdbusaddons
bluedevil	libKF6I18n.so.6	ki18n
bluedevil	libKF6ItemViews.so.6	kitemviews
bluedevil	libKF6JobWidgets.so.6	kjobwidgets
bluedevil	libKF6KCMUtilsCore.so.6	kcmutils
bluedevil	libKF6KCMUtilsQuick.so.6	kcmutils
bluedevil	libKF6KIOCore.so.6	kio
bluedevil	libKF6KIOFileWidgets.so.6	kio
bluedevil	libKF6KIOGui.so.6	kio
bluedevil	libKF6KIOWidgets.so.6	kio
bluedevil	libKF6Notifications.so.6	knotifications
bluedevil	libKF6Service.so.6	kservice
bluedevil	libKF6Solid.so.6	solid
bluedevil	libKF6WidgetsAddons.so.6	kwidgetsaddons
bluedevil	libKF6WindowSystem.so.6	kwindowsystem
bluedevil	libKirigamiPlatform.so.6	kirigami
bluedevil	libOpenGL.so.0	libglvnd
bluedevil	libPlasma.so.7	libplasma
bluedevil	libQt6Core.so.6	qt6
bluedevil	libQt6DBus.so.6	qt6
bluedevil	libQt6Gui.so.6	qt6
bluedevil	libQt6Network.so.6	qt6
bluedevil	libQt6OpenGL.so.6	qt6
bluedevil	libQt6Qml.so.6	qt6
bluedevil	libQt6Quick.so.6	qt6
bluedevil	libQt6Widgets.so.6	qt6
bluedevil	libQt6Xml.so.6	qt6
bluedevil	libX11.so.6	libX11
bluedevil	libc.so.6	aaa_glibc-solibs
bluedevil	libc.so.6	glibc
bluedevil	libgcc_s.so.1	aaa_libraries
bluedevil	libgcc_s.so.1	gcc
bluedevil	libm.so.6	aaa_glibc-solibs
bluedevil	libm.so.6	glibc
bluedevil	libstdc++.so.6	aaa_libraries
bluedevil	libstdc++.so.6	gcc-g++
blueman	libbluetooth.so.3	bluez
blueman	libc.so.6	aaa_glibc-solibs
blueman	libc.so.6	glibc
blueman	libglib-2.0.so.0	aaa_libraries
blueman	libglib-2.0.so.0	glib2
blueman	libgthread-2.0.so.0	aaa_libraries
blueman	libgthread-2.0.so.0	glib2
bluez	libasound.so.2	aaa_libraries
bluez	libasound.so.2	alsa-lib
bluez	libc.so.6	aaa_glibc-solibs
bluez	libc.so.6	glibc
bluez	libdbus-1.so.3	dbus
bluez	libglib-2.0.so.0	aaa_libraries
bluez	libglib-2.0.so.0	glib2
bluez	libical.so.3	libical
bluez	libicalss.so.3	libical
bluez	libicalvcal.so.3	libical
bluez	libjson-c.so.5	aaa_libraries
bluez	libjson-c.so.5	json-c
bluez	libncursesw.so.6	aaa_libraries
bluez	libncursesw.so.6	ncurses
bluez	libreadline.so.8	aaa_libraries
bluez	libreadline.so.8	readline
bluez	libtinfo.so.6	aaa_libraries
bluez	libtinfo.so.6	ncurses
bluez	libudev.so.1	aaa_libraries
bluez	libudev.so.1	eudev
bluez-qt	libQt6Core.so.6	qt6
bluez-qt	libQt6DBus.so.6	qt6
bluez-qt	libQt6Network.so.6	qt6
bluez-qt	libQt6Qml.so.6	qt6
bluez-qt	libc.so.6	aaa_glibc-solibs
bluez-qt	libc.so.6	glibc
bluez-qt	libgcc_s.so.1	aaa_libraries
bluez-qt	libgcc_s.so.1	gcc
bluez-qt	libm.so.6	aaa_glibc-solibs
bluez-qt	libm.so.6	glibc
bluez-qt	libstdc++.so.6	aaa_libraries
bluez-qt	libstdc++.so.6	gcc-g++
bomber	libGLX.so.0	libglvnd
bomber	libKDEGames6.so.6	libkdegames
bomber	libKF6ColorScheme.so.6	kcolorscheme
bomber	libKF6ConfigCore.so.6	kconfig
bomber	libKF6ConfigGui.so.6	kconfig
bomber	libKF6ConfigWidgets.so.6	kconfigwidgets
bomber	libKF6CoreAddons.so.6	kcoreaddons
bomber	libKF6Crash.so.6	kcrash
bomber	libKF6DBusAddons.so.6	kdbusaddons
bomber	libKF6GuiAddons.so.6	kguiaddons
bomber	libKF6I18n.so.6	ki18n
bomber	libKF6IconThemes.so.6	kiconthemes
bomber	libKF6WidgetsAddons.so.6	kwidgetsaddons
bomber	libKF6XmlGui.so.6	kxmlgui
bomber	libOpenGL.so.0	libglvnd
bomber	libQt6Core.so.6	qt6
bomber	libQt6DBus.so.6	qt6
bomber	libQt6Gui.so.6	qt6
bomber	libQt6Network.so.6	qt6
bomber	libQt6Qml.so.6	qt6
bomber	libQt6Widgets.so.6	qt6
bomber	libQt6Xml.so.6	qt6
bomber	libc.so.6	aaa_glibc-solibs
bomber	libc.so.6	glibc
bomber	libgcc_s.so.1	aaa_libraries
bomber	libgcc_s.so.1	gcc
bomber	libm.so.6	aaa_glibc-solibs
bomber	libm.so.6	glibc
bomber	libstdc++.so.6	aaa_libraries
bomber	libstdc++.so.6	gcc-g++
boost	ld-linux-x86-64.so.2	aaa_glibc-solibs
boost	ld-linux-x86-64.so.2	glibc
boost	libbz2.so.1	aaa_libraries
boost	libbz2.so.1	bzip2
boost	libc.so.6	aaa_glibc-solibs
boost	libc.so.6	glibc
boost	libcrypto.so.3	openssl
boost	libcrypto.so.3	openssl-solibs
boost	libgcc_s.so.1	aaa_libraries
boost	libgcc_s.so.1	gcc
boost	libicudata.so.78	icu4c
boost	libicui18n.so.78	icu4c
boost	libicuuc.so.78	icu4c
boost	liblzma.so.5	aaa_libraries
boost	liblzma.so.5	xz
boost	libm.so.6	aaa_glibc-solibs
boost	libm.so.6	glibc
boost	libquadmath.so.0	gcc
boost	libssl.so.3	openssl
boost	libssl.so.3	openssl-solibs
boost	libstdc++.so.6	aaa_libraries
boost	libstdc++.so.6	gcc-g++
boost	libz.so.1	aaa_libraries
boost	libz.so.1	zlib
boost	libzstd.so.1	aaa_libraries
boost	libzstd.so.1	zstd
bootp	libc.so.6	aaa_glibc-solibs
bootp	libc.so.6	glibc
bovo	libGLX.so.0	libglvnd
bovo	libKDEGames6.so.6	libkdegames
bovo	libKF6ColorScheme.so.6	kcolorscheme
bovo	libKF6ConfigCore.so.6	kconfig
bovo	libKF6ConfigGui.so.6	kconfig
bovo	libKF6ConfigWidgets.so.6	kconfigwidgets
bovo	libKF6CoreAddons.so.6	kcoreaddons
bovo	libKF6Crash.so.6	kcrash
bovo	libKF6DBusAddons.so.6	kdbusaddons
bovo	libKF6GuiAddons.so.6	kguiaddons
bovo	libKF6I18n.so.6	ki18n
bovo	libKF6IconThemes.so.6	kiconthemes
bovo	libKF6WidgetsAddons.so.6	kwidgetsaddons
bovo	libKF6XmlGui.so.6	kxmlgui
bovo	libOpenGL.so.0	libglvnd
bovo	libQt6Concurrent.so.6	qt6
bovo	libQt6Core.so.6	qt6
bovo	libQt6DBus.so.6	qt6
bovo	libQt6Gui.so.6	qt6
bovo	libQt6Network.so.6	qt6
bovo	libQt6Qml.so.6	qt6
bovo	libQt6Svg.so.6	qt6
bovo	libQt6SvgWidgets.so.6	qt6
bovo	libQt6Widgets.so.6	qt6
bovo	libQt6Xml.so.6	qt6
bovo	libc.so.6	aaa_glibc-solibs
bovo	libc.so.6	glibc
bovo	libgcc_s.so.1	aaa_libraries
bovo	libgcc_s.so.1	gcc
bovo	libm.so.6	aaa_glibc-solibs
bovo	libm.so.6	glibc
bovo	libstdc++.so.6	aaa_libraries
bovo	libstdc++.so.6	gcc-g++
bpe	libc.so.6	aaa_glibc-solibs
bpe	libc.so.6	glibc
bpe	libncursesw.so.6	aaa_libraries
bpe	libncursesw.so.6	ncurses
bpe	libtinfo.so.6	aaa_libraries
bpe	libtinfo.so.6	ncurses
breeze	libGLX.so.0	libglvnd
breeze	libKF5Auth.so.5	kauth5
breeze	libKF5AuthCore.so.5	kauth5
breeze	libKF5Codecs.so.5	kcodecs5
breeze	libKF5ConfigCore.so.5	kconfig5
breeze	libKF5ConfigGui.so.5	kconfig5
breeze	libKF5ConfigWidgets.so.5	kconfigwidgets5
breeze	libKF5CoreAddons.so.5	kcoreaddons5
breeze	libKF5GuiAddons.so.5	kguiaddons5
breeze	libKF5IconThemes.so.5	kiconthemes5
breeze	libKF5Style.so.5	frameworkintegration5
breeze	libKF5WidgetsAddons.so.5	kwidgetsaddons5
breeze	libKF5WindowSystem.so.5	kwindowsystem5
breeze	libKF6ColorScheme.so.6	kcolorscheme
breeze	libKF6ConfigCore.so.6	kconfig
breeze	libKF6ConfigGui.so.6	kconfig
breeze	libKF6ConfigWidgets.so.6	kconfigwidgets
breeze	libKF6CoreAddons.so.6	kcoreaddons
breeze	libKF6GuiAddons.so.6	kguiaddons
breeze	libKF6I18n.so.6	ki18n
breeze	libKF6IconThemes.so.6	kiconthemes
breeze	libKF6KCMUtils.so.6	kcmutils
breeze	libKF6KCMUtilsCore.so.6	kcmutils
breeze	libKF6KCMUtilsQuick.so.6	kcmutils
breeze	libKF6Style.so.6	frameworkintegration
breeze	libKF6WidgetsAddons.so.6	kwidgetsaddons
breeze	libKF6WindowSystem.so.6	kwindowsystem
breeze	libOpenGL.so.0	libglvnd
breeze	libQt5Core.so.5	qt5
breeze	libQt5DBus.so.5	qt5
breeze	libQt5Gui.so.5	qt5
breeze	libQt5Network.so.5	qt5
breeze	libQt5Qml.so.5	qt5
breeze	libQt5QmlModels.so.5	qt5
breeze	libQt5Quick.so.5	qt5
breeze	libQt5Widgets.so.5	qt5
breeze	libQt5Xml.so.5	qt5
breeze	libQt6Core.so.6	qt6
breeze	libQt6DBus.so.6	qt6
breeze	libQt6Gui.so.6	qt6
breeze	libQt6Network.so.6	qt6
breeze	libQt6OpenGL.so.6	qt6
breeze	libQt6Qml.so.6	qt6
breeze	libQt6Quick.so.6	qt6
breeze	libQt6Svg.so.6	qt6
breeze	libQt6Widgets.so.6	qt6
breeze	libX11.so.6	libX11
breeze	libc.so.6	aaa_glibc-solibs
breeze	libc.so.6	glibc
breeze	libgcc_s.so.1	aaa_libraries
breeze	libgcc_s.so.1	gcc
breeze	libkdecorations3.so.6	kdecoration
breeze	libm.so.6	aaa_glibc-solibs
breeze	libm.so.6	glibc
breeze	libstdc++.so.6	aaa_libraries
breeze	libstdc++.so.6	gcc-g++
breeze-icons	libGLX.so.0	libglvnd
breeze-icons	libOpenGL.so.0	libglvnd
breeze-icons	libQt6Core.so.6	qt6
breeze-icons	libQt6Gui.so.6	qt6
breeze-icons	libc.so.6	aaa_glibc-solibs
breeze-icons	libc.so.6	glibc
breeze-icons	libgcc_s.so.1	aaa_libraries
breeze-icons	libgcc_s.so.1	gcc
breeze-icons	libm.so.6	aaa_glibc-solibs
breeze-icons	libm.so.6	glibc
breeze-icons	libstdc++.so.6	aaa_libraries
breeze-icons	libstdc++.so.6	gcc-g++
bridge-utils	libc.so.6	aaa_glibc-solibs
bridge-utils	libc.so.6	glibc
brotli	libc.so.6	aaa_glibc-solibs
brotli	libc.so.6	glibc
brotli	libm.so.6	aaa_glibc-solibs
brotli	libm.so.6	glibc
bsd-finger	libc.so.6	aaa_glibc-solibs
bsd-finger	libc.so.6	glibc
bsd-games	libc.so.6	aaa_glibc-solibs
bsd-games	libc.so.6	glibc
bsd-games	libcrypto.so.3	openssl
bsd-games	libcrypto.so.3	openssl-solibs
bsd-games	libfl.so.2	flex
bsd-games	libgcc_s.so.1	aaa_libraries
bsd-games	libgcc_s.so.1	gcc
bsd-games	libm.so.6	aaa_glibc-solibs
bsd-games	libm.so.6	glibc
bsd-games	libncursesw.so.6	aaa_libraries
bsd-games	libncursesw.so.6	ncurses
bsd-games	libstdc++.so.6	aaa_libraries
bsd-games	libstdc++.so.6	gcc-g++
bsd-games	libtinfo.so.6	aaa_libraries
bsd-games	libtinfo.so.6	ncurses
bstring	libc.so.6	aaa_glibc-solibs
bstring	libc.so.6	glibc
btrfs-progs	ld-linux-x86-64.so.2	aaa_glibc-solibs
btrfs-progs	ld-linux-x86-64.so.2	glibc
btrfs-progs	libblkid.so.1	util-linux
btrfs-progs	libc.so.6	aaa_glibc-solibs
btrfs-progs	libc.so.6	glibc
btrfs-progs	libcom_err.so.2	e2fsprogs
btrfs-progs	libext2fs.so.2	e2fsprogs
btrfs-progs	liblzo2.so.2	lzo
btrfs-progs	libudev.so.1	aaa_libraries
btrfs-progs	libudev.so.1	eudev
btrfs-progs	libuuid.so.1	util-linux
btrfs-progs	libz.so.1	aaa_libraries
btrfs-progs	libz.so.1	zlib
btrfs-progs	libzstd.so.1	aaa_libraries
btrfs-progs	libzstd.so.1	zstd
bzip2	libbz2.so.1	aaa_libraries
bzip2	libc.so.6	aaa_glibc-solibs
bzip2	libc.so.6	glibc
c-ares	libc.so.6	aaa_glibc-solibs
c-ares	libc.so.6	glibc
cairo	libX11.so.6	libX11
cairo	libXext.so.6	libXext
cairo	libXrender.so.1	libXrender
cairo	libc.so.6	aaa_glibc-solibs
cairo	libc.so.6	glibc
cairo	libfontconfig.so.1	fontconfig
cairo	libfreetype.so.6	freetype
cairo	libglib-2.0.so.0	aaa_libraries
cairo	libglib-2.0.so.0	glib2
cairo	libgobject-2.0.so.0	aaa_libraries
cairo	libgobject-2.0.so.0	glib2
cairo	liblzo2.so.2	lzo
cairo	libm.so.6	aaa_glibc-solibs
cairo	libm.so.6	glibc
cairo	libpixman-1.so.0	pixman
cairo	libpng16.so.16	aaa_libraries
cairo	libpng16.so.16	libpng
cairo	libxcb-render.so.0	libxcb
cairo	libxcb-shm.so.0	libxcb
cairo	libxcb.so.1	libxcb
cairo	libz.so.1	aaa_libraries
cairo	libz.so.1	zlib
cairomm	libc.so.6	aaa_glibc-solibs
cairomm	libc.so.6	glibc
cairomm	libcairo.so.2	cairo
cairomm	libgcc_s.so.1	aaa_libraries
cairomm	libgcc_s.so.1	gcc
cairomm	libsigc-2.0.so.0	libsigc++
cairomm	libstdc++.so.6	aaa_libraries
cairomm	libstdc++.so.6	gcc-g++
cairomm1	libc.so.6	aaa_glibc-solibs
cairomm1	libc.so.6	glibc
cairomm1	libcairo.so.2	cairo
cairomm1	libgcc_s.so.1	aaa_libraries
cairomm1	libgcc_s.so.1	gcc
cairomm1	libsigc-3.0.so.0	libsigc++3
cairomm1	libstdc++.so.6	aaa_libraries
cairomm1	libstdc++.so.6	gcc-g++
calendarsupport	libGLX.so.0	libglvnd
calendarsupport	libKF6CalendarCore.so.6	kcalendarcore
calendarsupport	libKF6Codecs.so.6	kcodecs
calendarsupport	libKF6ColorScheme.so.6	kcolorscheme
calendarsupport	libKF6Completion.so.6	kcompletion
calendarsupport	libKF6ConfigCore.so.6	kconfig
calendarsupport	libKF6ConfigGui.so.6	kconfig
calendarsupport	libKF6ConfigWidgets.so.6	kconfigwidgets
calendarsupport	libKF6CoreAddons.so.6	kcoreaddons
calendarsupport	libKF6GuiAddons.so.6	kguiaddons
calendarsupport	libKF6Holidays.so.6	kholidays
calendarsupport	libKF6I18n.so.6	ki18n
calendarsupport	libKF6ItemModels.so.6	kitemmodels
calendarsupport	libKF6JobWidgets.so.6	kjobwidgets
calendarsupport	libKF6KIOCore.so.6	kio
calendarsupport	libKF6KIOGui.so.6	kio
calendarsupport	libKF6KIOWidgets.so.6	kio
calendarsupport	libKF6Mime.so.6	kmime
calendarsupport	libKF6Service.so.6	kservice
calendarsupport	libKF6SonnetUi.so.6	sonnet
calendarsupport	libKF6SyntaxHighlighting.so.6	syntax-highlighting
calendarsupport	libKF6TextCustomEditor.so.1	ktextaddons
calendarsupport	libKF6WidgetsAddons.so.6	kwidgetsaddons
calendarsupport	libKPim6AkonadiCalendar.so.6	akonadi-calendar
calendarsupport	libKPim6AkonadiCalendarCore.so.6	akonadi-calendar
calendarsupport	libKPim6AkonadiCore.so.6	akonadi
calendarsupport	libKPim6AkonadiPrivate.so.6	akonadi
calendarsupport	libKPim6AkonadiWidgets.so.6	akonadi
calendarsupport	libKPim6CalendarUtils.so.6	kcalutils
calendarsupport	libKPim6IdentityManagementCore.so.6	kidentitymanagement
calendarsupport	libOpenGL.so.0	libglvnd
calendarsupport	libQt6Core.so.6	qt6
calendarsupport	libQt6DBus.so.6	qt6
calendarsupport	libQt6Gui.so.6	qt6
calendarsupport	libQt6Network.so.6	qt6
calendarsupport	libQt6PrintSupport.so.6	qt6
calendarsupport	libQt6Widgets.so.6	qt6
calendarsupport	libc.so.6	aaa_glibc-solibs
calendarsupport	libc.so.6	glibc
calendarsupport	libgcc_s.so.1	aaa_libraries
calendarsupport	libgcc_s.so.1	gcc
calendarsupport	libm.so.6	aaa_glibc-solibs
calendarsupport	libm.so.6	glibc
calendarsupport	libstdc++.so.6	aaa_libraries
calendarsupport	libstdc++.so.6	gcc-g++
calligra	libGLX.so.0	libglvnd
calligra	libImath-3_2.so.30	Imath
calligra	libKChart6.so.3	kdiagram
calligra	libKF6Archive.so.6	karchive
calligra	libKF6Bookmarks.so.6	kbookmarks
calligra	libKF6ColorScheme.so.6	kcolorscheme
calligra	libKF6Completion.so.6	kcompletion
calligra	libKF6ConfigCore.so.6	kconfig
calligra	libKF6ConfigGui.so.6	kconfig
calligra	libKF6ConfigWidgets.so.6	kconfigwidgets
calligra	libKF6CoreAddons.so.6	kcoreaddons
calligra	libKF6Crash.so.6	kcrash
calligra	libKF6DBusAddons.so.6	kdbusaddons
calligra	libKF6GuiAddons.so.6	kguiaddons
calligra	libKF6I18n.so.6	ki18n
calligra	libKF6IconThemes.so.6	kiconthemes
calligra	libKF6IconWidgets.so.6	kiconthemes
calligra	libKF6ItemViews.so.6	kitemviews
calligra	libKF6JobWidgets.so.6	kjobwidgets
calligra	libKF6KCMUtils.so.6	kcmutils
calligra	libKF6KCMUtilsCore.so.6	kcmutils
calligra	libKF6KCMUtilsQuick.so.6	kcmutils
calligra	libKF6KIOCore.so.6	kio
calligra	libKF6KIOFileWidgets.so.6	kio
calligra	libKF6KIOGui.so.6	kio
calligra	libKF6KIOWidgets.so.6	kio
calligra	libKF6Notifications.so.6	knotifications
calligra	libKF6NotifyConfig.so.6	knotifyconfig
calligra	libKF6Service.so.6	kservice
calligra	libKF6Solid.so.6	solid
calligra	libKF6SonnetCore.so.6	sonnet
calligra	libKF6SonnetUi.so.6	sonnet
calligra	libKF6TextWidgets.so.6	ktextwidgets
calligra	libKF6WidgetsAddons.so.6	kwidgetsaddons
calligra	libKF6WindowSystem.so.6	kwindowsystem
calligra	libKF6XmlGui.so.6	kxmlgui
calligra	libOkular6Core.so.4	okular
calligra	libOpenGL.so.0	libglvnd
calligra	libQt6Core.so.6	qt6
calligra	libQt6DBus.so.6	qt6
calligra	libQt6Gui.so.6	qt6
calligra	libQt6Network.so.6	qt6
calligra	libQt6OpenGL.so.6	qt6
calligra	libQt6Positioning.so.6	qt6
calligra	libQt6PrintSupport.so.6	qt6
calligra	libQt6Qml.so.6	qt6
calligra	libQt6Quick.so.6	qt6
calligra	libQt6QuickControls2.so.6	qt6
calligra	libQt6Sql.so.6	qt6
calligra	libQt6Svg.so.6	qt6
calligra	libQt6WebChannel.so.6	qt6
calligra	libQt6WebEngineCore.so.6	qt6
calligra	libQt6WebEngineWidgets.so.6	qt6
calligra	libQt6Widgets.so.6	qt6
calligra	libQt6Xml.so.6	qt6
calligra	libX11.so.6	libX11
calligra	libc.so.6	aaa_glibc-solibs
calligra	libc.so.6	glibc
calligra	libcrypto.so.3	openssl
calligra	libcrypto.so.3	openssl-solibs
calligra	libfontconfig.so.1	fontconfig
calligra	libfreetype.so.6	freetype
calligra	libgcc_s.so.1	aaa_libraries
calligra	libgcc_s.so.1	gcc
calligra	libgsl.so.28	gsl
calligra	libgslcblas.so.0	gsl
calligra	libm.so.6	aaa_glibc-solibs
calligra	libm.so.6	glibc
calligra	libodfgen-0.1.so.1	libodfgen
calligra	libphonon4qt6.so.4	phonon
calligra	libphonon4qt6experimental.so.4	phonon
calligra	libpoppler-qt6.so.3	poppler
calligra	libpoppler.so.165	poppler
calligra	libqca-qt6.so.2	qca
calligra	libqt6keychain.so.1	qtkeychain
calligra	librevenge-0.0.so.0	librevenge
calligra	librevenge-stream-0.0.so.0	librevenge
calligra	libssl.so.3	openssl
calligra	libssl.so.3	openssl-solibs
calligra	libstdc++.so.6	aaa_libraries
calligra	libstdc++.so.6	gcc-g++
calligra	libvisio-0.1.so.1	libvisio
calligra	libwpd-0.10.so.10	libwpd
calligra	libwpg-0.3.so.3	libwpg
calligra	libz.so.1	aaa_libraries
calligra	libz.so.1	zlib
calligraplan	libGLX.so.0	libglvnd
calligraplan	libICE.so.6	libICE
calligraplan	libKChart6.so.3	kdiagram
calligraplan	libKF6Archive.so.6	karchive
calligraplan	libKF6Bookmarks.so.6	kbookmarks
calligraplan	libKF6CalendarCore.so.6	kcalendarcore
calligraplan	libKF6ColorScheme.so.6	kcolorscheme
calligraplan	libKF6Completion.so.6	kcompletion
calligraplan	libKF6ConfigCore.so.6	kconfig
calligraplan	libKF6ConfigGui.so.6	kconfig
calligraplan	libKF6ConfigWidgets.so.6	kconfigwidgets
calligraplan	libKF6CoreAddons.so.6	kcoreaddons
calligraplan	libKF6DBusAddons.so.6	kdbusaddons
calligraplan	libKF6GuiAddons.so.6	kguiaddons
calligraplan	libKF6Holidays.so.6	kholidays
calligraplan	libKF6I18n.so.6	ki18n
calligraplan	libKF6IconThemes.so.6	kiconthemes
calligraplan	libKF6IconWidgets.so.6	kiconthemes
calligraplan	libKF6ItemModels.so.6	kitemmodels
calligraplan	libKF6ItemViews.so.6	kitemviews
calligraplan	libKF6JobWidgets.so.6	kjobwidgets
calligraplan	libKF6KIOCore.so.6	kio
calligraplan	libKF6KIOFileWidgets.so.6	kio
calligraplan	libKF6KIOGui.so.6	kio
calligraplan	libKF6KIOWidgets.so.6	kio
calligraplan	libKF6Notifications.so.6	knotifications
calligraplan	libKF6Parts.so.6	kparts
calligraplan	libKF6Service.so.6	kservice
calligraplan	libKF6Solid.so.6	solid
calligraplan	libKF6SonnetUi.so.6	sonnet
calligraplan	libKF6TextWidgets.so.6	ktextwidgets
calligraplan	libKF6Wallet.so.6	kwallet
calligraplan	libKF6WidgetsAddons.so.6	kwidgetsaddons
calligraplan	libKF6WindowSystem.so.6	kwindowsystem
calligraplan	libKF6XmlGui.so.6	kxmlgui
calligraplan	libKGantt6.so.3	kdiagram
calligraplan	libOpenGL.so.0	libglvnd
calligraplan	libPlasmaActivities.so.7	plasma-activities
calligraplan	libQt6Core.so.6	qt6
calligraplan	libQt6DBus.so.6	qt6
calligraplan	libQt6Gui.so.6	qt6
calligraplan	libQt6Network.so.6	qt6
calligraplan	libQt6PrintSupport.so.6	qt6
calligraplan	libQt6Widgets.so.6	qt6
calligraplan	libQt6Xml.so.6	qt6
calligraplan	libSM.so.6	libSM
calligraplan	libX11.so.6	libX11
calligraplan	libXext.so.6	libXext
calligraplan	libc.so.6	aaa_glibc-solibs
calligraplan	libc.so.6	glibc
calligraplan	libgcc_s.so.1	aaa_libraries
calligraplan	libgcc_s.so.1	gcc
calligraplan	libm.so.6	aaa_glibc-solibs
calligraplan	libm.so.6	glibc
calligraplan	libqca-qt6.so.2	qca
calligraplan	libstdc++.so.6	aaa_libraries
calligraplan	libstdc++.so.6	gcc-g++
cantor	libAnalitza.so.9	analitza
cantor	libAnalitzaGui.so.9	analitza
cantor	libGLX.so.0	libglvnd
cantor	libKF6Archive.so.6	karchive
cantor	libKF6Attica.so.6	attica
cantor	libKF6Bookmarks.so.6	kbookmarks
cantor	libKF6ColorScheme.so.6	kcolorscheme
cantor	libKF6Completion.so.6	kcompletion
cantor	libKF6ConfigCore.so.6	kconfig
cantor	libKF6ConfigGui.so.6	kconfig
cantor	libKF6ConfigWidgets.so.6	kconfigwidgets
cantor	libKF6CoreAddons.so.6	kcoreaddons
cantor	libKF6Crash.so.6	kcrash
cantor	libKF6GuiAddons.so.6	kguiaddons
cantor	libKF6I18n.so.6	ki18n
cantor	libKF6IconThemes.so.6	kiconthemes
cantor	libKF6IconWidgets.so.6	kiconthemes
cantor	libKF6ItemViews.so.6	kitemviews
cantor	libKF6JobWidgets.so.6	kjobwidgets
cantor	libKF6KIOCore.so.6	kio
cantor	libKF6KIOFileWidgets.so.6	kio
cantor	libKF6KIOGui.so.6	kio
cantor	libKF6KIOWidgets.so.6	kio
cantor	libKF6NewStuffCore.so.6	knewstuff
cantor	libKF6NewStuffWidgets.so.6	knewstuff
cantor	libKF6Parts.so.6	kparts
cantor	libKF6Service.so.6	kservice
cantor	libKF6Solid.so.6	solid
cantor	libKF6SonnetUi.so.6	sonnet
cantor	libKF6SyntaxHighlighting.so.6	syntax-highlighting
cantor	libKF6TextEditor.so.6	ktexteditor
cantor	libKF6TextWidgets.so.6	ktextwidgets
cantor	libKF6WidgetsAddons.so.6	kwidgetsaddons
cantor	libKF6XmlGui.so.6	kxmlgui
cantor	libOpenGL.so.0	libglvnd
cantor	libQt6Core.so.6	qt6
cantor	libQt6DBus.so.6	qt6
cantor	libQt6Gui.so.6	qt6
cantor	libQt6Help.so.6	qt6
cantor	libQt6Network.so.6	qt6
cantor	libQt6OpenGL.so.6	qt6
cantor	libQt6Positioning.so.6	qt6
cantor	libQt6PrintSupport.so.6	qt6
cantor	libQt6Qml.so.6	qt6
cantor	libQt6Quick.so.6	qt6
cantor	libQt6Sql.so.6	qt6
cantor	libQt6Svg.so.6	qt6
cantor	libQt6WebChannel.so.6	qt6
cantor	libQt6WebEngineCore.so.6	qt6
cantor	libQt6WebEngineWidgets.so.6	qt6
cantor	libQt6Widgets.so.6	qt6
cantor	libQt6Xml.so.6	qt6
cantor	libc.so.6	aaa_glibc-solibs
cantor	libc.so.6	glibc
cantor	libgcc_s.so.1	aaa_libraries
cantor	libgcc_s.so.1	gcc
cantor	libluajit-5.1.so.2	luajit
cantor	libm.so.6	aaa_glibc-solibs
cantor	libm.so.6	glibc
cantor	libpoppler-qt6.so.3	poppler
cantor	libpoppler.so.165	poppler
cantor	libpython3.12.so.1.0	python3
cantor	libqalculate.so.23	libqalculate
cantor	libstdc++.so.6	aaa_libraries
cantor	libstdc++.so.6	gcc-g++
cantor	libxml2.so.16	libxml2
cantor	libxslt.so.1	libxslt
cargo-c	ld-linux-x86-64.so.2	aaa_glibc-solibs
cargo-c	ld-linux-x86-64.so.2	glibc
cargo-c	libc.so.6	aaa_glibc-solibs
cargo-c	libc.so.6	glibc
cargo-c	libcrypto.so.3	openssl
cargo-c	libcrypto.so.3	openssl-solibs
cargo-c	libcurl.so.4	aaa_libraries
cargo-c	libcurl.so.4	curl
cargo-c	libgcc_s.so.1	aaa_libraries
cargo-c	libgcc_s.so.1	gcc
cargo-c	libm.so.6	aaa_glibc-solibs
cargo-c	libm.so.6	glibc
cargo-c	libssl.so.3	openssl
cargo-c	libssl.so.3	openssl-solibs
cargo-c	libz.so.1	aaa_libraries
cargo-c	libz.so.1	zlib
cargo-vendor-filterer	ld-linux-x86-64.so.2	aaa_glibc-solibs
cargo-vendor-filterer	ld-linux-x86-64.so.2	glibc
cargo-vendor-filterer	libc.so.6	aaa_glibc-solibs
cargo-vendor-filterer	libc.so.6	glibc
cargo-vendor-filterer	libgcc_s.so.1	aaa_libraries
cargo-vendor-filterer	libgcc_s.so.1	gcc
cbindgen	ld-linux-x86-64.so.2	aaa_glibc-solibs
cbindgen	ld-linux-x86-64.so.2	glibc
cbindgen	libc.so.6	aaa_glibc-solibs
cbindgen	libc.so.6	glibc
cbindgen	libgcc_s.so.1	aaa_libraries
cbindgen	libgcc_s.so.1	gcc
ccache	ld-linux-x86-64.so.2	aaa_glibc-solibs
ccache	ld-linux-x86-64.so.2	glibc
ccache	libc.so.6	aaa_glibc-solibs
ccache	libc.so.6	glibc
ccache	libfmt.so.12	fmt
ccache	libgcc_s.so.1	aaa_libraries
ccache	libgcc_s.so.1	gcc
ccache	libm.so.6	aaa_glibc-solibs
ccache	libm.so.6	glibc
ccache	libstdc++.so.6	aaa_libraries
ccache	libstdc++.so.6	gcc-g++
ccache	libxxhash.so.0	xxHash
ccache	libzstd.so.1	aaa_libraries
ccache	libzstd.so.1	zstd
ccid	libc.so.6	aaa_glibc-solibs
ccid	libc.so.6	glibc
ccid	libusb-1.0.so.0	aaa_libraries
ccid	libusb-1.0.so.0	libusb
cdparanoia	libc.so.6	aaa_glibc-solibs
cdparanoia	libc.so.6	glibc
cdparanoia	libm.so.6	aaa_glibc-solibs
cdparanoia	libm.so.6	glibc
cdrdao	libao.so.4	libao
cdrdao	libatk-1.0.so.0	at-spi2-core
cdrdao	libatkmm-1.6.so.1	atkmm
cdrdao	libc.so.6	aaa_glibc-solibs
cdrdao	libc.so.6	glibc
cdrdao	libcairo-gobject.so.2	cairo
cdrdao	libcairo.so.2	cairo
cdrdao	libcairomm-1.0.so.1	cairomm
cdrdao	libgcc_s.so.1	aaa_libraries
cdrdao	libgcc_s.so.1	gcc
cdrdao	libgdk-3.so.0	gtk+3
cdrdao	libgdk_pixbuf-2.0.so.0	gdk-pixbuf2
cdrdao	libgdkmm-3.0.so.1	gtkmm3
cdrdao	libgio-2.0.so.0	glib2
cdrdao	libgiomm-2.4.so.1	glibmm
cdrdao	libglib-2.0.so.0	aaa_libraries
cdrdao	libglib-2.0.so.0	glib2
cdrdao	libglibmm-2.4.so.1	glibmm
cdrdao	libgobject-2.0.so.0	aaa_libraries
cdrdao	libgobject-2.0.so.0	glib2
cdrdao	libgtk-3.so.0	gtk+3
cdrdao	libgtkmm-3.0.so.1	gtkmm3
cdrdao	libharfbuzz.so.0	harfbuzz
cdrdao	libm.so.6	aaa_glibc-solibs
cdrdao	libm.so.6	glibc
cdrdao	libmad.so.0	libmad
cdrdao	libmp3lame.so.0	lame
cdrdao	libpango-1.0.so.0	pango
cdrdao	libpangocairo-1.0.so.0	pango
cdrdao	libpangomm-1.4.so.1	pangomm
cdrdao	libsigc-2.0.so.0	libsigc++
cdrdao	libstdc++.so.6	aaa_libraries
cdrdao	libstdc++.so.6	gcc-g++
cdrdao	libvorbisfile.so.3	libvorbis
cdrdao	libz.so.1	aaa_libraries
cdrdao	libz.so.1	zlib
cdrtools	libacl.so.1	aaa_libraries
cdrtools	libacl.so.1	acl
cdrtools	libasound.so.2	aaa_libraries
cdrtools	libasound.so.2	alsa-lib
cdrtools	libc.so.6	aaa_glibc-solibs
cdrtools	libc.so.6	glibc
cdrtools	libcap.so.2	aaa_libraries
cdrtools	libcap.so.2	libcap
cdrtools	libpulse-simple.so.0	pulseaudio
cdrtools	libpulse.so.0	pulseaudio
cdrtools	libz.so.1	aaa_libraries
cdrtools	libz.so.1	zlib
cfitsio	libc.so.6	aaa_glibc-solibs
cfitsio	libc.so.6	glibc
cfitsio	libcurl.so.4	aaa_libraries
cfitsio	libcurl.so.4	curl
cfitsio	libm.so.6	aaa_glibc-solibs
cfitsio	libm.so.6	glibc
cfitsio	libz.so.1	aaa_libraries
cfitsio	libz.so.1	zlib
check	libc.so.6	aaa_glibc-solibs
check	libc.so.6	glibc
check	libm.so.6	aaa_glibc-solibs
check	libm.so.6	glibc
chmlib	libc.so.6	aaa_glibc-solibs
chmlib	libc.so.6	glibc
cifs-utils	libc.so.6	aaa_glibc-solibs
cifs-utils	libc.so.6	glibc
cifs-utils	libcap-ng.so.0	libcap-ng
cifs-utils	libgssapi_krb5.so.2	aaa_libraries
cifs-utils	libgssapi_krb5.so.2	krb5
cifs-utils	libkeyutils.so.1	aaa_libraries
cifs-utils	libkeyutils.so.1	keyutils
cifs-utils	libkrb5.so.3	aaa_libraries
cifs-utils	libkrb5.so.3	krb5
cifs-utils	libpam.so.0	pam
cifs-utils	libresolv.so.2	aaa_glibc-solibs
cifs-utils	libresolv.so.2	glibc
cifs-utils	libtalloc.so.2	talloc
cifs-utils	libwbclient.so.0	samba
clinfo	libOpenCL.so.1	ocl-icd
clinfo	libc.so.6	aaa_glibc-solibs
clinfo	libc.so.6	glibc
clisp	libICE.so.6	libICE
clisp	libSM.so.6	libSM
clisp	libX11.so.6	libX11
clisp	libXau.so.6	libXau
clisp	libXext.so.6	libXext
clisp	libXpm.so.4	libXpm
clisp	libatk-1.0.so.0	at-spi2-core
clisp	libc.so.6	aaa_glibc-solibs
clisp	libc.so.6	glibc
clisp	libcairo.so.2	cairo
clisp	libdb-4.8.so	aaa_libraries
clisp	libdb-4.8.so	db48
clisp	libdbus-1.so.3	dbus
clisp	libfontconfig.so.1	fontconfig
clisp	libfreetype.so.6	freetype
clisp	libgdbm.so.6	aaa_libraries
clisp	libgdbm.so.6	gdbm
clisp	libgdk-x11-2.0.so.0	gtk+2
clisp	libgdk_pixbuf-2.0.so.0	gdk-pixbuf2
clisp	libgio-2.0.so.0	glib2
clisp	libglade-2.0.so.0	libglade
clisp	libglib-2.0.so.0	aaa_libraries
clisp	libglib-2.0.so.0	glib2
clisp	libgobject-2.0.so.0	aaa_libraries
clisp	libgobject-2.0.so.0	glib2
clisp	libgtk-x11-2.0.so.0	gtk+2
clisp	libharfbuzz.so.0	harfbuzz
clisp	libm.so.6	aaa_glibc-solibs
clisp	libm.so.6	glibc
clisp	libncursesw.so.6	aaa_libraries
clisp	libncursesw.so.6	ncurses
clisp	libpango-1.0.so.0	pango
clisp	libpangocairo-1.0.so.0	pango
clisp	libpangoft2-1.0.so.0	pango
clisp	libpcre.so.1	aaa_libraries
clisp	libpcre.so.1	pcre
clisp	libreadline.so.8	aaa_libraries
clisp	libreadline.so.8	readline
clisp	libsigsegv.so.2	aaa_libraries
clisp	libsigsegv.so.2	libsigsegv
clisp	libtinfo.so.6	aaa_libraries
clisp	libtinfo.so.6	ncurses
clisp	libunistring.so.5	aaa_libraries
clisp	libunistring.so.5	libunistring
clisp	libxml2.so.16	libxml2
clisp	libz.so.1	aaa_libraries
clisp	libz.so.1	zlib
clucene	libc.so.6	aaa_glibc-solibs
clucene	libc.so.6	glibc
clucene	libgcc_s.so.1	aaa_libraries
clucene	libgcc_s.so.1	gcc
clucene	libm.so.6	aaa_glibc-solibs
clucene	libm.so.6	glibc
clucene	libstdc++.so.6	aaa_libraries
clucene	libstdc++.so.6	gcc-g++
clucene	libz.so.1	aaa_libraries
clucene	libz.so.1	zlib
cmake	ld-linux-x86-64.so.2	aaa_glibc-solibs
cmake	ld-linux-x86-64.so.2	glibc
cmake	libGLX.so.0	libglvnd
cmake	libOpenGL.so.0	libglvnd
cmake	libQt6Core.so.6	qt6
cmake	libQt6Gui.so.6	qt6
cmake	libQt6Widgets.so.6	qt6
cmake	libarchive.so.13	libarchive
cmake	libc.so.6	aaa_glibc-solibs
cmake	libc.so.6	glibc
cmake	libcurl.so.4	aaa_libraries
cmake	libcurl.so.4	curl
cmake	libexpat.so.1	aaa_libraries
cmake	libexpat.so.1	expat
cmake	libgcc_s.so.1	aaa_libraries
cmake	libgcc_s.so.1	gcc
cmake	libm.so.6	aaa_glibc-solibs
cmake	libm.so.6	glibc
cmake	libncursesw.so.6	aaa_libraries
cmake	libncursesw.so.6	ncurses
cmake	libstdc++.so.6	aaa_libraries
cmake	libstdc++.so.6	gcc-g++
cmake	libtinfo.so.6	aaa_libraries
cmake	libtinfo.so.6	ncurses
cmake	libz.so.1	aaa_libraries
cmake	libz.so.1	zlib
cmark	libc.so.6	aaa_glibc-solibs
cmark	libc.so.6	glibc
cmark-gfm	libc.so.6	aaa_glibc-solibs
cmark-gfm	libc.so.6	glibc
colord	libc.so.6	aaa_glibc-solibs
colord	libc.so.6	glibc
colord	libdbus-1.so.3	dbus
colord	libgio-2.0.so.0	glib2
colord	libglib-2.0.so.0	aaa_libraries
colord	libglib-2.0.so.0	glib2
colord	libgmodule-2.0.so.0	aaa_libraries
colord	libgmodule-2.0.so.0	glib2
colord	libgobject-2.0.so.0	aaa_libraries
colord	libgobject-2.0.so.0	glib2
colord	libgudev-1.0.so.0	libgudev
colord	libgusb.so.2	libgusb
colord	liblcms2.so.2	lcms2
colord	libm.so.6	aaa_glibc-solibs
colord	libm.so.6	glibc
colord	libpolkit-gobject-1.so.0	polkit
colord	libsane.so.1	sane
colord	libsqlite3.so.0	sqlite
colord	libudev.so.1	aaa_libraries
colord	libudev.so.1	eudev
colord-kde	libGLX.so.0	libglvnd
colord-kde	libKF6ColorScheme.so.6	kcolorscheme
colord-kde	libKF6ConfigCore.so.6	kconfig
colord-kde	libKF6ConfigGui.so.6	kconfig
colord-kde	libKF6ConfigWidgets.so.6	kconfigwidgets
colord-kde	libKF6CoreAddons.so.6	kcoreaddons
colord-kde	libKF6DBusAddons.so.6	kdbusaddons
colord-kde	libKF6I18n.so.6	ki18n
colord-kde	libKF6KCMUtils.so.6	kcmutils
colord-kde	libKF6KCMUtilsCore.so.6	kcmutils
colord-kde	libKF6KCMUtilsQuick.so.6	kcmutils
colord-kde	libKF6WidgetsAddons.so.6	kwidgetsaddons
colord-kde	libKF6WindowSystem.so.6	kwindowsystem
colord-kde	libOpenGL.so.0	libglvnd
colord-kde	libQt6Core.so.6	qt6
colord-kde	libQt6DBus.so.6	qt6
colord-kde	libQt6Gui.so.6	qt6
colord-kde	libQt6Network.so.6	qt6
colord-kde	libQt6Qml.so.6	qt6
colord-kde	libQt6Widgets.so.6	qt6
colord-kde	libX11.so.6	libX11
colord-kde	libXext.so.6	libXext
colord-kde	libXrandr.so.2	libXrandr
colord-kde	libXrender.so.1	libXrender
colord-kde	libc.so.6	aaa_glibc-solibs
colord-kde	libc.so.6	glibc
colord-kde	libgcc_s.so.1	aaa_libraries
colord-kde	libgcc_s.so.1	gcc
colord-kde	liblcms2.so.2	lcms2
colord-kde	libm.so.6	aaa_glibc-solibs
colord-kde	libm.so.6	glibc
colord-kde	libstdc++.so.6	aaa_libraries
colord-kde	libstdc++.so.6	gcc-g++
compiz	libGL.so.1	libglvnd
compiz	libGLU.so.1	glu
compiz	libICE.so.6	libICE
compiz	libSM.so.6	libSM
compiz	libX11.so.6	libX11
compiz	libXcomposite.so.1	libXcomposite
compiz	libXcursor.so.1	libXcursor
compiz	libXdamage.so.1	libXdamage
compiz	libXext.so.6	libXext
compiz	libXfixes.so.3	libXfixes
compiz	libXi.so.6	libXi
compiz	libXinerama.so.1	libXinerama
compiz	libXrandr.so.2	libXrandr
compiz	libXrender.so.1	libXrender
compiz	libatk-1.0.so.0	at-spi2-core
compiz	libc.so.6	aaa_glibc-solibs
compiz	libc.so.6	glibc
compiz	libcairo-gobject.so.2	cairo
compiz	libcairo.so.2	cairo
compiz	libdbus-1.so.3	dbus
compiz	libdbus-glib-1.so.2	dbus-glib
compiz	libfuse.so.2	aaa_libraries
compiz	libfuse.so.2	fuse
compiz	libgdk-3.so.0	gtk+3
compiz	libgdk_pixbuf-2.0.so.0	gdk-pixbuf2
compiz	libgio-2.0.so.0	glib2
compiz	libglib-2.0.so.0	aaa_libraries
compiz	libglib-2.0.so.0	glib2
compiz	libgobject-2.0.so.0	aaa_libraries
compiz	libgobject-2.0.so.0	glib2
compiz	libgtk-3.so.0	gtk+3
compiz	libharfbuzz.so.0	harfbuzz
compiz	libm.so.6	aaa_glibc-solibs
compiz	libm.so.6	glibc
compiz	libpango-1.0.so.0	pango
compiz	libpangocairo-1.0.so.0	pango
compiz	libpng16.so.16	aaa_libraries
compiz	libpng16.so.16	libpng
compiz	librsvg-2.so.2	librsvg
compiz	libstartup-notification-1.so.0	startup-notification
compiz	libwnck-3.so.0	libwnck3
compiz	libxml2.so.16	libxml2
compiz	libz.so.1	aaa_libraries
compiz	libz.so.1	zlib
conntrack-tools	libc.so.6	aaa_glibc-solibs
conntrack-tools	libc.so.6	glibc
conntrack-tools	libmnl.so.0	libmnl
conntrack-tools	libnetfilter_conntrack.so.3	libnetfilter_conntrack
conntrack-tools	libnetfilter_cthelper.so.0	libnetfilter_cthelper
conntrack-tools	libnetfilter_cttimeout.so.1	libnetfilter_cttimeout
conntrack-tools	libnetfilter_queue.so.1	libnetfilter_queue
conntrack-tools	libnfnetlink.so.0	libnfnetlink
coreutils	libacl.so.1	aaa_libraries
coreutils	libacl.so.1	acl
coreutils	libattr.so.1	aaa_libraries
coreutils	libattr.so.1	attr
coreutils	libc.so.6	aaa_glibc-solibs
coreutils	libc.so.6	glibc
coreutils	libcap.so.2	aaa_libraries
coreutils	libcap.so.2	libcap
coreutils	libgmp.so.10	aaa_libraries
coreutils	libgmp.so.10	gmp
cpio	libc.so.6	aaa_glibc-solibs
cpio	libc.so.6	glibc
cpufrequtils	libc.so.6	aaa_glibc-solibs
cpufrequtils	libc.so.6	glibc
cracklib	libc.so.6	aaa_glibc-solibs
cracklib	libc.so.6	glibc
cracklib	libz.so.1	aaa_libraries
cracklib	libz.so.1	zlib
cryfs	ld-linux-x86-64.so.2	aaa_glibc-solibs
cryfs	ld-linux-x86-64.so.2	glibc
cryfs	libboost_atomic.so.1.92.0	boost
cryfs	libboost_chrono.so.1.92.0	boost
cryfs	libboost_container.so.1.92.0	boost
cryfs	libboost_date_time.so.1.92.0	boost
cryfs	libboost_filesystem.so.1.92.0	boost
cryfs	libboost_program_options.so.1.92.0	boost
cryfs	libboost_thread.so.1.92.0	boost
cryfs	libc.so.6	aaa_glibc-solibs
cryfs	libc.so.6	glibc
cryfs	libcryptopp.so.8	cryptopp
cryfs	libfmt.so.12	fmt
cryfs	libfuse.so.2	aaa_libraries
cryfs	libfuse.so.2	fuse
cryfs	libgcc_s.so.1	aaa_libraries
cryfs	libgcc_s.so.1	gcc
cryfs	libgomp.so.1	aaa_libraries
cryfs	libgomp.so.1	gcc
cryfs	libm.so.6	aaa_glibc-solibs
cryfs	libm.so.6	glibc
cryfs	libspdlog.so.1.17	spdlog
cryfs	libstdc++.so.6	aaa_libraries
cryfs	libstdc++.so.6	gcc-g++
cryptopp	libc.so.6	aaa_glibc-solibs
cryptopp	libc.so.6	glibc
cryptopp	libgcc_s.so.1	aaa_libraries
cryptopp	libgcc_s.so.1	gcc
cryptopp	libm.so.6	aaa_glibc-solibs
cryptopp	libm.so.6	glibc
cryptopp	libstdc++.so.6	aaa_libraries
cryptopp	libstdc++.so.6	gcc-g++
cryptsetup	libblkid.so.1	util-linux
cryptsetup	libc.so.6	aaa_glibc-solibs
cryptsetup	libc.so.6	glibc
cryptsetup	libcrypto.so.3	openssl
cryptsetup	libcrypto.so.3	openssl-solibs
cryptsetup	libdevmapper.so.1.02	aaa_libraries
cryptsetup	libdevmapper.so.1.02	lvm2
cryptsetup	libjson-c.so.5	aaa_libraries
cryptsetup	libjson-c.so.5	json-c
cryptsetup	libm.so.6	aaa_glibc-solibs
cryptsetup	libm.so.6	glibc
cryptsetup	libpopt.so.0	aaa_libraries
cryptsetup	libpopt.so.0	popt
cryptsetup	libssh.so.4	libssh
cryptsetup	libuuid.so.1	util-linux
crystal-dock	libGLX.so.0	libglvnd
crystal-dock	libLayerShellQtInterface.so.6	layer-shell-qt
crystal-dock	libOpenGL.so.0	libglvnd
crystal-dock	libQt6Core.so.6	qt6
crystal-dock	libQt6DBus.so.6	qt6
crystal-dock	libQt6Gui.so.6	qt6
crystal-dock	libQt6Widgets.so.6	qt6
crystal-dock	libc.so.6	aaa_glibc-solibs
crystal-dock	libc.so.6	glibc
crystal-dock	libgcc_s.so.1	aaa_libraries
crystal-dock	libgcc_s.so.1	gcc
crystal-dock	libm.so.6	aaa_glibc-solibs
crystal-dock	libm.so.6	glibc
crystal-dock	libstdc++.so.6	aaa_libraries
crystal-dock	libstdc++.so.6	gcc-g++
crystal-dock	libwayland-client.so.0	wayland
crystal-dock	libxkbcommon.so.0	aaa_libraries
crystal-dock	libxkbcommon.so.0	libxkbcommon
cscope	libc.so.6	aaa_glibc-solibs
cscope	libc.so.6	glibc
cscope	libfl.so.2	flex
cscope	libncursesw.so.6	aaa_libraries
cscope	libncursesw.so.6	ncurses
cscope	libtinfo.so.6	aaa_libraries
cscope	libtinfo.so.6	ncurses
cups	libacl.so.1	aaa_libraries
cups	libacl.so.1	acl
cups	libavahi-client.so.3	avahi
cups	libavahi-common.so.3	avahi
cups	libc.so.6	aaa_glibc-solibs
cups	libc.so.6	glibc
cups	libcrypt.so.2	aaa_glibc-solibs
cups	libcrypt.so.2	glibc
cups	libcrypto.so.3	openssl
cups	libcrypto.so.3	openssl-solibs
cups	libcups.so.2	aaa_libraries
cups	libdbus-1.so.3	dbus
cups	libgcc_s.so.1	aaa_libraries
cups	libgcc_s.so.1	gcc
cups	libm.so.6	aaa_glibc-solibs
cups	libm.so.6	glibc
cups	libpam.so.0	pam
cups	libssl.so.3	openssl
cups	libssl.so.3	openssl-solibs
cups	libstdc++.so.6	aaa_libraries
cups	libstdc++.so.6	gcc-g++
cups	libusb-1.0.so.0	aaa_libraries
cups	libusb-1.0.so.0	libusb
cups	libz.so.1	aaa_libraries
cups	libz.so.1	zlib
cups-browsed	libavahi-client.so.3	avahi
cups-browsed	libavahi-common.so.3	avahi
cups-browsed	libavahi-glib.so.1	avahi
cups-browsed	libc.so.6	aaa_glibc-solibs
cups-browsed	libc.so.6	glibc
cups-browsed	libcups.so.2	aaa_libraries
cups-browsed	libcups.so.2	cups
cups-browsed	libcupsfilters.so.2	libcupsfilters
cups-browsed	libgio-2.0.so.0	glib2
cups-browsed	libglib-2.0.so.0	aaa_libraries
cups-browsed	libglib-2.0.so.0	glib2
cups-browsed	libgobject-2.0.so.0	aaa_libraries
cups-browsed	libgobject-2.0.so.0	glib2
cups-browsed	libm.so.6	aaa_glibc-solibs
cups-browsed	libm.so.6	glibc
cups-browsed	libppd.so.2	libppd
cups-filters	libc.so.6	aaa_glibc-solibs
cups-filters	libc.so.6	glibc
cups-filters	libcups.so.2	aaa_libraries
cups-filters	libcups.so.2	cups
cups-filters	libcupsfilters.so.2	libcupsfilters
cups-filters	libm.so.6	aaa_glibc-solibs
cups-filters	libm.so.6	glibc
cups-filters	libppd.so.2	libppd
curl	libbrotlidec.so.1	brotli
curl	libc.so.6	aaa_glibc-solibs
curl	libc.so.6	glibc
curl	libcares.so.2	aaa_libraries
curl	libcares.so.2	c-ares
curl	libcrypto.so.3	openssl
curl	libcrypto.so.3	openssl-solibs
curl	libcurl.so.4	aaa_libraries
curl	libgssapi_krb5.so.2	aaa_libraries
curl	libgssapi_krb5.so.2	krb5
curl	libidn2.so.0	aaa_libraries
curl	libidn2.so.0	libidn2
curl	liblber.so.2	aaa_libraries
curl	liblber.so.2	openldap
curl	libldap.so.2	aaa_libraries
curl	libldap.so.2	openldap
curl	libnghttp2.so.14	nghttp2
curl	libnghttp3.so.9	nghttp3
curl	libngtcp2.so.16	ngtcp2
curl	libngtcp2_crypto_ossl.so.0	ngtcp2
curl	libpsl.so.5	aaa_libraries
curl	libpsl.so.5	libpsl
curl	libssh2.so.1	aaa_libraries
curl	libssh2.so.1	libssh2
curl	libssl.so.3	openssl
curl	libssl.so.3	openssl-solibs
curl	libz.so.1	aaa_libraries
curl	libz.so.1	zlib
curl	libzstd.so.1	aaa_libraries
curl	libzstd.so.1	zstd
cvs	libc.so.6	aaa_glibc-solibs
cvs	libc.so.6	glibc
cvs	libcom_err.so.2	e2fsprogs
cvs	libcrypt.so.2	aaa_glibc-solibs
cvs	libcrypt.so.2	glibc
cvs	libcrypto.so.3	openssl
cvs	libcrypto.so.3	openssl-solibs
cvs	libgssapi_krb5.so.2	aaa_libraries
cvs	libgssapi_krb5.so.2	krb5
cvs	libk5crypto.so.3	aaa_libraries
cvs	libk5crypto.so.3	krb5
cvs	libkrb5.so.3	aaa_libraries
cvs	libkrb5.so.3	krb5
cvs	libnsl.so.3	aaa_libraries
cvs	libnsl.so.3	libnsl
cxx-rust-cssparser	ld-linux-x86-64.so.2	aaa_glibc-solibs
cxx-rust-cssparser	ld-linux-x86-64.so.2	glibc
cxx-rust-cssparser	libc.so.6	aaa_glibc-solibs
cxx-rust-cssparser	libc.so.6	glibc
cxx-rust-cssparser	libgcc_s.so.1	aaa_libraries
cxx-rust-cssparser	libgcc_s.so.1	gcc
cxx-rust-cssparser	libm.so.6	aaa_glibc-solibs
cxx-rust-cssparser	libm.so.6	glibc
cxx-rust-cssparser	libstdc++.so.6	aaa_libraries
cxx-rust-cssparser	libstdc++.so.6	gcc-g++
cyrus-sasl	libc.so.6	aaa_glibc-solibs
cyrus-sasl	libc.so.6	glibc
cyrus-sasl	libcom_err.so.2	e2fsprogs
cyrus-sasl	libcrypt.so.2	aaa_glibc-solibs
cyrus-sasl	libcrypt.so.2	glibc
cyrus-sasl	libcrypto.so.3	openssl
cyrus-sasl	libcrypto.so.3	openssl-solibs
cyrus-sasl	libgdbm.so.6	aaa_libraries
cyrus-sasl	libgdbm.so.6	gdbm
cyrus-sasl	libgssapi_krb5.so.2	aaa_libraries
cyrus-sasl	libgssapi_krb5.so.2	krb5
cyrus-sasl	libk5crypto.so.3	aaa_libraries
cyrus-sasl	libk5crypto.so.3	krb5
cyrus-sasl	libkrb5.so.3	aaa_libraries
cyrus-sasl	libkrb5.so.3	krb5
cyrus-sasl	liblber.so.2	aaa_libraries
cyrus-sasl	liblber.so.2	openldap
cyrus-sasl	libldap.so.2	aaa_libraries
cyrus-sasl	libldap.so.2	openldap
cyrus-sasl	libmariadb.so.3	mariadb
cyrus-sasl	libpam.so.0	pam
cyrus-sasl	libresolv.so.2	aaa_glibc-solibs
cyrus-sasl	libresolv.so.2	glibc
cyrus-sasl	libsqlite3.so.0	sqlite
daemon	libc.so.6	aaa_glibc-solibs
daemon	libc.so.6	glibc
daemon	libelogind.so.0	elogind
dash	libc.so.6	aaa_glibc-solibs
dash	libc.so.6	glibc
dash	libedit.so.0	libedit
dav1d	libc.so.6	aaa_glibc-solibs
dav1d	libc.so.6	glibc
db48	libc.so.6	aaa_glibc-solibs
db48	libc.so.6	glibc
db48	libdb-4.8.so	aaa_libraries
db48	libgcc_s.so.1	aaa_libraries
db48	libgcc_s.so.1	gcc
db48	libm.so.6	aaa_glibc-solibs
db48	libm.so.6	glibc
db48	libstdc++.so.6	aaa_libraries
db48	libstdc++.so.6	gcc-g++
dbus	libX11.so.6	libX11
dbus	libc.so.6	aaa_glibc-solibs
dbus	libc.so.6	glibc
dbus	libelogind.so.0	elogind
dbus	libexpat.so.1	aaa_libraries
dbus	libexpat.so.1	expat
dbus-glib	libc.so.6	aaa_glibc-solibs
dbus-glib	libc.so.6	glibc
dbus-glib	libdbus-1.so.3	dbus
dbus-glib	libexpat.so.1	aaa_libraries
dbus-glib	libexpat.so.1	expat
dbus-glib	libgio-2.0.so.0	glib2
dbus-glib	libglib-2.0.so.0	aaa_libraries
dbus-glib	libglib-2.0.so.0	glib2
dbus-glib	libgobject-2.0.so.0	aaa_libraries
dbus-glib	libgobject-2.0.so.0	glib2
dbus-python	libc.so.6	aaa_glibc-solibs
dbus-python	libc.so.6	glibc
dbus-python	libdbus-1.so.3	dbus
dbus-python	libglib-2.0.so.0	aaa_libraries
dbus-python	libglib-2.0.so.0	glib2
dc3dd	libc.so.6	aaa_glibc-solibs
dc3dd	libc.so.6	glibc
dconf	libc.so.6	aaa_glibc-solibs
dconf	libc.so.6	glibc
dconf	libgio-2.0.so.0	glib2
dconf	libglib-2.0.so.0	aaa_libraries
dconf	libglib-2.0.so.0	glib2
dconf	libgobject-2.0.so.0	aaa_libraries
dconf	libgobject-2.0.so.0	glib2
dconf-editor	libc.so.6	aaa_glibc-solibs
dconf-editor	libc.so.6	glibc
dconf-editor	libdconf.so.1	dconf
dconf-editor	libgdk-3.so.0	gtk+3
dconf-editor	libgio-2.0.so.0	glib2
dconf-editor	libglib-2.0.so.0	aaa_libraries
dconf-editor	libglib-2.0.so.0	glib2
dconf-editor	libgobject-2.0.so.0	aaa_libraries
dconf-editor	libgobject-2.0.so.0	glib2
dconf-editor	libgtk-3.so.0	gtk+3
dconf-editor	libhandy-1.so.0	libhandy
dcron	libc.so.6	aaa_glibc-solibs
dcron	libc.so.6	glibc
ddcutil	ld-linux-x86-64.so.2	aaa_glibc-solibs
ddcutil	ld-linux-x86-64.so.2	glibc
ddcutil	libX11.so.6	libX11
ddcutil	libXext.so.6	libXext
ddcutil	libXrandr.so.2	libXrandr
ddcutil	libacl.so.1	aaa_libraries
ddcutil	libacl.so.1	acl
ddcutil	libc.so.6	aaa_glibc-solibs
ddcutil	libc.so.6	glibc
ddcutil	libdbus-1.so.3	dbus
ddcutil	libdrm.so.2	libdrm
ddcutil	libglib-2.0.so.0	aaa_libraries
ddcutil	libglib-2.0.so.0	glib2
ddcutil	libjansson.so.4	jansson
ddcutil	libudev.so.1	aaa_libraries
ddcutil	libudev.so.1	eudev
ddcutil	libusb-1.0.so.0	aaa_libraries
ddcutil	libusb-1.0.so.0	libusb
ddcutil	libz.so.1	aaa_libraries
ddcutil	libz.so.1	zlib
ddd	libICE.so.6	libICE
ddd	libSM.so.6	libSM
ddd	libX11.so.6	libX11
ddd	libXaw.so.7	libXaw
ddd	libXext.so.6	libXext
ddd	libXft.so.2	libXft
ddd	libXm.so.5	motif
ddd	libXmu.so.6	libXmu
ddd	libXp.so.6	libXp
ddd	libXpm.so.4	libXpm
ddd	libXt.so.6	libXt
ddd	libc.so.6	aaa_glibc-solibs
ddd	libc.so.6	glibc
ddd	libelf.so.1	aaa_libraries
ddd	libelf.so.1	elfutils
ddd	libfontconfig.so.1	fontconfig
ddd	libgcc_s.so.1	aaa_libraries
ddd	libgcc_s.so.1	gcc
ddd	libm.so.6	aaa_glibc-solibs
ddd	libm.so.6	glibc
ddd	libstdc++.so.6	aaa_libraries
ddd	libstdc++.so.6	gcc-g++
ddd	libtinfo.so.6	aaa_libraries
ddd	libtinfo.so.6	ncurses
ddrescue	libc.so.6	aaa_glibc-solibs
ddrescue	libc.so.6	glibc
ddrescue	libgcc_s.so.1	aaa_libraries
ddrescue	libgcc_s.so.1	gcc
ddrescue	libm.so.6	aaa_glibc-solibs
ddrescue	libm.so.6	glibc
ddrescue	libstdc++.so.6	aaa_libraries
ddrescue	libstdc++.so.6	gcc-g++
desktop-file-utils	libc.so.6	aaa_glibc-solibs
desktop-file-utils	libc.so.6	glibc
desktop-file-utils	libgio-2.0.so.0	glib2
desktop-file-utils	libglib-2.0.so.0	aaa_libraries
desktop-file-utils	libglib-2.0.so.0	glib2
dev86	libc.so.6	aaa_glibc-solibs
dev86	libc.so.6	glibc
dhcpcd	libc.so.6	aaa_glibc-solibs
dhcpcd	libc.so.6	glibc
dhcpcd	libcrypto.so.3	openssl
dhcpcd	libcrypto.so.3	openssl-solibs
dhcpcd	libudev.so.1	aaa_libraries
dhcpcd	libudev.so.1	eudev
dialog	libc.so.6	aaa_glibc-solibs
dialog	libc.so.6	glibc
dialog	libm.so.6	aaa_glibc-solibs
dialog	libm.so.6	glibc
dialog	libncursesw.so.6	aaa_libraries
dialog	libncursesw.so.6	ncurses
dialog	libtinfo.so.6	aaa_libraries
dialog	libtinfo.so.6	ncurses
diffstat	libc.so.6	aaa_glibc-solibs
diffstat	libc.so.6	glibc
diffutils	libc.so.6	aaa_glibc-solibs
diffutils	libc.so.6	glibc
digikam	libGLU.so.1	glu
digikam	libGLX.so.0	libglvnd
digikam	libICE.so.6	libICE
digikam	libKF6CalendarCore.so.6	kcalendarcore
digikam	libKF6ColorScheme.so.6	kcolorscheme
digikam	libKF6Completion.so.6	kcompletion
digikam	libKF6ConfigCore.so.6	kconfig
digikam	libKF6ConfigGui.so.6	kconfig
digikam	libKF6ConfigWidgets.so.6	kconfigwidgets
digikam	libKF6Contacts.so.6	kcontacts
digikam	libKF6CoreAddons.so.6	kcoreaddons
digikam	libKF6FileMetaData.so.3	kfilemetadata
digikam	libKF6GuiAddons.so.6	kguiaddons
digikam	libKF6I18n.so.6	ki18n
digikam	libKF6IconThemes.so.6	kiconthemes
digikam	libKF6IconWidgets.so.6	kiconthemes
digikam	libKF6ItemModels.so.6	kitemmodels
digikam	libKF6JobWidgets.so.6	kjobwidgets
digikam	libKF6KIOCore.so.6	kio
digikam	libKF6KIOGui.so.6	kio
digikam	libKF6KIOWidgets.so.6	kio
digikam	libKF6Notifications.so.6	knotifications
digikam	libKF6NotifyConfig.so.6	knotifyconfig
digikam	libKF6Service.so.6	kservice
digikam	libKF6Solid.so.6	solid
digikam	libKF6SonnetCore.so.6	sonnet
digikam	libKF6SonnetUi.so.6	sonnet
digikam	libKF6TextTemplate.so.6	ktexttemplate
digikam	libKF6ThreadWeaver.so.6	threadweaver
digikam	libKF6WidgetsAddons.so.6	kwidgetsaddons
digikam	libKF6WindowSystem.so.6	kwindowsystem
digikam	libKF6XmlGui.so.6	kxmlgui
digikam	libKPim6AkonadiContactCore.so.6	akonadi-contacts
digikam	libKPim6AkonadiCore.so.6	akonadi
digikam	libKPim6AkonadiPrivate.so.6	akonadi
digikam	libKPim6GrantleeTheme.so.6	grantleetheme
digikam	libKSaneWidgets6.so.6	libksane
digikam	libMagick++-7.Q16HDRI.so.5	imagemagick
digikam	libMagickCore-7.Q16HDRI.so.10	imagemagick
digikam	libMagickWand-7.Q16HDRI.so.10	imagemagick
digikam	libOpenGL.so.0	libglvnd
digikam	libQt6Concurrent.so.6	qt6
digikam	libQt6Core.so.6	qt6
digikam	libQt6DBus.so.6	qt6
digikam	libQt6Gui.so.6	qt6
digikam	libQt6Multimedia.so.6	qt6
digikam	libQt6MultimediaWidgets.so.6	qt6
digikam	libQt6Network.so.6	qt6
digikam	libQt6NetworkAuth.so.6	qt6
digikam	libQt6OpenGL.so.6	qt6
digikam	libQt6OpenGLWidgets.so.6	qt6
digikam	libQt6Positioning.so.6	qt6
digikam	libQt6PrintSupport.so.6	qt6
digikam	libQt6Qml.so.6	qt6
digikam	libQt6Quick.so.6	qt6
digikam	libQt6Sql.so.6	qt6
digikam	libQt6StateMachine.so.6	qt6
digikam	libQt6Svg.so.6	qt6
digikam	libQt6SvgWidgets.so.6	qt6
digikam	libQt6WebChannel.so.6	qt6
digikam	libQt6WebEngineCore.so.6	qt6
digikam	libQt6WebEngineWidgets.so.6	qt6
digikam	libQt6Widgets.so.6	qt6
digikam	libQt6Xml.so.6	qt6
digikam	libSM.so.6	libSM
digikam	libX11.so.6	libX11
digikam	libXext.so.6	libXext
digikam	libavcodec.so.63	ffmpeg
digikam	libavdevice.so.63	ffmpeg
digikam	libavfilter.so.12	ffmpeg
digikam	libavformat.so.63	ffmpeg
digikam	libavutil.so.61	ffmpeg
digikam	libc.so.6	aaa_glibc-solibs
digikam	libc.so.6	glibc
digikam	libexiv2.so.28	exiv2
digikam	libexpat.so.1	aaa_libraries
digikam	libexpat.so.1	expat
digikam	libexslt.so.0	libxslt
digikam	libgcc_s.so.1	aaa_libraries
digikam	libgcc_s.so.1	gcc
digikam	libglib-2.0.so.0	aaa_libraries
digikam	libglib-2.0.so.0	glib2
digikam	libgomp.so.1	aaa_libraries
digikam	libgomp.so.1	gcc
digikam	libgphoto2.so.6	libgphoto2
digikam	libgphoto2_port.so.12	libgphoto2
digikam	libjasper.so.7	jasper
digikam	libjpeg.so.62	aaa_libraries
digikam	libjpeg.so.62	libjpeg-turbo
digikam	libjxl.so.0.12	libjxl
digikam	libjxl_threads.so.0.12	libjxl
digikam	liblcms2.so.2	lcms2
digikam	liblensfun.so.1	lensfun
digikam	libm.so.6	aaa_glibc-solibs
digikam	libm.so.6	glibc
digikam	libopencv_core.so.500	opencv
digikam	libopencv_dnn.so.500	opencv
digikam	libopencv_features.so.500	opencv
digikam	libopencv_flann.so.500	opencv
digikam	libopencv_geometry.so.500	opencv
digikam	libopencv_imgcodecs.so.500	opencv
digikam	libopencv_imgproc.so.500	opencv
digikam	libopencv_ml.so.500	opencv
digikam	libopencv_objdetect.so.500	opencv
digikam	libpng16.so.16	aaa_libraries
digikam	libpng16.so.16	libpng
digikam	libstdc++.so.6	aaa_libraries
digikam	libstdc++.so.6	gcc-g++
digikam	libswresample.so.7	ffmpeg
digikam	libswscale.so.10	ffmpeg
digikam	libtiff.so.6	aaa_libraries
digikam	libtiff.so.6	libtiff
digikam	libusb-1.0.so.0	aaa_libraries
digikam	libusb-1.0.so.0	libusb
digikam	libxml2.so.16	libxml2
digikam	libxslt.so.1	libxslt
digikam	libz.so.1	aaa_libraries
digikam	libz.so.1	zlib
distcc	libatk-1.0.so.0	at-spi2-core
distcc	libavahi-client.so.3	avahi
distcc	libavahi-common.so.3	avahi
distcc	libc.so.6	aaa_glibc-solibs
distcc	libc.so.6	glibc
distcc	libcairo-gobject.so.2	cairo
distcc	libcairo.so.2	cairo
distcc	libgdk-3.so.0	gtk+3
distcc	libgdk_pixbuf-2.0.so.0	gdk-pixbuf2
distcc	libgio-2.0.so.0	glib2
distcc	libglib-2.0.so.0	aaa_libraries
distcc	libglib-2.0.so.0	glib2
distcc	libgobject-2.0.so.0	aaa_libraries
distcc	libgobject-2.0.so.0	glib2
distcc	libgssapi_krb5.so.2	aaa_libraries
distcc	libgssapi_krb5.so.2	krb5
distcc	libgtk-3.so.0	gtk+3
distcc	libharfbuzz.so.0	harfbuzz
distcc	libpango-1.0.so.0	pango
distcc	libpangocairo-1.0.so.0	pango
distcc	libpopt.so.0	aaa_libraries
distcc	libpopt.so.0	popt
distcc	libz.so.1	aaa_libraries
distcc	libz.so.1	zlib
djvulibre	ld-linux-x86-64.so.2	aaa_glibc-solibs
djvulibre	ld-linux-x86-64.so.2	glibc
djvulibre	libc.so.6	aaa_glibc-solibs
djvulibre	libc.so.6	glibc
djvulibre	libgcc_s.so.1	aaa_libraries
djvulibre	libgcc_s.so.1	gcc
djvulibre	libjpeg.so.62	aaa_libraries
djvulibre	libjpeg.so.62	libjpeg-turbo
djvulibre	libm.so.6	aaa_glibc-solibs
djvulibre	libm.so.6	glibc
djvulibre	libstdc++.so.6	aaa_libraries
djvulibre	libstdc++.so.6	gcc-g++
djvulibre	libtiff.so.6	aaa_libraries
djvulibre	libtiff.so.6	libtiff
dmapi	libc.so.6	aaa_glibc-solibs
dmapi	libc.so.6	glibc
dmidecode	libc.so.6	aaa_glibc-solibs
dmidecode	libc.so.6	glibc
dnsmasq	libc.so.6	aaa_glibc-solibs
dnsmasq	libc.so.6	glibc
dnsmasq	libdbus-1.so.3	dbus
dnsmasq	libgmp.so.10	aaa_libraries
dnsmasq	libgmp.so.10	gmp
dnsmasq	libhogweed.so.6	nettle
dnsmasq	libidn2.so.0	aaa_libraries
dnsmasq	libidn2.so.0	libidn2
dnsmasq	libnetfilter_conntrack.so.3	libnetfilter_conntrack
dnsmasq	libnettle.so.8	nettle
dnsmasq	libnfnetlink.so.0	libnfnetlink
dolphin	libGLX.so.0	libglvnd
dolphin	libKF6Attica.so.6	attica
dolphin	libKF6Baloo.so.6	baloo
dolphin	libKF6BalooWidgets.so.6	baloo-widgets
dolphin	libKF6Bookmarks.so.6	kbookmarks
dolphin	libKF6BookmarksWidgets.so.6	kbookmarks
dolphin	libKF6Codecs.so.6	kcodecs
dolphin	libKF6ColorScheme.so.6	kcolorscheme
dolphin	libKF6Completion.so.6	kcompletion
dolphin	libKF6ConfigCore.so.6	kconfig
dolphin	libKF6ConfigGui.so.6	kconfig
dolphin	libKF6ConfigWidgets.so.6	kconfigwidgets
dolphin	libKF6CoreAddons.so.6	kcoreaddons
dolphin	libKF6Crash.so.6	kcrash
dolphin	libKF6DBusAddons.so.6	kdbusaddons
dolphin	libKF6FileMetaData.so.3	kfilemetadata
dolphin	libKF6GuiAddons.so.6	kguiaddons
dolphin	libKF6I18n.so.6	ki18n
dolphin	libKF6IconThemes.so.6	kiconthemes
dolphin	libKF6ItemViews.so.6	kitemviews
dolphin	libKF6JobWidgets.so.6	kjobwidgets
dolphin	libKF6KCMUtils.so.6	kcmutils
dolphin	libKF6KCMUtilsCore.so.6	kcmutils
dolphin	libKF6KCMUtilsQuick.so.6	kcmutils
dolphin	libKF6KIOCore.so.6	kio
dolphin	libKF6KIOFileWidgets.so.6	kio
dolphin	libKF6KIOGui.so.6	kio
dolphin	libKF6KIOWidgets.so.6	kio
dolphin	libKF6NewStuffCore.so.6	knewstuff
dolphin	libKF6NewStuffWidgets.so.6	knewstuff
dolphin	libKF6Notifications.so.6	knotifications
dolphin	libKF6Parts.so.6	kparts
dolphin	libKF6Service.so.6	kservice
dolphin	libKF6Solid.so.6	solid
dolphin	libKF6SonnetUi.so.6	sonnet
dolphin	libKF6TextWidgets.so.6	ktextwidgets
dolphin	libKF6WidgetsAddons.so.6	kwidgetsaddons
dolphin	libKF6WindowSystem.so.6	kwindowsystem
dolphin	libKF6XmlGui.so.6	kxmlgui
dolphin	libOpenGL.so.0	libglvnd
dolphin	libQt6Concurrent.so.6	qt6
dolphin	libQt6Core.so.6	qt6
dolphin	libQt6DBus.so.6	qt6
dolphin	libQt6Gui.so.6	qt6
dolphin	libQt6Multimedia.so.6	qt6
dolphin	libQt6MultimediaWidgets.so.6	qt6
dolphin	libQt6Network.so.6	qt6
dolphin	libQt6Qml.so.6	qt6
dolphin	libQt6Widgets.so.6	qt6
dolphin	libQt6Xml.so.6	qt6
dolphin	libX11.so.6	libX11
dolphin	libc.so.6	aaa_glibc-solibs
dolphin	libc.so.6	glibc
dolphin	libgcc_s.so.1	aaa_libraries
dolphin	libgcc_s.so.1	gcc
dolphin	libm.so.6	aaa_glibc-solibs
dolphin	libm.so.6	glibc
dolphin	libstdc++.so.6	aaa_libraries
dolphin	libstdc++.so.6	gcc-g++
dolphin	libxkbcommon.so.0	aaa_libraries
dolphin	libxkbcommon.so.0	libxkbcommon
dolphin-plugins	libGLX.so.0	libglvnd
dolphin-plugins	libKF6Bookmarks.so.6	kbookmarks
dolphin-plugins	libKF6ColorScheme.so.6	kcolorscheme
dolphin-plugins	libKF6Completion.so.6	kcompletion
dolphin-plugins	libKF6ConfigCore.so.6	kconfig
dolphin-plugins	libKF6ConfigGui.so.6	kconfig
dolphin-plugins	libKF6ConfigWidgets.so.6	kconfigwidgets
dolphin-plugins	libKF6CoreAddons.so.6	kcoreaddons
dolphin-plugins	libKF6GuiAddons.so.6	kguiaddons
dolphin-plugins	libKF6I18n.so.6	ki18n
dolphin-plugins	libKF6ItemViews.so.6	kitemviews
dolphin-plugins	libKF6JobWidgets.so.6	kjobwidgets
dolphin-plugins	libKF6KIOCore.so.6	kio
dolphin-plugins	libKF6KIOFileWidgets.so.6	kio
dolphin-plugins	libKF6KIOGui.so.6	kio
dolphin-plugins	libKF6KIOWidgets.so.6	kio
dolphin-plugins	libKF6Parts.so.6	kparts
dolphin-plugins	libKF6Service.so.6	kservice
dolphin-plugins	libKF6Solid.so.6	solid
dolphin-plugins	libKF6SonnetUi.so.6	sonnet
dolphin-plugins	libKF6SyntaxHighlighting.so.6	syntax-highlighting
dolphin-plugins	libKF6TextEditor.so.6	ktexteditor
dolphin-plugins	libKF6TextWidgets.so.6	ktextwidgets
dolphin-plugins	libKF6WidgetsAddons.so.6	kwidgetsaddons
dolphin-plugins	libKF6XmlGui.so.6	kxmlgui
dolphin-plugins	libOpenGL.so.0	libglvnd
dolphin-plugins	libQt6Concurrent.so.6	qt6
dolphin-plugins	libQt6Core.so.6	qt6
dolphin-plugins	libQt6DBus.so.6	qt6
dolphin-plugins	libQt6Gui.so.6	qt6
dolphin-plugins	libQt6Network.so.6	qt6
dolphin-plugins	libQt6Widgets.so.6	qt6
dolphin-plugins	libQt6Xml.so.6	qt6
dolphin-plugins	libc.so.6	aaa_glibc-solibs
dolphin-plugins	libc.so.6	glibc
dolphin-plugins	libdolphinvcs.so.6	dolphin
dolphin-plugins	libgcc_s.so.1	aaa_libraries
dolphin-plugins	libgcc_s.so.1	gcc
dolphin-plugins	libm.so.6	aaa_glibc-solibs
dolphin-plugins	libm.so.6	glibc
dolphin-plugins	libstdc++.so.6	aaa_libraries
dolphin-plugins	libstdc++.so.6	gcc-g++
dosfstools	libc.so.6	aaa_glibc-solibs
dosfstools	libc.so.6	glibc
dotconf	libc.so.6	aaa_glibc-solibs
dotconf	libc.so.6	glibc
dovecot	libbz2.so.1	aaa_libraries
dovecot	libbz2.so.1	bzip2
dovecot	libc.so.6	aaa_glibc-solibs
dovecot	libc.so.6	glibc
dovecot	libcap.so.2	aaa_libraries
dovecot	libcap.so.2	libcap
dovecot	libcom_err.so.2	e2fsprogs
dovecot	libcrypt.so.2	aaa_glibc-solibs
dovecot	libcrypt.so.2	glibc
dovecot	libcrypto.so.3	openssl
dovecot	libcrypto.so.3	openssl-solibs
dovecot	libgcc_s.so.1	aaa_libraries
dovecot	libgcc_s.so.1	gcc
dovecot	libgssapi_krb5.so.2	aaa_libraries
dovecot	libgssapi_krb5.so.2	krb5
dovecot	libicui18n.so.78	icu4c
dovecot	libicuuc.so.78	icu4c
dovecot	libk5crypto.so.3	aaa_libraries
dovecot	libk5crypto.so.3	krb5
dovecot	libkrb5.so.3	aaa_libraries
dovecot	libkrb5.so.3	krb5
dovecot	liblber.so.2	aaa_libraries
dovecot	liblber.so.2	openldap
dovecot	libldap.so.2	aaa_libraries
dovecot	libldap.so.2	openldap
dovecot	liblua.so.5	lua
dovecot	liblz4.so.1	lz4
dovecot	libm.so.6	aaa_glibc-solibs
dovecot	libm.so.6	glibc
dovecot	libmariadb.so.3	mariadb
dovecot	libpam.so.0	pam
dovecot	libpcre2-32.so.0	pcre2
dovecot	libsodium.so.26	libsodium
dovecot	libsqlite3.so.0	sqlite
dovecot	libssl.so.3	openssl
dovecot	libssl.so.3	openssl-solibs
dovecot	libstdc++.so.6	aaa_libraries
dovecot	libstdc++.so.6	gcc-g++
dovecot	libtirpc.so.3	aaa_libraries
dovecot	libtirpc.so.3	libtirpc
dovecot	libunwind-x86_64.so.8	libunwind
dovecot	libunwind.so.8	aaa_libraries
dovecot	libunwind.so.8	libunwind
dovecot	libxapian.so.45	xapian-core
dovecot	libz.so.1	aaa_libraries
dovecot	libz.so.1	zlib
dovecot	libzstd.so.1	aaa_libraries
dovecot	libzstd.so.1	zstd
doxygen	libGLX.so.0	libglvnd
doxygen	libOpenGL.so.0	libglvnd
doxygen	libQt6Core.so.6	qt6
doxygen	libQt6Gui.so.6	qt6
doxygen	libQt6Widgets.so.6	qt6
doxygen	libQt6Xml.so.6	qt6
doxygen	libc.so.6	aaa_glibc-solibs
doxygen	libc.so.6	glibc
doxygen	libgcc_s.so.1	aaa_libraries
doxygen	libgcc_s.so.1	gcc
doxygen	libm.so.6	aaa_glibc-solibs
doxygen	libm.so.6	glibc
doxygen	libstdc++.so.6	aaa_libraries
doxygen	libstdc++.so.6	gcc-g++
doxygen	libxapian.so.45	xapian-core
doxygen	libz.so.1	aaa_libraries
doxygen	libz.so.1	zlib
dracut	ld-linux-x86-64.so.2	aaa_glibc-solibs
dracut	ld-linux-x86-64.so.2	glibc
dracut	libc.so.6	aaa_glibc-solibs
dracut	libc.so.6	glibc
dracut	libgcc_s.so.1	aaa_libraries
dracut	libgcc_s.so.1	gcc
dracut	libkmod.so.2	kmod
dragon	libGLX.so.0	libglvnd
dragon	libKF6CoreAddons.so.6	kcoreaddons
dragon	libKF6Crash.so.6	kcrash
dragon	libKF6I18n.so.6	ki18n
dragon	libKF6I18nQml.so.6	ki18n
dragon	libKF6KIOCore.so.6	kio
dragon	libKF6Service.so.6	kservice
dragon	libKF6WindowSystem.so.6	kwindowsystem
dragon	libOpenGL.so.0	libglvnd
dragon	libQt6Core.so.6	qt6
dragon	libQt6DBus.so.6	qt6
dragon	libQt6Gui.so.6	qt6
dragon	libQt6Multimedia.so.6	qt6
dragon	libQt6Network.so.6	qt6
dragon	libQt6OpenGL.so.6	qt6
dragon	libQt6Qml.so.6	qt6
dragon	libQt6Quick.so.6	qt6
dragon	libQt6Widgets.so.6	qt6
dragon	libX11.so.6	libX11
dragon	libavcodec.so.63	ffmpeg
dragon	libc.so.6	aaa_glibc-solibs
dragon	libc.so.6	glibc
dragon	libgcc_s.so.1	aaa_libraries
dragon	libgcc_s.so.1	gcc
dragon	libm.so.6	aaa_glibc-solibs
dragon	libm.so.6	glibc
dragon	libstdc++.so.6	aaa_libraries
dragon	libstdc++.so.6	gcc-g++
dtc	libc.so.6	aaa_glibc-solibs
dtc	libc.so.6	glibc
dtc	libyaml-0.so.2	libyaml
duktape	libc.so.6	aaa_glibc-solibs
duktape	libc.so.6	glibc
duktape	libm.so.6	aaa_glibc-solibs
duktape	libm.so.6	glibc
dvd+rw-tools	libc.so.6	aaa_glibc-solibs
dvd+rw-tools	libc.so.6	glibc
dvd+rw-tools	libgcc_s.so.1	aaa_libraries
dvd+rw-tools	libgcc_s.so.1	gcc
dvd+rw-tools	libm.so.6	aaa_glibc-solibs
dvd+rw-tools	libm.so.6	glibc
dvd+rw-tools	libstdc++.so.6	aaa_libraries
dvd+rw-tools	libstdc++.so.6	gcc-g++
dvdauthor	libMagickCore-7.Q16HDRI.so.10	imagemagick
dvdauthor	libc.so.6	aaa_glibc-solibs
dvdauthor	libc.so.6	glibc
dvdauthor	libdvdread.so.8	libdvdread
dvdauthor	libfontconfig.so.1	fontconfig
dvdauthor	libfreetype.so.6	freetype
dvdauthor	libfribidi.so.0	fribidi
dvdauthor	libm.so.6	aaa_glibc-solibs
dvdauthor	libm.so.6	glibc
dvdauthor	libpng16.so.16	aaa_libraries
dvdauthor	libpng16.so.16	libpng
dvdauthor	libxml2.so.16	libxml2
e2fsprogs	ld-linux-x86-64.so.2	aaa_glibc-solibs
e2fsprogs	ld-linux-x86-64.so.2	glibc
e2fsprogs	libblkid.so.1	util-linux
e2fsprogs	libc.so.6	aaa_glibc-solibs
e2fsprogs	libc.so.6	glibc
e2fsprogs	libfuse3.so.3	fuse3
e2fsprogs	libuuid.so.1	util-linux
easytag	libFLAC.so.14	flac
easytag	libatk-1.0.so.0	at-spi2-core
easytag	libc.so.6	aaa_glibc-solibs
easytag	libc.so.6	glibc
easytag	libcairo-gobject.so.2	cairo
easytag	libcairo.so.2	cairo
easytag	libgcc_s.so.1	aaa_libraries
easytag	libgcc_s.so.1	gcc
easytag	libgdk-3.so.0	gtk+3
easytag	libgdk_pixbuf-2.0.so.0	gdk-pixbuf2
easytag	libgio-2.0.so.0	glib2
easytag	libglib-2.0.so.0	aaa_libraries
easytag	libglib-2.0.so.0	glib2
easytag	libgobject-2.0.so.0	aaa_libraries
easytag	libgobject-2.0.so.0	glib2
easytag	libgtk-3.so.0	gtk+3
easytag	libharfbuzz.so.0	harfbuzz
easytag	libid3-3.8.so.3	id3lib
easytag	libid3tag.so.0	libid3tag
easytag	libm.so.6	aaa_glibc-solibs
easytag	libm.so.6	glibc
easytag	libogg.so.0	libogg
easytag	libopus.so.0	opus
easytag	libopusfile.so.0	opusfile
easytag	libpango-1.0.so.0	pango
easytag	libpangocairo-1.0.so.0	pango
easytag	libspeex.so.1	speex
easytag	libstdc++.so.6	aaa_libraries
easytag	libstdc++.so.6	gcc-g++
easytag	libtag.so.2	taglib
easytag	libvorbis.so.0	libvorbis
easytag	libvorbisfile.so.3	libvorbis
easytag	libwavpack.so.1	wavpack
easytag	libz.so.1	aaa_libraries
easytag	libz.so.1	zlib
ebook-tools	libc.so.6	aaa_glibc-solibs
ebook-tools	libc.so.6	glibc
ebook-tools	libxml2.so.16	libxml2
ebook-tools	libzip.so.5	libzip
ebtables	libc.so.6	aaa_glibc-solibs
ebtables	libc.so.6	glibc
ed	libc.so.6	aaa_glibc-solibs
ed	libc.so.6	glibc
editorconfig-core-c	libc.so.6	aaa_glibc-solibs
editorconfig-core-c	libc.so.6	glibc
editorconfig-core-c	libpcre2-8.so.0	aaa_libraries
editorconfig-core-c	libpcre2-8.so.0	pcre2
editres	libX11.so.6	libX11
editres	libXaw.so.7	libXaw
editres	libXmu.so.6	libXmu
editres	libXt.so.6	libXt
editres	libc.so.6	aaa_glibc-solibs
editres	libc.so.6	glibc
editres	libxkbfile.so.1	libxkbfile
efibootmgr	libc.so.6	aaa_glibc-solibs
efibootmgr	libc.so.6	glibc
efibootmgr	libefiboot.so.1	efivar
efibootmgr	libefivar.so.1	efivar
efibootmgr	libpopt.so.0	aaa_libraries
efibootmgr	libpopt.so.0	popt
efivar	ld-linux-x86-64.so.2	aaa_glibc-solibs
efivar	ld-linux-x86-64.so.2	glibc
efivar	libc.so.6	aaa_glibc-solibs
efivar	libc.so.6	glibc
egl-wayland	libc.so.6	aaa_glibc-solibs
egl-wayland	libc.so.6	glibc
egl-wayland	libdrm.so.2	libdrm
egl-wayland	libwayland-client.so.0	wayland
egl-wayland	libwayland-server.so.0	wayland
electricsheep	libc.so.6	aaa_glibc-solibs
electricsheep	libc.so.6	glibc
electricsheep	libjpeg.so.62	aaa_libraries
electricsheep	libjpeg.so.62	libjpeg-turbo
electricsheep	libm.so.6	aaa_glibc-solibs
electricsheep	libm.so.6	glibc
electricsheep	libmvec.so.1	aaa_glibc-solibs
electricsheep	libmvec.so.1	glibc
electricsheep	libpng16.so.16	aaa_libraries
electricsheep	libpng16.so.16	libpng
electricsheep	libxml2.so.16	libxml2
electricsheep	libz.so.1	aaa_libraries
electricsheep	libz.so.1	zlib
elfutils	ld-linux-x86-64.so.2	aaa_glibc-solibs
elfutils	ld-linux-x86-64.so.2	glibc
elfutils	libarchive.so.13	libarchive
elfutils	libbz2.so.1	aaa_libraries
elfutils	libbz2.so.1	bzip2
elfutils	libc.so.6	aaa_glibc-solibs
elfutils	libc.so.6	glibc
elfutils	libcrypto.so.3	openssl
elfutils	libcrypto.so.3	openssl-solibs
elfutils	libcurl.so.4	aaa_libraries
elfutils	libcurl.so.4	curl
elfutils	libelf.so.1	aaa_libraries
elfutils	libgcc_s.so.1	aaa_libraries
elfutils	libgcc_s.so.1	gcc
elfutils	libjson-c.so.5	aaa_libraries
elfutils	libjson-c.so.5	json-c
elfutils	liblzma.so.5	aaa_libraries
elfutils	liblzma.so.5	xz
elfutils	libm.so.6	aaa_glibc-solibs
elfutils	libm.so.6	glibc
elfutils	libstdc++.so.6	aaa_libraries
elfutils	libstdc++.so.6	gcc-g++
elfutils	libz.so.1	aaa_libraries
elfutils	libz.so.1	zlib
elfutils	libzstd.so.1	aaa_libraries
elfutils	libzstd.so.1	zstd
elilo	libc.so.6	aaa_glibc-solibs
elilo	libc.so.6	glibc
elisa	libGLX.so.0	libglvnd
elisa	libKF6Bookmarks.so.6	kbookmarks
elisa	libKF6Codecs.so.6	kcodecs
elisa	libKF6ColorScheme.so.6	kcolorscheme
elisa	libKF6Completion.so.6	kcompletion
elisa	libKF6ConfigCore.so.6	kconfig
elisa	libKF6ConfigGui.so.6	kconfig
elisa	libKF6ConfigWidgets.so.6	kconfigwidgets
elisa	libKF6CoreAddons.so.6	kcoreaddons
elisa	libKF6Crash.so.6	kcrash
elisa	libKF6DBusAddons.so.6	kdbusaddons
elisa	libKF6FileMetaData.so.3	kfilemetadata
elisa	libKF6GuiAddons.so.6	kguiaddons
elisa	libKF6I18n.so.6	ki18n
elisa	libKF6I18nQml.so.6	ki18n
elisa	libKF6IconThemes.so.6	kiconthemes
elisa	libKF6ItemViews.so.6	kitemviews
elisa	libKF6JobWidgets.so.6	kjobwidgets
elisa	libKF6KIOCore.so.6	kio
elisa	libKF6KIOFileWidgets.so.6	kio
elisa	libKF6KIOGui.so.6	kio
elisa	libKF6KIOWidgets.so.6	kio
elisa	libKF6Service.so.6	kservice
elisa	libKF6Solid.so.6	solid
elisa	libKF6WidgetsAddons.so.6	kwidgetsaddons
elisa	libKF6XmlGui.so.6	kxmlgui
elisa	libOpenGL.so.0	libglvnd
elisa	libQt6Concurrent.so.6	qt6
elisa	libQt6Core.so.6	qt6
elisa	libQt6DBus.so.6	qt6
elisa	libQt6Gui.so.6	qt6
elisa	libQt6Multimedia.so.6	qt6
elisa	libQt6Network.so.6	qt6
elisa	libQt6OpenGL.so.6	qt6
elisa	libQt6Qml.so.6	qt6
elisa	libQt6Quick.so.6	qt6
elisa	libQt6QuickControls2.so.6	qt6
elisa	libQt6Sql.so.6	qt6
elisa	libQt6Widgets.so.6	qt6
elisa	libQt6Xml.so.6	qt6
elisa	libc.so.6	aaa_glibc-solibs
elisa	libc.so.6	glibc
elisa	libgcc_s.so.1	aaa_libraries
elisa	libgcc_s.so.1	gcc
elisa	libm.so.6	aaa_glibc-solibs
elisa	libm.so.6	glibc
elisa	libstdc++.so.6	aaa_libraries
elisa	libstdc++.so.6	gcc-g++
elm	libc.so.6	aaa_glibc-solibs
elm	libc.so.6	glibc
elm	libncursesw.so.6	aaa_libraries
elm	libncursesw.so.6	ncurses
elm	libtinfo.so.6	aaa_libraries
elm	libtinfo.so.6	ncurses
elogind	ld-linux-x86-64.so.2	aaa_glibc-solibs
elogind	ld-linux-x86-64.so.2	glibc
elogind	libacl.so.1	aaa_libraries
elogind	libacl.so.1	acl
elogind	libc.so.6	aaa_glibc-solibs
elogind	libc.so.6	glibc
elogind	libcap.so.2	aaa_libraries
elogind	libcap.so.2	libcap
elogind	libm.so.6	aaa_glibc-solibs
elogind	libm.so.6	glibc
elogind	libmount.so.1	util-linux
elogind	libpam.so.0	pam
elogind	libpam_misc.so.0	pam
elvis	libc.so.6	aaa_glibc-solibs
elvis	libc.so.6	glibc
elvis	libncursesw.so.6	aaa_libraries
elvis	libncursesw.so.6	ncurses
elvis	libtinfo.so.6	aaa_libraries
elvis	libtinfo.so.6	ncurses
emacs	libICE.so.6	libICE
emacs	libSM.so.6	libSM
emacs	libX11-xcb.so.1	libX11
emacs	libX11.so.6	libX11
emacs	libXcomposite.so.1	libXcomposite
emacs	libXext.so.6	libXext
emacs	libXfixes.so.3	libXfixes
emacs	libXi.so.6	libXi
emacs	libXinerama.so.1	libXinerama
emacs	libXpm.so.4	libXpm
emacs	libXrandr.so.2	libXrandr
emacs	libXrender.so.1	libXrender
emacs	libacl.so.1	aaa_libraries
emacs	libacl.so.1	acl
emacs	libanl.so.1	aaa_glibc-solibs
emacs	libanl.so.1	glibc
emacs	libasound.so.2	aaa_libraries
emacs	libasound.so.2	alsa-lib
emacs	libatk-1.0.so.0	at-spi2-core
emacs	libattr.so.1	aaa_libraries
emacs	libattr.so.1	attr
emacs	libc.so.6	aaa_glibc-solibs
emacs	libc.so.6	glibc
emacs	libcairo-gobject.so.2	cairo
emacs	libcairo.so.2	cairo
emacs	libdbus-1.so.3	dbus
emacs	libfontconfig.so.1	fontconfig
emacs	libfreetype.so.6	freetype
emacs	libgccjit.so.0	libgccjit
emacs	libgdk-3.so.0	gtk+3
emacs	libgdk_pixbuf-2.0.so.0	gdk-pixbuf2
emacs	libgif.so.7	giflib
emacs	libgio-2.0.so.0	glib2
emacs	libglib-2.0.so.0	aaa_libraries
emacs	libglib-2.0.so.0	glib2
emacs	libgmp.so.10	aaa_libraries
emacs	libgmp.so.10	gmp
emacs	libgnutls.so.30	gnutls
emacs	libgobject-2.0.so.0	aaa_libraries
emacs	libgobject-2.0.so.0	glib2
emacs	libgpm.so.2	aaa_libraries
emacs	libgpm.so.2	gpm
emacs	libgtk-3.so.0	gtk+3
emacs	libharfbuzz.so.0	harfbuzz
emacs	libjpeg.so.62	aaa_libraries
emacs	libjpeg.so.62	libjpeg-turbo
emacs	liblcms2.so.2	lcms2
emacs	libm.so.6	aaa_glibc-solibs
emacs	libm.so.6	glibc
emacs	libpango-1.0.so.0	pango
emacs	libpangocairo-1.0.so.0	pango
emacs	libpng16.so.16	aaa_libraries
emacs	libpng16.so.16	libpng
emacs	librsvg-2.so.2	librsvg
emacs	libsqlite3.so.0	sqlite
emacs	libtiff.so.6	aaa_libraries
emacs	libtiff.so.6	libtiff
emacs	libtinfo.so.6	aaa_libraries
emacs	libtinfo.so.6	ncurses
emacs	libtree-sitter.so.0.27	tree-sitter
emacs	libwebp.so.7	libwebp
emacs	libwebpdemux.so.2	libwebp
emacs	libxcb-shape.so.0	libxcb
emacs	libxcb.so.1	libxcb
emacs	libxml2.so.16	libxml2
emacs	libz.so.1	aaa_libraries
emacs	libz.so.1	zlib
enchant	libaspell.so.15	aspell
enchant	libc.so.6	aaa_glibc-solibs
enchant	libc.so.6	glibc
enchant	libgcc_s.so.1	aaa_libraries
enchant	libgcc_s.so.1	gcc
enchant	libgio-2.0.so.0	glib2
enchant	libglib-2.0.so.0	aaa_libraries
enchant	libglib-2.0.so.0	glib2
enchant	libgmodule-2.0.so.0	aaa_libraries
enchant	libgmodule-2.0.so.0	glib2
enchant	libgobject-2.0.so.0	aaa_libraries
enchant	libgobject-2.0.so.0	glib2
enchant	libhunspell-1.7.so.0	hunspell
enchant	libm.so.6	aaa_glibc-solibs
enchant	libm.so.6	glibc
enchant	libstdc++.so.6	aaa_libraries
enchant	libstdc++.so.6	gcc-g++
enscript	libc.so.6	aaa_glibc-solibs
enscript	libc.so.6	glibc
enscript	libfl.so.2	flex
enscript	libm.so.6	aaa_glibc-solibs
enscript	libm.so.6	glibc
epic5	ld-linux-x86-64.so.2	aaa_glibc-solibs
epic5	ld-linux-x86-64.so.2	glibc
epic5	libarchive.so.13	libarchive
epic5	libc.so.6	aaa_glibc-solibs
epic5	libc.so.6	glibc
epic5	libcrypt.so.2	aaa_glibc-solibs
epic5	libcrypt.so.2	glibc
epic5	libcrypto.so.3	openssl
epic5	libcrypto.so.3	openssl-solibs
epic5	libm.so.6	aaa_glibc-solibs
epic5	libm.so.6	glibc
epic5	libncursesw.so.6	aaa_libraries
epic5	libncursesw.so.6	ncurses
epic5	libpython3.12.so.1.0	python3
epic5	libresolv.so.2	aaa_glibc-solibs
epic5	libresolv.so.2	glibc
epic5	libruby.so.4.0	ruby
epic5	libssl.so.3	openssl
epic5	libssl.so.3	openssl-solibs
epic5	libtinfo.so.6	aaa_libraries
epic5	libtinfo.so.6	ncurses
esound	libasound.so.2	aaa_libraries
esound	libasound.so.2	alsa-lib
esound	libaudiofile.so.1	audiofile
esound	libc.so.6	aaa_glibc-solibs
esound	libc.so.6	glibc
esound	libm.so.6	aaa_glibc-solibs
esound	libm.so.6	glibc
espeak-ng	libc.so.6	aaa_glibc-solibs
espeak-ng	libc.so.6	glibc
espeak-ng	libgcc_s.so.1	aaa_libraries
espeak-ng	libgcc_s.so.1	gcc
espeak-ng	libm.so.6	aaa_glibc-solibs
espeak-ng	libm.so.6	glibc
espeak-ng	libpcaudio.so.0	pcaudiolib
espeak-ng	libstdc++.so.6	aaa_libraries
espeak-ng	libstdc++.so.6	gcc-g++
ethtool	libc.so.6	aaa_glibc-solibs
ethtool	libc.so.6	glibc
ethtool	libm.so.6	aaa_glibc-solibs
ethtool	libm.so.6	glibc
ethtool	libmnl.so.0	libmnl
eudev	ld-linux-x86-64.so.2	aaa_glibc-solibs
eudev	ld-linux-x86-64.so.2	glibc
eudev	libblkid.so.1	util-linux
eudev	libc.so.6	aaa_glibc-solibs
eudev	libc.so.6	glibc
eudev	libkmod.so.2	kmod
eventviews	libGLX.so.0	libglvnd
eventviews	libKF6CalendarCore.so.6	kcalendarcore
eventviews	libKF6Codecs.so.6	kcodecs
eventviews	libKF6ColorScheme.so.6	kcolorscheme
eventviews	libKF6Completion.so.6	kcompletion
eventviews	libKF6ConfigCore.so.6	kconfig
eventviews	libKF6ConfigGui.so.6	kconfig
eventviews	libKF6ConfigWidgets.so.6	kconfigwidgets
eventviews	libKF6Contacts.so.6	kcontacts
eventviews	libKF6CoreAddons.so.6	kcoreaddons
eventviews	libKF6GuiAddons.so.6	kguiaddons
eventviews	libKF6Holidays.so.6	kholidays
eventviews	libKF6I18n.so.6	ki18n
eventviews	libKF6IconThemes.so.6	kiconthemes
eventviews	libKF6ItemModels.so.6	kitemmodels
eventviews	libKF6Mime.so.6	kmime
eventviews	libKF6Service.so.6	kservice
eventviews	libKF6WidgetsAddons.so.6	kwidgetsaddons
eventviews	libKGantt6.so.3	kdiagram
eventviews	libKPim6AkonadiCalendar.so.6	akonadi-calendar
eventviews	libKPim6AkonadiCalendarCore.so.6	akonadi-calendar
eventviews	libKPim6AkonadiCore.so.6	akonadi
eventviews	libKPim6AkonadiPrivate.so.6	akonadi
eventviews	libKPim6AkonadiWidgets.so.6	akonadi
eventviews	libKPim6CalendarSupport.so.6	calendarsupport
eventviews	libKPim6CalendarUtils.so.6	kcalutils
eventviews	libKPim6IdentityManagementCore.so.6	kidentitymanagement
eventviews	libKPim6Libkdepim.so.6	libkdepim
eventviews	libOpenGL.so.0	libglvnd
eventviews	libQt6Core.so.6	qt6
eventviews	libQt6DBus.so.6	qt6
eventviews	libQt6Gui.so.6	qt6
eventviews	libQt6PrintSupport.so.6	qt6
eventviews	libQt6Widgets.so.6	qt6
eventviews	libc.so.6	aaa_glibc-solibs
eventviews	libc.so.6	glibc
eventviews	libgcc_s.so.1	aaa_libraries
eventviews	libgcc_s.so.1	gcc
eventviews	libm.so.6	aaa_glibc-solibs
eventviews	libm.so.6	glibc
eventviews	libstdc++.so.6	aaa_libraries
eventviews	libstdc++.so.6	gcc-g++
exfatprogs	libblkid.so.1	util-linux
exfatprogs	libc.so.6	aaa_glibc-solibs
exfatprogs	libc.so.6	glibc
exiv2	libINIReader.so.0	inih
exiv2	libbrotlicommon.so.1	brotli
exiv2	libbrotlidec.so.1	brotli
exiv2	libc.so.6	aaa_glibc-solibs
exiv2	libc.so.6	glibc
exiv2	libcurl.so.4	aaa_libraries
exiv2	libcurl.so.4	curl
exiv2	libexpat.so.1	aaa_libraries
exiv2	libexpat.so.1	expat
exiv2	libgcc_s.so.1	aaa_libraries
exiv2	libgcc_s.so.1	gcc
exiv2	libinih.so.0	inih
exiv2	libm.so.6	aaa_glibc-solibs
exiv2	libm.so.6	glibc
exiv2	libstdc++.so.6	aaa_libraries
exiv2	libstdc++.so.6	gcc-g++
exiv2	libz.so.1	aaa_libraries
exiv2	libz.so.1	zlib
exo	libatk-1.0.so.0	at-spi2-core
exo	libc.so.6	aaa_glibc-solibs
exo	libc.so.6	glibc
exo	libcairo-gobject.so.2	cairo
exo	libcairo.so.2	cairo
exo	libgdk-3.so.0	gtk+3
exo	libgdk_pixbuf-2.0.so.0	gdk-pixbuf2
exo	libgio-2.0.so.0	glib2
exo	libglib-2.0.so.0	aaa_libraries
exo	libglib-2.0.so.0	glib2
exo	libgobject-2.0.so.0	aaa_libraries
exo	libgobject-2.0.so.0	glib2
exo	libgtk-3.so.0	gtk+3
exo	libharfbuzz.so.0	harfbuzz
exo	libm.so.6	aaa_glibc-solibs
exo	libm.so.6	glibc
exo	libpango-1.0.so.0	pango
exo	libpangocairo-1.0.so.0	pango
exo	libxfce4ui-2.so.0	libxfce4ui
exo	libxfce4util.so.7	libxfce4util
exo	libz.so.1	aaa_libraries
exo	libz.so.1	zlib
expat	libc.so.6	aaa_glibc-solibs
expat	libc.so.6	glibc
expat	libexpat.so.1	aaa_libraries
expat	libm.so.6	aaa_glibc-solibs
expat	libm.so.6	glibc
expect	libc.so.6	aaa_glibc-solibs
expect	libc.so.6	glibc
expect	libm.so.6	aaa_glibc-solibs
expect	libm.so.6	glibc
f2fs-tools	libblkid.so.1	util-linux
f2fs-tools	libc.so.6	aaa_glibc-solibs
f2fs-tools	libc.so.6	glibc
f2fs-tools	liblz4.so.1	lz4
f2fs-tools	liblzo2.so.2	lzo
f2fs-tools	libuuid.so.1	util-linux
f3	libc.so.6	aaa_glibc-solibs
f3	libc.so.6	glibc
f3	libm.so.6	aaa_glibc-solibs
f3	libm.so.6	glibc
f3	libparted.so.2	parted
f3	libudev.so.1	aaa_libraries
f3	libudev.so.1	eudev
falkon	libGLX.so.0	libglvnd
falkon	libKF6Archive.so.6	karchive
falkon	libKF6Completion.so.6	kcompletion
falkon	libKF6ConfigCore.so.6	kconfig
falkon	libKF6CoreAddons.so.6	kcoreaddons
falkon	libKF6Crash.so.6	kcrash
falkon	libKF6JobWidgets.so.6	kjobwidgets
falkon	libKF6KIOCore.so.6	kio
falkon	libKF6KIOGui.so.6	kio
falkon	libKF6KIOWidgets.so.6	kio
falkon	libKF6Purpose.so.6	purpose
falkon	libKF6PurposeWidgets.so.6	purpose
falkon	libKF6Service.so.6	kservice
falkon	libKF6Wallet.so.6	kwallet
falkon	libKF6WidgetsAddons.so.6	kwidgetsaddons
falkon	libOpenGL.so.0	libglvnd
falkon	libQt6Core.so.6	qt6
falkon	libQt6DBus.so.6	qt6
falkon	libQt6Gui.so.6	qt6
falkon	libQt6Network.so.6	qt6
falkon	libQt6OpenGL.so.6	qt6
falkon	libQt6Positioning.so.6	qt6
falkon	libQt6PrintSupport.so.6	qt6
falkon	libQt6Qml.so.6	qt6
falkon	libQt6Quick.so.6	qt6
falkon	libQt6QuickWidgets.so.6	qt6
falkon	libQt6Sql.so.6	qt6
falkon	libQt6WebChannel.so.6	qt6
falkon	libQt6WebEngineCore.so.6	qt6
falkon	libQt6WebEngineWidgets.so.6	qt6
falkon	libQt6Widgets.so.6	qt6
falkon	libc.so.6	aaa_glibc-solibs
falkon	libc.so.6	glibc
falkon	libcrypto.so.3	openssl
falkon	libcrypto.so.3	openssl-solibs
falkon	libgcc_s.so.1	aaa_libraries
falkon	libgcc_s.so.1	gcc
falkon	libglib-2.0.so.0	aaa_libraries
falkon	libglib-2.0.so.0	glib2
falkon	libgnome-keyring.so.0	libgnome-keyring
falkon	libm.so.6	aaa_glibc-solibs
falkon	libm.so.6	glibc
falkon	libstdc++.so.6	aaa_libraries
falkon	libstdc++.so.6	gcc-g++
falkon	libxcb.so.1	libxcb
farstream	libc.so.6	aaa_glibc-solibs
farstream	libc.so.6	glibc
farstream	libgio-2.0.so.0	glib2
farstream	libglib-2.0.so.0	aaa_libraries
farstream	libglib-2.0.so.0	glib2
farstream	libgmodule-2.0.so.0	aaa_libraries
farstream	libgmodule-2.0.so.0	glib2
farstream	libgobject-2.0.so.0	aaa_libraries
farstream	libgobject-2.0.so.0	glib2
farstream	libgstbase-1.0.so.0	gstreamer
farstream	libgstnet-1.0.so.0	gstreamer
farstream	libgstreamer-1.0.so.0	gstreamer
farstream	libgstrtp-1.0.so.0	gst-plugins-base
farstream	libm.so.6	aaa_glibc-solibs
farstream	libm.so.6	glibc
farstream	libnice.so.10	libnice
fcitx5	ld-linux-x86-64.so.2	aaa_glibc-solibs
fcitx5	ld-linux-x86-64.so.2	glibc
fcitx5	libc.so.6	aaa_glibc-solibs
fcitx5	libc.so.6	glibc
fcitx5	libcairo.so.2	cairo
fcitx5	libdbus-1.so.3	dbus
fcitx5	libenchant-2.so.2	enchant
fcitx5	libexpat.so.1	aaa_libraries
fcitx5	libexpat.so.1	expat
fcitx5	libgcc_s.so.1	aaa_libraries
fcitx5	libgcc_s.so.1	gcc
fcitx5	libgdk_pixbuf-2.0.so.0	gdk-pixbuf2
fcitx5	libgio-2.0.so.0	glib2
fcitx5	libglib-2.0.so.0	aaa_libraries
fcitx5	libglib-2.0.so.0	glib2
fcitx5	libgobject-2.0.so.0	aaa_libraries
fcitx5	libgobject-2.0.so.0	glib2
fcitx5	libm.so.6	aaa_glibc-solibs
fcitx5	libm.so.6	glibc
fcitx5	libpango-1.0.so.0	pango
fcitx5	libpangocairo-1.0.so.0	pango
fcitx5	librsvg-2.so.2	librsvg
fcitx5	libstdc++.so.6	aaa_libraries
fcitx5	libstdc++.so.6	gcc-g++
fcitx5	libuuid.so.1	util-linux
fcitx5	libuv.so.1	libuv
fcitx5	libwayland-client.so.0	wayland
fcitx5	libwayland-cursor.so.0	wayland
fcitx5	libxcb-ewmh.so.2	xcb-util-wm
fcitx5	libxcb-icccm.so.4	xcb-util-wm
fcitx5	libxcb-imdkit.so.1	xcb-imdkit
fcitx5	libxcb-keysyms.so.1	xcb-util-keysyms
fcitx5	libxcb-randr.so.0	libxcb
fcitx5	libxcb-util.so.1	xcb-util
fcitx5	libxcb-xfixes.so.0	libxcb
fcitx5	libxcb-xinerama.so.0	libxcb
fcitx5	libxcb-xkb.so.1	libxcb
fcitx5	libxcb.so.1	libxcb
fcitx5	libxkbcommon-x11.so.0	libxkbcommon
fcitx5	libxkbcommon.so.0	aaa_libraries
fcitx5	libxkbcommon.so.0	libxkbcommon
fcitx5	libxkbfile.so.1	libxkbfile
fcitx5	libz.so.1	aaa_libraries
fcitx5	libz.so.1	zlib
fcitx5-anthy	libFcitx5Config.so.6	fcitx5
fcitx5-anthy	libFcitx5Core.so.7	fcitx5
fcitx5-anthy	libFcitx5Utils.so.2	fcitx5
fcitx5-anthy	libanthy-unicode.so.0	anthy-unicode
fcitx5-anthy	libanthydic-unicode.so.0	anthy-unicode
fcitx5-anthy	libc.so.6	aaa_glibc-solibs
fcitx5-anthy	libc.so.6	glibc
fcitx5-anthy	libgcc_s.so.1	aaa_libraries
fcitx5-anthy	libgcc_s.so.1	gcc
fcitx5-anthy	libstdc++.so.6	aaa_libraries
fcitx5-anthy	libstdc++.so.6	gcc-g++
fcitx5-chinese-addons	ld-linux-x86-64.so.2	aaa_glibc-solibs
fcitx5-chinese-addons	ld-linux-x86-64.so.2	glibc
fcitx5-chinese-addons	libFcitx5Config.so.6	fcitx5
fcitx5-chinese-addons	libFcitx5Core.so.7	fcitx5
fcitx5-chinese-addons	libFcitx5Qt6WidgetsAddons.so.2	fcitx5-qt
fcitx5-chinese-addons	libFcitx5Utils.so.2	fcitx5
fcitx5-chinese-addons	libIMECore.so.0	libime
fcitx5-chinese-addons	libIMEPinyin.so.0	libime
fcitx5-chinese-addons	libIMETable.so.0	libime
fcitx5-chinese-addons	libQt6Core.so.6	qt6
fcitx5-chinese-addons	libQt6Gui.so.6	qt6
fcitx5-chinese-addons	libQt6Network.so.6	qt6
fcitx5-chinese-addons	libQt6WebEngineCore.so.6	qt6
fcitx5-chinese-addons	libQt6WebEngineWidgets.so.6	qt6
fcitx5-chinese-addons	libQt6Widgets.so.6	qt6
fcitx5-chinese-addons	libc.so.6	aaa_glibc-solibs
fcitx5-chinese-addons	libc.so.6	glibc
fcitx5-chinese-addons	libcurl.so.4	aaa_libraries
fcitx5-chinese-addons	libcurl.so.4	curl
fcitx5-chinese-addons	libgcc_s.so.1	aaa_libraries
fcitx5-chinese-addons	libgcc_s.so.1	gcc
fcitx5-chinese-addons	libm.so.6	aaa_glibc-solibs
fcitx5-chinese-addons	libm.so.6	glibc
fcitx5-chinese-addons	libopencc.so.1.4	OpenCC
fcitx5-chinese-addons	libstdc++.so.6	aaa_libraries
fcitx5-chinese-addons	libstdc++.so.6	gcc-g++
fcitx5-configtool	libFcitx5Config.so.6	fcitx5
fcitx5-configtool	libFcitx5Core.so.7	fcitx5
fcitx5-configtool	libFcitx5Qt6DBusAddons.so.1	fcitx5-qt
fcitx5-configtool	libFcitx5Qt6WidgetsAddons.so.2	fcitx5-qt
fcitx5-configtool	libFcitx5Utils.so.2	fcitx5
fcitx5-configtool	libGLX.so.0	libglvnd
fcitx5-configtool	libKF6ConfigCore.so.6	kconfig
fcitx5-configtool	libKF6CoreAddons.so.6	kcoreaddons
fcitx5-configtool	libKF6DBusAddons.so.6	kdbusaddons
fcitx5-configtool	libKF6I18n.so.6	ki18n
fcitx5-configtool	libKF6IconThemes.so.6	kiconthemes
fcitx5-configtool	libKF6ItemViews.so.6	kitemviews
fcitx5-configtool	libKF6KCMUtilsCore.so.6	kcmutils
fcitx5-configtool	libKF6KCMUtilsQuick.so.6	kcmutils
fcitx5-configtool	libKF6Svg.so.6	ksvg
fcitx5-configtool	libKF6WidgetsAddons.so.6	kwidgetsaddons
fcitx5-configtool	libKF6WindowSystem.so.6	kwindowsystem
fcitx5-configtool	libKirigamiPlatform.so.6	kirigami
fcitx5-configtool	libOpenGL.so.0	libglvnd
fcitx5-configtool	libPlasma.so.7	libplasma
fcitx5-configtool	libQt6Concurrent.so.6	qt6
fcitx5-configtool	libQt6Core.so.6	qt6
fcitx5-configtool	libQt6DBus.so.6	qt6
fcitx5-configtool	libQt6Gui.so.6	qt6
fcitx5-configtool	libQt6Network.so.6	qt6
fcitx5-configtool	libQt6OpenGL.so.6	qt6
fcitx5-configtool	libQt6Qml.so.6	qt6
fcitx5-configtool	libQt6Quick.so.6	qt6
fcitx5-configtool	libQt6Widgets.so.6	qt6
fcitx5-configtool	libX11.so.6	libX11
fcitx5-configtool	libc.so.6	aaa_glibc-solibs
fcitx5-configtool	libc.so.6	glibc
fcitx5-configtool	libgcc_s.so.1	aaa_libraries
fcitx5-configtool	libgcc_s.so.1	gcc
fcitx5-configtool	libm.so.6	aaa_glibc-solibs
fcitx5-configtool	libm.so.6	glibc
fcitx5-configtool	libstdc++.so.6	aaa_libraries
fcitx5-configtool	libstdc++.so.6	gcc-g++
fcitx5-configtool	libxkbcommon.so.0	aaa_libraries
fcitx5-configtool	libxkbcommon.so.0	libxkbcommon
fcitx5-configtool	libxkbfile.so.1	libxkbfile
fcitx5-gtk	libX11.so.6	libX11
fcitx5-gtk	libatk-1.0.so.0	at-spi2-core
fcitx5-gtk	libc.so.6	aaa_glibc-solibs
fcitx5-gtk	libc.so.6	glibc
fcitx5-gtk	libcairo-gobject.so.2	cairo
fcitx5-gtk	libcairo.so.2	cairo
fcitx5-gtk	libfontconfig.so.1	fontconfig
fcitx5-gtk	libfreetype.so.6	freetype
fcitx5-gtk	libgcc_s.so.1	aaa_libraries
fcitx5-gtk	libgcc_s.so.1	gcc
fcitx5-gtk	libgdk-3.so.0	gtk+3
fcitx5-gtk	libgdk-x11-2.0.so.0	gtk+2
fcitx5-gtk	libgdk_pixbuf-2.0.so.0	gdk-pixbuf2
fcitx5-gtk	libgio-2.0.so.0	glib2
fcitx5-gtk	libglib-2.0.so.0	aaa_libraries
fcitx5-gtk	libglib-2.0.so.0	glib2
fcitx5-gtk	libgobject-2.0.so.0	aaa_libraries
fcitx5-gtk	libgobject-2.0.so.0	glib2
fcitx5-gtk	libgraphene-1.0.so.0	graphene
fcitx5-gtk	libgtk-3.so.0	gtk+3
fcitx5-gtk	libgtk-4.so.1	gtk4
fcitx5-gtk	libgtk-x11-2.0.so.0	gtk+2
fcitx5-gtk	libharfbuzz.so.0	harfbuzz
fcitx5-gtk	libm.so.6	aaa_glibc-solibs
fcitx5-gtk	libm.so.6	glibc
fcitx5-gtk	libpango-1.0.so.0	pango
fcitx5-gtk	libpangocairo-1.0.so.0	pango
fcitx5-gtk	libpangoft2-1.0.so.0	pango
fcitx5-gtk	libstdc++.so.6	aaa_libraries
fcitx5-gtk	libstdc++.so.6	gcc-g++
fcitx5-gtk	libvulkan.so.1	vulkan-sdk
fcitx5-gtk	libxkbcommon.so.0	aaa_libraries
fcitx5-gtk	libxkbcommon.so.0	libxkbcommon
fcitx5-gtk	libz.so.1	aaa_libraries
fcitx5-gtk	libz.so.1	zlib
fcitx5-hangul	libFcitx5Config.so.6	fcitx5
fcitx5-hangul	libFcitx5Core.so.7	fcitx5
fcitx5-hangul	libFcitx5Utils.so.2	fcitx5
fcitx5-hangul	libc.so.6	aaa_glibc-solibs
fcitx5-hangul	libc.so.6	glibc
fcitx5-hangul	libgcc_s.so.1	aaa_libraries
fcitx5-hangul	libgcc_s.so.1	gcc
fcitx5-hangul	libhangul.so.1	libhangul
fcitx5-hangul	libstdc++.so.6	aaa_libraries
fcitx5-hangul	libstdc++.so.6	gcc-g++
fcitx5-kkc	libFcitx5Config.so.6	fcitx5
fcitx5-kkc	libFcitx5Core.so.7	fcitx5
fcitx5-kkc	libFcitx5Qt6WidgetsAddons.so.2	fcitx5-qt
fcitx5-kkc	libFcitx5Utils.so.2	fcitx5
fcitx5-kkc	libQt6Core.so.6	qt6
fcitx5-kkc	libQt6Gui.so.6	qt6
fcitx5-kkc	libQt6Widgets.so.6	qt6
fcitx5-kkc	libc.so.6	aaa_glibc-solibs
fcitx5-kkc	libc.so.6	glibc
fcitx5-kkc	libgcc_s.so.1	aaa_libraries
fcitx5-kkc	libgcc_s.so.1	gcc
fcitx5-kkc	libglib-2.0.so.0	aaa_libraries
fcitx5-kkc	libglib-2.0.so.0	glib2
fcitx5-kkc	libgobject-2.0.so.0	aaa_libraries
fcitx5-kkc	libgobject-2.0.so.0	glib2
fcitx5-kkc	libkkc.so.2	libkkc
fcitx5-kkc	libstdc++.so.6	aaa_libraries
fcitx5-kkc	libstdc++.so.6	gcc-g++
fcitx5-m17n	libFcitx5Config.so.6	fcitx5
fcitx5-m17n	libFcitx5Core.so.7	fcitx5
fcitx5-m17n	libFcitx5Utils.so.2	fcitx5
fcitx5-m17n	libc.so.6	aaa_glibc-solibs
fcitx5-m17n	libc.so.6	glibc
fcitx5-m17n	libgcc_s.so.1	aaa_libraries
fcitx5-m17n	libgcc_s.so.1	gcc
fcitx5-m17n	libm17n-core.so.0	m17n-lib
fcitx5-m17n	libm17n.so.0	m17n-lib
fcitx5-m17n	libstdc++.so.6	aaa_libraries
fcitx5-m17n	libstdc++.so.6	gcc-g++
fcitx5-qt	libFcitx5Utils.so.2	fcitx5
fcitx5-qt	libGLX.so.0	libglvnd
fcitx5-qt	libOpenGL.so.0	libglvnd
fcitx5-qt	libQt5Core.so.5	qt5
fcitx5-qt	libQt5DBus.so.5	qt5
fcitx5-qt	libQt5Gui.so.5	qt5
fcitx5-qt	libQt5Widgets.so.5	qt5
fcitx5-qt	libQt6Core.so.6	qt6
fcitx5-qt	libQt6DBus.so.6	qt6
fcitx5-qt	libQt6Gui.so.6	qt6
fcitx5-qt	libQt6WaylandClient.so.6	qt6
fcitx5-qt	libQt6Widgets.so.6	qt6
fcitx5-qt	libc.so.6	aaa_glibc-solibs
fcitx5-qt	libc.so.6	glibc
fcitx5-qt	libgcc_s.so.1	aaa_libraries
fcitx5-qt	libgcc_s.so.1	gcc
fcitx5-qt	libm.so.6	aaa_glibc-solibs
fcitx5-qt	libm.so.6	glibc
fcitx5-qt	libstdc++.so.6	aaa_libraries
fcitx5-qt	libstdc++.so.6	gcc-g++
fcitx5-qt	libxcb.so.1	libxcb
fcitx5-qt	libxkbcommon.so.0	aaa_libraries
fcitx5-qt	libxkbcommon.so.0	libxkbcommon
fcitx5-sayura	libFcitx5Core.so.7	fcitx5
fcitx5-sayura	libFcitx5Utils.so.2	fcitx5
fcitx5-sayura	libc.so.6	aaa_glibc-solibs
fcitx5-sayura	libc.so.6	glibc
fcitx5-sayura	libgcc_s.so.1	aaa_libraries
fcitx5-sayura	libgcc_s.so.1	gcc
fcitx5-sayura	libstdc++.so.6	aaa_libraries
fcitx5-sayura	libstdc++.so.6	gcc-g++
fcitx5-unikey	ld-linux-x86-64.so.2	aaa_glibc-solibs
fcitx5-unikey	ld-linux-x86-64.so.2	glibc
fcitx5-unikey	libFcitx5Config.so.6	fcitx5
fcitx5-unikey	libFcitx5Core.so.7	fcitx5
fcitx5-unikey	libFcitx5Qt6WidgetsAddons.so.2	fcitx5-qt
fcitx5-unikey	libFcitx5Utils.so.2	fcitx5
fcitx5-unikey	libQt6Core.so.6	qt6
fcitx5-unikey	libQt6Gui.so.6	qt6
fcitx5-unikey	libQt6Widgets.so.6	qt6
fcitx5-unikey	libc.so.6	aaa_glibc-solibs
fcitx5-unikey	libc.so.6	glibc
fcitx5-unikey	libgcc_s.so.1	aaa_libraries
fcitx5-unikey	libgcc_s.so.1	gcc
fcitx5-unikey	libstdc++.so.6	aaa_libraries
fcitx5-unikey	libstdc++.so.6	gcc-g++
fetchmail	libc.so.6	aaa_glibc-solibs
fetchmail	libc.so.6	glibc
fetchmail	libcom_err.so.2	e2fsprogs
fetchmail	libcrypto.so.3	openssl
fetchmail	libcrypto.so.3	openssl-solibs
fetchmail	libgssapi_krb5.so.2	aaa_libraries
fetchmail	libgssapi_krb5.so.2	krb5
fetchmail	libk5crypto.so.3	aaa_libraries
fetchmail	libk5crypto.so.3	krb5
fetchmail	libkrb5.so.3	aaa_libraries
fetchmail	libkrb5.so.3	krb5
fetchmail	libssl.so.3	openssl
fetchmail	libssl.so.3	openssl-solibs
ffmpeg	libOpenCL.so.1	ocl-icd
ffmpeg	libSDL2-2.0.so.0	SDL2
ffmpeg	libX11.so.6	libX11
ffmpeg	libXext.so.6	libXext
ffmpeg	libXv.so.1	libXv
ffmpeg	libaom.so.3	aom
ffmpeg	libasound.so.2	aaa_libraries
ffmpeg	libasound.so.2	alsa-lib
ffmpeg	libass.so.9	libass
ffmpeg	libbluray.so.4	libbluray
ffmpeg	libbz2.so.1	aaa_libraries
ffmpeg	libbz2.so.1	bzip2
ffmpeg	libc.so.6	aaa_glibc-solibs
ffmpeg	libc.so.6	glibc
ffmpeg	libcaca.so.0	libcaca
ffmpeg	libcairo.so.2	cairo
ffmpeg	libcdio_cdda.so.2	libcdio-paranoia
ffmpeg	libcdio_paranoia.so.2	libcdio-paranoia
ffmpeg	libdav1d.so.7	dav1d
ffmpeg	libdrm.so.2	libdrm
ffmpeg	libfontconfig.so.1	fontconfig
ffmpeg	libfreetype.so.6	freetype
ffmpeg	libgcrypt.so.20	libgcrypt
ffmpeg	libglib-2.0.so.0	aaa_libraries
ffmpeg	libglib-2.0.so.0	glib2
ffmpeg	libgnutls.so.30	gnutls
ffmpeg	libgobject-2.0.so.0	aaa_libraries
ffmpeg	libgobject-2.0.so.0	glib2
ffmpeg	libjxl.so.0.12	libjxl
ffmpeg	libjxl_threads.so.0.12	libjxl
ffmpeg	liblcms2.so.2	lcms2
ffmpeg	liblzma.so.5	aaa_libraries
ffmpeg	liblzma.so.5	xz
ffmpeg	libm.so.6	aaa_glibc-solibs
ffmpeg	libm.so.6	glibc
ffmpeg	libmp3lame.so.0	lame
ffmpeg	libopenal.so.1	openal-soft
ffmpeg	libopenjp2.so.7	openjpeg
ffmpeg	libopus.so.0	opus
ffmpeg	libplacebo.so.360	libplacebo
ffmpeg	libpulse.so.0	pulseaudio
ffmpeg	librsvg-2.so.2	librsvg
ffmpeg	libsmbclient.so.0	samba
ffmpeg	libspeex.so.1	speex
ffmpeg	libssh.so.4	libssh
ffmpeg	libtheoradec.so.2	libtheora
ffmpeg	libtheoraenc.so.2	libtheora
ffmpeg	libv4l2.so.0	v4l-utils
ffmpeg	libva-drm.so.2	libva
ffmpeg	libva-x11.so.2	libva
ffmpeg	libva.so.2	libva
ffmpeg	libvdpau.so.1	libvdpau
ffmpeg	libvidstab.so.1.2	vid.stab
ffmpeg	libvorbis.so.0	libvorbis
ffmpeg	libvorbisenc.so.2	libvorbis
ffmpeg	libvpx.so.12	libvpx
ffmpeg	libwebp.so.7	libwebp
ffmpeg	libwebpmux.so.3	libwebp
ffmpeg	libxcb-shape.so.0	libxcb
ffmpeg	libxcb-shm.so.0	libxcb
ffmpeg	libxcb-xfixes.so.0	libxcb
ffmpeg	libxcb.so.1	libxcb
ffmpeg	libxml2.so.16	libxml2
ffmpeg	libz.so.1	aaa_libraries
ffmpeg	libz.so.1	zlib
ffmpegthumbnailer	libavcodec.so.63	ffmpeg
ffmpegthumbnailer	libavfilter.so.12	ffmpeg
ffmpegthumbnailer	libavformat.so.63	ffmpeg
ffmpegthumbnailer	libavutil.so.61	ffmpeg
ffmpegthumbnailer	libc.so.6	aaa_glibc-solibs
ffmpegthumbnailer	libc.so.6	glibc
ffmpegthumbnailer	libgcc_s.so.1	aaa_libraries
ffmpegthumbnailer	libgcc_s.so.1	gcc
ffmpegthumbnailer	libjpeg.so.62	aaa_libraries
ffmpegthumbnailer	libjpeg.so.62	libjpeg-turbo
ffmpegthumbnailer	libm.so.6	aaa_glibc-solibs
ffmpegthumbnailer	libm.so.6	glibc
ffmpegthumbnailer	libpng16.so.16	aaa_libraries
ffmpegthumbnailer	libpng16.so.16	libpng
ffmpegthumbnailer	libstdc++.so.6	aaa_libraries
ffmpegthumbnailer	libstdc++.so.6	gcc-g++
ffmpegthumbnailer	libz.so.1	aaa_libraries
ffmpegthumbnailer	libz.so.1	zlib
ffmpegthumbs	libGLX.so.0	libglvnd
ffmpegthumbs	libKF6ConfigCore.so.6	kconfig
ffmpegthumbs	libKF6ConfigGui.so.6	kconfig
ffmpegthumbs	libKF6CoreAddons.so.6	kcoreaddons
ffmpegthumbs	libKF6KIOCore.so.6	kio
ffmpegthumbs	libKF6KIOGui.so.6	kio
ffmpegthumbs	libKF6Service.so.6	kservice
ffmpegthumbs	libOpenGL.so.0	libglvnd
ffmpegthumbs	libQt6Core.so.6	qt6
ffmpegthumbs	libQt6DBus.so.6	qt6
ffmpegthumbs	libQt6Gui.so.6	qt6
ffmpegthumbs	libQt6Network.so.6	qt6
ffmpegthumbs	libavcodec.so.63	ffmpeg
ffmpegthumbs	libavfilter.so.12	ffmpeg
ffmpegthumbs	libavformat.so.63	ffmpeg
ffmpegthumbs	libavutil.so.61	ffmpeg
ffmpegthumbs	libc.so.6	aaa_glibc-solibs
ffmpegthumbs	libc.so.6	glibc
ffmpegthumbs	libgcc_s.so.1	aaa_libraries
ffmpegthumbs	libgcc_s.so.1	gcc
ffmpegthumbs	libm.so.6	aaa_glibc-solibs
ffmpegthumbs	libm.so.6	glibc
ffmpegthumbs	libstdc++.so.6	aaa_libraries
ffmpegthumbs	libstdc++.so.6	gcc-g++
ffmpegthumbs	libswscale.so.10	ffmpeg
fftw	libc.so.6	aaa_glibc-solibs
fftw	libc.so.6	glibc
fftw	libgomp.so.1	aaa_libraries
fftw	libgomp.so.1	gcc
fftw	libm.so.6	aaa_glibc-solibs
fftw	libm.so.6	glibc
fftw	libquadmath.so.0	gcc
fig2dev	libc.so.6	aaa_glibc-solibs
fig2dev	libc.so.6	glibc
fig2dev	libm.so.6	aaa_glibc-solibs
fig2dev	libm.so.6	glibc
fig2dev	libpng16.so.16	aaa_libraries
fig2dev	libpng16.so.16	libpng
fig2dev	libz.so.1	aaa_libraries
fig2dev	libz.so.1	zlib
file	libbz2.so.1	aaa_libraries
file	libbz2.so.1	bzip2
file	libc.so.6	aaa_glibc-solibs
file	libc.so.6	glibc
file	liblz.so.1	lzlib
file	liblzma.so.5	aaa_libraries
file	liblzma.so.5	xz
file	libm.so.6	aaa_glibc-solibs
file	libm.so.6	glibc
file	libz.so.1	aaa_libraries
file	libz.so.1	zlib
file	libzstd.so.1	aaa_libraries
file	libzstd.so.1	zstd
filelight	ld-linux-x86-64.so.2	aaa_glibc-solibs
filelight	ld-linux-x86-64.so.2	glibc
filelight	libGLX.so.0	libglvnd
filelight	libKF6ColorScheme.so.6	kcolorscheme
filelight	libKF6Completion.so.6	kcompletion
filelight	libKF6ConfigCore.so.6	kconfig
filelight	libKF6ConfigGui.so.6	kconfig
filelight	libKF6CoreAddons.so.6	kcoreaddons
filelight	libKF6Crash.so.6	kcrash
filelight	libKF6I18n.so.6	ki18n
filelight	libKF6I18nQml.so.6	ki18n
filelight	libKF6JobWidgets.so.6	kjobwidgets
filelight	libKF6KIOCore.so.6	kio
filelight	libKF6KIOGui.so.6	kio
filelight	libKF6KIOWidgets.so.6	kio
filelight	libKF6Service.so.6	kservice
filelight	libKF6WidgetsAddons.so.6	kwidgetsaddons
filelight	libOpenGL.so.0	libglvnd
filelight	libQt6Core.so.6	qt6
filelight	libQt6DBus.so.6	qt6
filelight	libQt6Gui.so.6	qt6
filelight	libQt6Network.so.6	qt6
filelight	libQt6OpenGL.so.6	qt6
filelight	libQt6Qml.so.6	qt6
filelight	libQt6Quick.so.6	qt6
filelight	libQt6QuickControls2.so.6	qt6
filelight	libQt6Widgets.so.6	qt6
filelight	libc.so.6	aaa_glibc-solibs
filelight	libc.so.6	glibc
filelight	libgcc_s.so.1	aaa_libraries
filelight	libgcc_s.so.1	gcc
filelight	libm.so.6	aaa_glibc-solibs
filelight	libm.so.6	glibc
filelight	libstdc++.so.6	aaa_libraries
filelight	libstdc++.so.6	gcc-g++
findutils	libc.so.6	aaa_glibc-solibs
findutils	libc.so.6	glibc
findutils	libm.so.6	aaa_glibc-solibs
findutils	libm.so.6	glibc
flac	libc.so.6	aaa_glibc-solibs
flac	libc.so.6	glibc
flac	libgcc_s.so.1	aaa_libraries
flac	libgcc_s.so.1	gcc
flac	libm.so.6	aaa_glibc-solibs
flac	libm.so.6	glibc
flac	libogg.so.0	libogg
flac	libstdc++.so.6	aaa_libraries
flac	libstdc++.so.6	gcc-g++
flex	libc.so.6	aaa_glibc-solibs
flex	libc.so.6	glibc
flex	libm.so.6	aaa_glibc-solibs
flex	libm.so.6	glibc
floppy	libX11.so.6	libX11
floppy	libc.so.6	aaa_glibc-solibs
floppy	libc.so.6	glibc
fluidsynth	ld-linux-x86-64.so.2	aaa_glibc-solibs
fluidsynth	ld-linux-x86-64.so.2	glibc
fluidsynth	libSDL3.so.0	SDL3
fluidsynth	libasound.so.2	aaa_libraries
fluidsynth	libasound.so.2	alsa-lib
fluidsynth	libc.so.6	aaa_glibc-solibs
fluidsynth	libc.so.6	glibc
fluidsynth	libdbus-1.so.3	dbus
fluidsynth	libgcc_s.so.1	aaa_libraries
fluidsynth	libgcc_s.so.1	gcc
fluidsynth	libgomp.so.1	aaa_libraries
fluidsynth	libgomp.so.1	gcc
fluidsynth	libjack.so.0	pipewire
fluidsynth	libm.so.6	aaa_glibc-solibs
fluidsynth	libm.so.6	glibc
fluidsynth	libpipewire-0.3.so.0	pipewire
fluidsynth	libpulse-simple.so.0	pulseaudio
fluidsynth	libpulse.so.0	pulseaudio
fluidsynth	libreadline.so.8	aaa_libraries
fluidsynth	libreadline.so.8	readline
fluidsynth	libsndfile.so.1	libsndfile
fluidsynth	libstdc++.so.6	aaa_libraries
fluidsynth	libstdc++.so.6	gcc-g++
fluxbox	libX11.so.6	libX11
fluxbox	libXext.so.6	libXext
fluxbox	libXft.so.2	libXft
fluxbox	libXinerama.so.1	libXinerama
fluxbox	libXpm.so.4	libXpm
fluxbox	libXrandr.so.2	libXrandr
fluxbox	libXrender.so.1	libXrender
fluxbox	libc.so.6	aaa_glibc-solibs
fluxbox	libc.so.6	glibc
fluxbox	libfontconfig.so.1	fontconfig
fluxbox	libfreetype.so.6	freetype
fluxbox	libfribidi.so.0	fribidi
fluxbox	libgcc_s.so.1	aaa_libraries
fluxbox	libgcc_s.so.1	gcc
fluxbox	libm.so.6	aaa_glibc-solibs
fluxbox	libm.so.6	glibc
fluxbox	libstdc++.so.6	aaa_libraries
fluxbox	libstdc++.so.6	gcc-g++
fmt	libc.so.6	aaa_glibc-solibs
fmt	libc.so.6	glibc
fmt	libgcc_s.so.1	aaa_libraries
fmt	libgcc_s.so.1	gcc
fmt	libm.so.6	aaa_glibc-solibs
fmt	libm.so.6	glibc
fmt	libstdc++.so.6	aaa_libraries
fmt	libstdc++.so.6	gcc-g++
font-util	libc.so.6	aaa_glibc-solibs
font-util	libc.so.6	glibc
fontconfig	libc.so.6	aaa_glibc-solibs
fontconfig	libc.so.6	glibc
fontconfig	libexpat.so.1	aaa_libraries
fontconfig	libexpat.so.1	expat
fontconfig	libfreetype.so.6	freetype
fonttosfnt	libc.so.6	aaa_glibc-solibs
fonttosfnt	libc.so.6	glibc
fonttosfnt	libfontenc.so.1	libfontenc
fonttosfnt	libfreetype.so.6	freetype
fonttosfnt	libm.so.6	aaa_glibc-solibs
fonttosfnt	libm.so.6	glibc
fprintd	libc.so.6	aaa_glibc-solibs
fprintd	libc.so.6	glibc
fprintd	libelogind.so.0	elogind
fprintd	libfprint-2.so.2	libfprint
fprintd	libgio-2.0.so.0	glib2
fprintd	libglib-2.0.so.0	aaa_libraries
fprintd	libglib-2.0.so.0	glib2
fprintd	libgmodule-2.0.so.0	aaa_libraries
fprintd	libgmodule-2.0.so.0	glib2
fprintd	libgobject-2.0.so.0	aaa_libraries
fprintd	libgobject-2.0.so.0	glib2
fprintd	libpam.so.0	pam
fprintd	libpolkit-gobject-1.so.0	polkit
frameworkintegration	libGLX.so.0	libglvnd
frameworkintegration	libKF6Attica.so.6	attica
frameworkintegration	libKF6ColorScheme.so.6	kcolorscheme
frameworkintegration	libKF6ConfigCore.so.6	kconfig
frameworkintegration	libKF6CoreAddons.so.6	kcoreaddons
frameworkintegration	libKF6I18n.so.6	ki18n
frameworkintegration	libKF6IconThemes.so.6	kiconthemes
frameworkintegration	libKF6NewStuffCore.so.6	knewstuff
frameworkintegration	libKF6Notifications.so.6	knotifications
frameworkintegration	libKF6WidgetsAddons.so.6	kwidgetsaddons
frameworkintegration	libOpenGL.so.0	libglvnd
frameworkintegration	libQt6Core.so.6	qt6
frameworkintegration	libQt6DBus.so.6	qt6
frameworkintegration	libQt6Gui.so.6	qt6
frameworkintegration	libQt6Network.so.6	qt6
frameworkintegration	libQt6Widgets.so.6	qt6
frameworkintegration	libc.so.6	aaa_glibc-solibs
frameworkintegration	libc.so.6	glibc
frameworkintegration	libgcc_s.so.1	aaa_libraries
frameworkintegration	libgcc_s.so.1	gcc
frameworkintegration	libm.so.6	aaa_glibc-solibs
frameworkintegration	libm.so.6	glibc
frameworkintegration	libstdc++.so.6	aaa_libraries
frameworkintegration	libstdc++.so.6	gcc-g++
frameworkintegration5	libKF5Attica.so.5	attica5
frameworkintegration5	libKF5Auth.so.5	kauth5
frameworkintegration5	libKF5AuthCore.so.5	kauth5
frameworkintegration5	libKF5Codecs.so.5	kcodecs5
frameworkintegration5	libKF5ConfigCore.so.5	kconfig5
frameworkintegration5	libKF5ConfigGui.so.5	kconfig5
frameworkintegration5	libKF5ConfigWidgets.so.5	kconfigwidgets5
frameworkintegration5	libKF5CoreAddons.so.5	kcoreaddons5
frameworkintegration5	libKF5I18n.so.5	ki18n5
frameworkintegration5	libKF5IconThemes.so.5	kiconthemes5
frameworkintegration5	libKF5NewStuffCore.so.5	knewstuff5
frameworkintegration5	libKF5Notifications.so.5	knotifications5
frameworkintegration5	libKF5WidgetsAddons.so.5	kwidgetsaddons5
frameworkintegration5	libQt5Core.so.5	qt5
frameworkintegration5	libQt5DBus.so.5	qt5
frameworkintegration5	libQt5Gui.so.5	qt5
frameworkintegration5	libQt5Network.so.5	qt5
frameworkintegration5	libQt5Widgets.so.5	qt5
frameworkintegration5	libQt5Xml.so.5	qt5
frameworkintegration5	libc.so.6	aaa_glibc-solibs
frameworkintegration5	libc.so.6	glibc
frameworkintegration5	libgcc_s.so.1	aaa_libraries
frameworkintegration5	libgcc_s.so.1	gcc
frameworkintegration5	libm.so.6	aaa_glibc-solibs
frameworkintegration5	libm.so.6	glibc
frameworkintegration5	libstdc++.so.6	aaa_libraries
frameworkintegration5	libstdc++.so.6	gcc-g++
francis	libGLX.so.0	libglvnd
francis	libKF6ConfigCore.so.6	kconfig
francis	libKF6ConfigGui.so.6	kconfig
francis	libKF6CoreAddons.so.6	kcoreaddons
francis	libKF6DBusAddons.so.6	kdbusaddons
francis	libKF6I18n.so.6	ki18n
francis	libKF6I18nQml.so.6	ki18n
francis	libOpenGL.so.0	libglvnd
francis	libQt6Core.so.6	qt6
francis	libQt6DBus.so.6	qt6
francis	libQt6Gui.so.6	qt6
francis	libQt6Network.so.6	qt6
francis	libQt6OpenGL.so.6	qt6
francis	libQt6Qml.so.6	qt6
francis	libQt6Quick.so.6	qt6
francis	libQt6QuickControls2.so.6	qt6
francis	libQt6Svg.so.6	qt6
francis	libQt6Widgets.so.6	qt6
francis	libc.so.6	aaa_glibc-solibs
francis	libc.so.6	glibc
francis	libgcc_s.so.1	aaa_libraries
francis	libgcc_s.so.1	gcc
francis	libm.so.6	aaa_glibc-solibs
francis	libm.so.6	glibc
francis	libstdc++.so.6	aaa_libraries
francis	libstdc++.so.6	gcc-g++
freecell-solver	libc.so.6	aaa_glibc-solibs
freecell-solver	libc.so.6	glibc
freecell-solver	libm.so.6	aaa_glibc-solibs
freecell-solver	libm.so.6	glibc
freeglut	libGLX.so.0	libglvnd
freeglut	libOpenGL.so.0	libglvnd
freeglut	libX11.so.6	libX11
freeglut	libXi.so.6	libXi
freeglut	libXrandr.so.2	libXrandr
freeglut	libXxf86vm.so.1	libXxf86vm
freeglut	libc.so.6	aaa_glibc-solibs
freeglut	libc.so.6	glibc
freeglut	libm.so.6	aaa_glibc-solibs
freeglut	libm.so.6	glibc
freerdp	ld-linux-x86-64.so.2	aaa_glibc-solibs
freerdp	ld-linux-x86-64.so.2	glibc
freerdp	libICE.so.6	libICE
freerdp	libSDL3.so.0	SDL3
freerdp	libSDL3_ttf.so.0	SDL3_ttf
freerdp	libSM.so.6	libSM
freerdp	libX11.so.6	libX11
freerdp	libXcursor.so.1	libXcursor
freerdp	libXdamage.so.1	libXdamage
freerdp	libXext.so.6	libXext
freerdp	libXfixes.so.3	libXfixes
freerdp	libXi.so.6	libXi
freerdp	libXinerama.so.1	libXinerama
freerdp	libXrandr.so.2	libXrandr
freerdp	libXrender.so.1	libXrender
freerdp	libXtst.so.6	libXtst
freerdp	libXv.so.1	libXv
freerdp	libasound.so.2	aaa_libraries
freerdp	libasound.so.2	alsa-lib
freerdp	libavcodec.so.63	ffmpeg
freerdp	libavdevice.so.63	ffmpeg
freerdp	libavfilter.so.12	ffmpeg
freerdp	libavformat.so.63	ffmpeg
freerdp	libavutil.so.61	ffmpeg
freerdp	libc.so.6	aaa_glibc-solibs
freerdp	libc.so.6	glibc
freerdp	libcairo.so.2	cairo
freerdp	libcom_err.so.2	e2fsprogs
freerdp	libcrypto.so.3	openssl
freerdp	libcrypto.so.3	openssl-solibs
freerdp	libcups.so.2	aaa_libraries
freerdp	libcups.so.2	cups
freerdp	libfuse3.so.3	fuse3
freerdp	libgcc_s.so.1	aaa_libraries
freerdp	libgcc_s.so.1	gcc
freerdp	libicudata.so.78	icu4c
freerdp	libicui18n.so.78	icu4c
freerdp	libicuio.so.78	icu4c
freerdp	libicuuc.so.78	icu4c
freerdp	libjansson.so.4	jansson
freerdp	libk5crypto.so.3	aaa_libraries
freerdp	libk5crypto.so.3	krb5
freerdp	libkrb5.so.3	aaa_libraries
freerdp	libkrb5.so.3	krb5
freerdp	libm.so.6	aaa_glibc-solibs
freerdp	libm.so.6	glibc
freerdp	libmp3lame.so.0	lame
freerdp	libpam.so.0	pam
freerdp	libpulse.so.0	pulseaudio
freerdp	libssl.so.3	openssl
freerdp	libssl.so.3	openssl-solibs
freerdp	libstdc++.so.6	aaa_libraries
freerdp	libstdc++.so.6	gcc-g++
freerdp	libswresample.so.7	ffmpeg
freerdp	libswscale.so.10	ffmpeg
freerdp	libusb-1.0.so.0	aaa_libraries
freerdp	libusb-1.0.so.0	libusb
freerdp	libwayland-client.so.0	wayland
freerdp	libwayland-cursor.so.0	wayland
freerdp	libxkbcommon.so.0	aaa_libraries
freerdp	libxkbcommon.so.0	libxkbcommon
freerdp	libxkbfile.so.1	libxkbfile
freerdp	libz.so.1	aaa_libraries
freerdp	libz.so.1	zlib
freetype	libbrotlidec.so.1	brotli
freetype	libbz2.so.1	aaa_libraries
freetype	libbz2.so.1	bzip2
freetype	libc.so.6	aaa_glibc-solibs
freetype	libc.so.6	glibc
freetype	libharfbuzz.so.0	harfbuzz
freetype	libpng16.so.16	aaa_libraries
freetype	libpng16.so.16	libpng
freetype	libz.so.1	aaa_libraries
freetype	libz.so.1	zlib
frei0r-plugins	ld-linux-x86-64.so.2	aaa_glibc-solibs
frei0r-plugins	ld-linux-x86-64.so.2	glibc
frei0r-plugins	libEGL.so.1	libglvnd
frei0r-plugins	libGLU.so.1	glu
frei0r-plugins	libGLX.so.0	libglvnd
frei0r-plugins	libOpenGL.so.0	libglvnd
frei0r-plugins	libc.so.6	aaa_glibc-solibs
frei0r-plugins	libc.so.6	glibc
frei0r-plugins	libcairo.so.2	cairo
frei0r-plugins	libgcc_s.so.1	aaa_libraries
frei0r-plugins	libgcc_s.so.1	gcc
frei0r-plugins	libm.so.6	aaa_glibc-solibs
frei0r-plugins	libm.so.6	glibc
frei0r-plugins	libopencv_alphamat.so.500	opencv
frei0r-plugins	libopencv_bgsegm.so.500	opencv
frei0r-plugins	libopencv_bioinspired.so.500	opencv
frei0r-plugins	libopencv_calib.so.500	opencv
frei0r-plugins	libopencv_ccalib.so.500	opencv
frei0r-plugins	libopencv_core.so.500	opencv
frei0r-plugins	libopencv_cvv.so.500	opencv
frei0r-plugins	libopencv_datasets.so.500	opencv
frei0r-plugins	libopencv_dnn.so.500	opencv
frei0r-plugins	libopencv_dnn_objdetect.so.500	opencv
frei0r-plugins	libopencv_dnn_superres.so.500	opencv
frei0r-plugins	libopencv_dpm.so.500	opencv
frei0r-plugins	libopencv_face.so.500	opencv
frei0r-plugins	libopencv_features.so.500	opencv
frei0r-plugins	libopencv_flann.so.500	opencv
frei0r-plugins	libopencv_freetype.so.500	opencv
frei0r-plugins	libopencv_fuzzy.so.500	opencv
frei0r-plugins	libopencv_gapi.so.500	opencv
frei0r-plugins	libopencv_geometry.so.500	opencv
frei0r-plugins	libopencv_hfs.so.500	opencv
frei0r-plugins	libopencv_highgui.so.500	opencv
frei0r-plugins	libopencv_img_hash.so.500	opencv
frei0r-plugins	libopencv_imgcodecs.so.500	opencv
frei0r-plugins	libopencv_imgproc.so.500	opencv
frei0r-plugins	libopencv_intensity_transform.so.500	opencv
frei0r-plugins	libopencv_line_descriptor.so.500	opencv
frei0r-plugins	libopencv_ml.so.500	opencv
frei0r-plugins	libopencv_objdetect.so.500	opencv
frei0r-plugins	libopencv_optflow.so.500	opencv
frei0r-plugins	libopencv_phase_unwrapping.so.500	opencv
frei0r-plugins	libopencv_photo.so.500	opencv
frei0r-plugins	libopencv_plot.so.500	opencv
frei0r-plugins	libopencv_ptcloud.so.500	opencv
frei0r-plugins	libopencv_quality.so.500	opencv
frei0r-plugins	libopencv_rapid.so.500	opencv
frei0r-plugins	libopencv_reg.so.500	opencv
frei0r-plugins	libopencv_rgbd.so.500	opencv
frei0r-plugins	libopencv_saliency.so.500	opencv
frei0r-plugins	libopencv_shape.so.500	opencv
frei0r-plugins	libopencv_signal.so.500	opencv
frei0r-plugins	libopencv_stereo.so.500	opencv
frei0r-plugins	libopencv_stitching.so.500	opencv
frei0r-plugins	libopencv_structured_light.so.500	opencv
frei0r-plugins	libopencv_superres.so.500	opencv
frei0r-plugins	libopencv_surface_matching.so.500	opencv
frei0r-plugins	libopencv_text.so.500	opencv
frei0r-plugins	libopencv_tracking.so.500	opencv
frei0r-plugins	libopencv_video.so.500	opencv
frei0r-plugins	libopencv_videoio.so.500	opencv
frei0r-plugins	libopencv_videostab.so.500	opencv
frei0r-plugins	libopencv_wechat_qrcode.so.500	opencv
frei0r-plugins	libopencv_xfeatures2d.so.500	opencv
frei0r-plugins	libopencv_ximgproc.so.500	opencv
frei0r-plugins	libopencv_xobjdetect.so.500	opencv
frei0r-plugins	libopencv_xphoto.so.500	opencv
frei0r-plugins	libopencv_xstereo.so.500	opencv
frei0r-plugins	libstdc++.so.6	aaa_libraries
frei0r-plugins	libstdc++.so.6	gcc-g++
fribidi	libc.so.6	aaa_glibc-solibs
fribidi	libc.so.6	glibc
fslsfonts	libFS.so.6	libFS
fslsfonts	libc.so.6	aaa_glibc-solibs
fslsfonts	libc.so.6	glibc
fstobdf	libFS.so.6	libFS
fstobdf	libX11.so.6	libX11
fstobdf	libc.so.6	aaa_glibc-solibs
fstobdf	libc.so.6	glibc
fuse	libc.so.6	aaa_glibc-solibs
fuse	libc.so.6	glibc
fuse3	libc.so.6	aaa_glibc-solibs
fuse3	libc.so.6	glibc
futuresql	libQt5Core.so.5	qt5
futuresql	libQt5Sql.so.5	qt5
futuresql	libQt6Core.so.6	qt6
futuresql	libQt6Sql.so.6	qt6
futuresql	libc.so.6	aaa_glibc-solibs
futuresql	libc.so.6	glibc
futuresql	libgcc_s.so.1	aaa_libraries
futuresql	libgcc_s.so.1	gcc
futuresql	libm.so.6	aaa_glibc-solibs
futuresql	libm.so.6	glibc
futuresql	libstdc++.so.6	aaa_libraries
futuresql	libstdc++.so.6	gcc-g++
fvwm	libICE.so.6	libICE
fvwm	libSM.so.6	libSM
fvwm	libX11.so.6	libX11
fvwm	libXcursor.so.1	libXcursor
fvwm	libXext.so.6	libXext
fvwm	libXft.so.2	libXft
fvwm	libXinerama.so.1	libXinerama
fvwm	libXpm.so.4	libXpm
fvwm	libXrender.so.1	libXrender
fvwm	libc.so.6	aaa_glibc-solibs
fvwm	libc.so.6	glibc
fvwm	libcairo.so.2	cairo
fvwm	libfontconfig.so.1	fontconfig
fvwm	libfreetype.so.6	freetype
fvwm	libfribidi.so.0	fribidi
fvwm	libgdk_pixbuf-2.0.so.0	gdk-pixbuf2
fvwm	libgio-2.0.so.0	glib2
fvwm	libglib-2.0.so.0	aaa_libraries
fvwm	libglib-2.0.so.0	glib2
fvwm	libgobject-2.0.so.0	aaa_libraries
fvwm	libgobject-2.0.so.0	glib2
fvwm	libm.so.6	aaa_glibc-solibs
fvwm	libm.so.6	glibc
fvwm	libpng16.so.16	aaa_libraries
fvwm	libpng16.so.16	libpng
fvwm	libreadline.so.8	aaa_libraries
fvwm	libreadline.so.8	readline
fvwm	librsvg-2.so.2	librsvg
fvwm	libtinfo.so.6	aaa_libraries
fvwm	libtinfo.so.6	ncurses
fwupd	libblkid.so.1	util-linux
fwupd	libc.so.6	aaa_glibc-solibs
fwupd	libc.so.6	glibc
fwupd	libcurl.so.4	aaa_libraries
fwupd	libcurl.so.4	curl
fwupd	libdrm.so.2	libdrm
fwupd	libdrm_amdgpu.so.1	libdrm
fwupd	libgio-2.0.so.0	glib2
fwupd	libglib-2.0.so.0	aaa_libraries
fwupd	libglib-2.0.so.0	glib2
fwupd	libgmodule-2.0.so.0	aaa_libraries
fwupd	libgmodule-2.0.so.0	glib2
fwupd	libgnutls.so.30	gnutls
fwupd	libgobject-2.0.so.0	aaa_libraries
fwupd	libgobject-2.0.so.0	glib2
fwupd	liblzma.so.5	aaa_libraries
fwupd	liblzma.so.5	xz
fwupd	libmbim-glib.so.4	libmbim
fwupd	libmm-glib.so.0	ModemManager
fwupd	libmnl.so.0	libmnl
fwupd	libpolkit-gobject-1.so.0	polkit
fwupd	libqmi-glib.so.5	libqmi
fwupd	libreadline.so.8	aaa_libraries
fwupd	libreadline.so.8	readline
fwupd	libsqlite3.so.0	sqlite
fwupd	libusb-1.0.so.0	aaa_libraries
fwupd	libusb-1.0.so.0	libusb
fwupd	libxmlb.so.2	libxmlb
fwupd	libz.so.1	aaa_libraries
fwupd	libz.so.1	zlib
garcon	libatk-1.0.so.0	at-spi2-core
garcon	libc.so.6	aaa_glibc-solibs
garcon	libc.so.6	glibc
garcon	libcairo-gobject.so.2	cairo
garcon	libcairo.so.2	cairo
garcon	libgdk-3.so.0	gtk+3
garcon	libgdk_pixbuf-2.0.so.0	gdk-pixbuf2
garcon	libgio-2.0.so.0	glib2
garcon	libglib-2.0.so.0	aaa_libraries
garcon	libglib-2.0.so.0	glib2
garcon	libgobject-2.0.so.0	aaa_libraries
garcon	libgobject-2.0.so.0	glib2
garcon	libgthread-2.0.so.0	aaa_libraries
garcon	libgthread-2.0.so.0	glib2
garcon	libgtk-3.so.0	gtk+3
garcon	libharfbuzz.so.0	harfbuzz
garcon	libpango-1.0.so.0	pango
garcon	libpangocairo-1.0.so.0	pango
garcon	libxfce4ui-2.so.0	libxfce4ui
garcon	libxfce4util.so.7	libxfce4util
garcon	libz.so.1	aaa_libraries
garcon	libz.so.1	zlib
gawk	libc.so.6	aaa_glibc-solibs
gawk	libc.so.6	glibc
gawk	libgmp.so.10	aaa_libraries
gawk	libgmp.so.10	gmp
gawk	libm.so.6	aaa_glibc-solibs
gawk	libm.so.6	glibc
gawk	libmpfr.so.6	aaa_libraries
gawk	libmpfr.so.6	mpfr
gawk	libreadline.so.8	aaa_libraries
gawk	libreadline.so.8	readline
gc	ld-linux-x86-64.so.2	aaa_glibc-solibs
gc	ld-linux-x86-64.so.2	glibc
gc	libc.so.6	aaa_glibc-solibs
gc	libc.so.6	glibc
gc	libgcc_s.so.1	aaa_libraries
gc	libgcc_s.so.1	gcc
gc	libm.so.6	aaa_glibc-solibs
gc	libm.so.6	glibc
gc	libstdc++.so.6	aaa_libraries
gc	libstdc++.so.6	gcc-g++
gcc	ld-linux-x86-64.so.2	aaa_glibc-solibs
gcc	ld-linux-x86-64.so.2	glibc
gcc	ld-linux.so.2	aaa_glibc-solibs
gcc	ld-linux.so.2	glibc
gcc	libc.so.6	aaa_glibc-solibs
gcc	libc.so.6	glibc
gcc	libgcc_s.so.1	aaa_libraries
gcc	libgmp.so.10	aaa_libraries
gcc	libgmp.so.10	gmp
gcc	libgo.so.25	gcc-go
gcc	libisl.so.23	aaa_libraries
gcc	libisl.so.23	isl
gcc	libm.so.6	aaa_glibc-solibs
gcc	libm.so.6	glibc
gcc	libmpc.so.3	aaa_libraries
gcc	libmpc.so.3	libmpc
gcc	libmpfr.so.6	aaa_libraries
gcc	libmpfr.so.6	mpfr
gcc	libstdc++.so.6	aaa_libraries
gcc	libstdc++.so.6	gcc-g++
gcc	libz.so.1	aaa_libraries
gcc	libz.so.1	zlib
gcc	libzstd.so.1	aaa_libraries
gcc	libzstd.so.1	zstd
gcc-g++	ld-linux-x86-64.so.2	aaa_glibc-solibs
gcc-g++	ld-linux-x86-64.so.2	glibc
gcc-g++	ld-linux.so.2	aaa_glibc-solibs
gcc-g++	ld-linux.so.2	glibc
gcc-g++	libc.so.6	aaa_glibc-solibs
gcc-g++	libc.so.6	glibc
gcc-g++	libgcc_s.so.1	aaa_libraries
gcc-g++	libgcc_s.so.1	gcc
gcc-g++	libgmp.so.10	aaa_libraries
gcc-g++	libgmp.so.10	gmp
gcc-g++	libisl.so.23	aaa_libraries
gcc-g++	libisl.so.23	isl
gcc-g++	libm.so.6	aaa_glibc-solibs
gcc-g++	libm.so.6	glibc
gcc-g++	libmpc.so.3	aaa_libraries
gcc-g++	libmpc.so.3	libmpc
gcc-g++	libmpfr.so.6	aaa_libraries
gcc-g++	libmpfr.so.6	mpfr
gcc-g++	libz.so.1	aaa_libraries
gcc-g++	libz.so.1	zlib
gcc-g++	libzstd.so.1	aaa_libraries
gcc-g++	libzstd.so.1	zstd
gcc-gcobol	ld-linux-x86-64.so.2	aaa_glibc-solibs
gcc-gcobol	ld-linux-x86-64.so.2	glibc
gcc-gcobol	libc.so.6	aaa_glibc-solibs
gcc-gcobol	libc.so.6	glibc
gcc-gcobol	libgcc_s.so.1	aaa_libraries
gcc-gcobol	libgcc_s.so.1	gcc
gcc-gcobol	libgmp.so.10	aaa_libraries
gcc-gcobol	libgmp.so.10	gmp
gcc-gcobol	libisl.so.23	aaa_libraries
gcc-gcobol	libisl.so.23	isl
gcc-gcobol	libm.so.6	aaa_glibc-solibs
gcc-gcobol	libm.so.6	glibc
gcc-gcobol	libmpc.so.3	aaa_libraries
gcc-gcobol	libmpc.so.3	libmpc
gcc-gcobol	libmpfr.so.6	aaa_libraries
gcc-gcobol	libmpfr.so.6	mpfr
gcc-gcobol	libstdc++.so.6	aaa_libraries
gcc-gcobol	libstdc++.so.6	gcc-g++
gcc-gcobol	libxml2.so.16	libxml2
gcc-gcobol	libz.so.1	aaa_libraries
gcc-gcobol	libz.so.1	zlib
gcc-gcobol	libzstd.so.1	aaa_libraries
gcc-gcobol	libzstd.so.1	zstd
gcc-gdc	ld-linux-x86-64.so.2	aaa_glibc-solibs
gcc-gdc	ld-linux-x86-64.so.2	glibc
gcc-gdc	ld-linux.so.2	aaa_glibc-solibs
gcc-gdc	ld-linux.so.2	glibc
gcc-gdc	libc.so.6	aaa_glibc-solibs
gcc-gdc	libc.so.6	glibc
gcc-gdc	libgcc_s.so.1	aaa_libraries
gcc-gdc	libgcc_s.so.1	gcc
gcc-gdc	libgmp.so.10	aaa_libraries
gcc-gdc	libgmp.so.10	gmp
gcc-gdc	libisl.so.23	aaa_libraries
gcc-gdc	libisl.so.23	isl
gcc-gdc	libm.so.6	aaa_glibc-solibs
gcc-gdc	libm.so.6	glibc
gcc-gdc	libmpc.so.3	aaa_libraries
gcc-gdc	libmpc.so.3	libmpc
gcc-gdc	libmpfr.so.6	aaa_libraries
gcc-gdc	libmpfr.so.6	mpfr
gcc-gdc	libz.so.1	aaa_libraries
gcc-gdc	libz.so.1	zlib
gcc-gdc	libzstd.so.1	aaa_libraries
gcc-gdc	libzstd.so.1	zstd
gcc-gfortran	ld-linux-x86-64.so.2	aaa_glibc-solibs
gcc-gfortran	ld-linux-x86-64.so.2	glibc
gcc-gfortran	ld-linux.so.2	aaa_glibc-solibs
gcc-gfortran	ld-linux.so.2	glibc
gcc-gfortran	libc.so.6	aaa_glibc-solibs
gcc-gfortran	libc.so.6	glibc
gcc-gfortran	libgcc_s.so.1	aaa_libraries
gcc-gfortran	libgcc_s.so.1	gcc
gcc-gfortran	libgmp.so.10	aaa_libraries
gcc-gfortran	libgmp.so.10	gmp
gcc-gfortran	libisl.so.23	aaa_libraries
gcc-gfortran	libisl.so.23	isl
gcc-gfortran	libm.so.6	aaa_glibc-solibs
gcc-gfortran	libm.so.6	glibc
gcc-gfortran	libmpc.so.3	aaa_libraries
gcc-gfortran	libmpc.so.3	libmpc
gcc-gfortran	libmpfr.so.6	aaa_libraries
gcc-gfortran	libmpfr.so.6	mpfr
gcc-gfortran	libz.so.1	aaa_libraries
gcc-gfortran	libz.so.1	zlib
gcc-gfortran	libzstd.so.1	aaa_libraries
gcc-gfortran	libzstd.so.1	zstd
gcc-gm2	ld-linux-x86-64.so.2	aaa_glibc-solibs
gcc-gm2	ld-linux-x86-64.so.2	glibc
gcc-gm2	libc.so.6	aaa_glibc-solibs
gcc-gm2	libc.so.6	glibc
gcc-gm2	libgcc_s.so.1	aaa_libraries
gcc-gm2	libgcc_s.so.1	gcc
gcc-gm2	libgmp.so.10	aaa_libraries
gcc-gm2	libgmp.so.10	gmp
gcc-gm2	libisl.so.23	aaa_libraries
gcc-gm2	libisl.so.23	isl
gcc-gm2	libm.so.6	aaa_glibc-solibs
gcc-gm2	libm.so.6	glibc
gcc-gm2	libmpc.so.3	aaa_libraries
gcc-gm2	libmpc.so.3	libmpc
gcc-gm2	libmpfr.so.6	aaa_libraries
gcc-gm2	libmpfr.so.6	mpfr
gcc-gm2	libstdc++.so.6	aaa_libraries
gcc-gm2	libstdc++.so.6	gcc-g++
gcc-gm2	libz.so.1	aaa_libraries
gcc-gm2	libz.so.1	zlib
gcc-gm2	libzstd.so.1	aaa_libraries
gcc-gm2	libzstd.so.1	zstd
gcc-gnat	ld-linux-x86-64.so.2	aaa_glibc-solibs
gcc-gnat	ld-linux-x86-64.so.2	glibc
gcc-gnat	ld-linux.so.2	aaa_glibc-solibs
gcc-gnat	ld-linux.so.2	glibc
gcc-gnat	libc.so.6	aaa_glibc-solibs
gcc-gnat	libc.so.6	glibc
gcc-gnat	libgcc_s.so.1	aaa_libraries
gcc-gnat	libgcc_s.so.1	gcc
gcc-gnat	libgmp.so.10	aaa_libraries
gcc-gnat	libgmp.so.10	gmp
gcc-gnat	libisl.so.23	aaa_libraries
gcc-gnat	libisl.so.23	isl
gcc-gnat	libm.so.6	aaa_glibc-solibs
gcc-gnat	libm.so.6	glibc
gcc-gnat	libmpc.so.3	aaa_libraries
gcc-gnat	libmpc.so.3	libmpc
gcc-gnat	libmpfr.so.6	aaa_libraries
gcc-gnat	libmpfr.so.6	mpfr
gcc-gnat	libz.so.1	aaa_libraries
gcc-gnat	libz.so.1	zlib
gcc-gnat	libzstd.so.1	aaa_libraries
gcc-gnat	libzstd.so.1	zstd
gcc-go	ld-linux-x86-64.so.2	aaa_glibc-solibs
gcc-go	ld-linux-x86-64.so.2	glibc
gcc-go	ld-linux.so.2	aaa_glibc-solibs
gcc-go	ld-linux.so.2	glibc
gcc-go	libc.so.6	aaa_glibc-solibs
gcc-go	libc.so.6	glibc
gcc-go	libgcc_s.so.1	aaa_libraries
gcc-go	libgcc_s.so.1	gcc
gcc-go	libgmp.so.10	aaa_libraries
gcc-go	libgmp.so.10	gmp
gcc-go	libisl.so.23	aaa_libraries
gcc-go	libisl.so.23	isl
gcc-go	libm.so.6	aaa_glibc-solibs
gcc-go	libm.so.6	glibc
gcc-go	libmpc.so.3	aaa_libraries
gcc-go	libmpc.so.3	libmpc
gcc-go	libmpfr.so.6	aaa_libraries
gcc-go	libmpfr.so.6	mpfr
gcc-go	libz.so.1	aaa_libraries
gcc-go	libz.so.1	zlib
gcc-go	libzstd.so.1	aaa_libraries
gcc-go	libzstd.so.1	zstd
gcc-objc	ld-linux-x86-64.so.2	aaa_glibc-solibs
gcc-objc	ld-linux-x86-64.so.2	glibc
gcc-objc	libc.so.6	aaa_glibc-solibs
gcc-objc	libc.so.6	glibc
gcc-objc	libgcc_s.so.1	aaa_libraries
gcc-objc	libgcc_s.so.1	gcc
gcc-objc	libgmp.so.10	aaa_libraries
gcc-objc	libgmp.so.10	gmp
gcc-objc	libisl.so.23	aaa_libraries
gcc-objc	libisl.so.23	isl
gcc-objc	libm.so.6	aaa_glibc-solibs
gcc-objc	libm.so.6	glibc
gcc-objc	libmpc.so.3	aaa_libraries
gcc-objc	libmpc.so.3	libmpc
gcc-objc	libmpfr.so.6	aaa_libraries
gcc-objc	libmpfr.so.6	mpfr
gcc-objc	libz.so.1	aaa_libraries
gcc-objc	libz.so.1	zlib
gcc-objc	libzstd.so.1	aaa_libraries
gcc-objc	libzstd.so.1	zstd
gcc-rust	ld-linux-x86-64.so.2	aaa_glibc-solibs
gcc-rust	ld-linux-x86-64.so.2	glibc
gcc-rust	libc.so.6	aaa_glibc-solibs
gcc-rust	libc.so.6	glibc
gcc-rust	libgmp.so.10	aaa_libraries
gcc-rust	libgmp.so.10	gmp
gcc-rust	libisl.so.23	aaa_libraries
gcc-rust	libisl.so.23	isl
gcc-rust	libm.so.6	aaa_glibc-solibs
gcc-rust	libm.so.6	glibc
gcc-rust	libmpc.so.3	aaa_libraries
gcc-rust	libmpc.so.3	libmpc
gcc-rust	libmpfr.so.6	aaa_libraries
gcc-rust	libmpfr.so.6	mpfr
gcc-rust	libz.so.1	aaa_libraries
gcc-rust	libz.so.1	zlib
gcc-rust	libzstd.so.1	aaa_libraries
gcc-rust	libzstd.so.1	zstd
gcompris-qt	libGLX.so.0	libglvnd
gcompris-qt	libOpenGL.so.0	libglvnd
gcompris-qt	libQt6Concurrent.so.6	qt6
gcompris-qt	libQt6Core.so.6	qt6
gcompris-qt	libQt6Graphs.so.6	qt6
gcompris-qt	libQt6Gui.so.6	qt6
gcompris-qt	libQt6Multimedia.so.6	qt6
gcompris-qt	libQt6Network.so.6	qt6
gcompris-qt	libQt6OpenGL.so.6	qt6
gcompris-qt	libQt6Qml.so.6	qt6
gcompris-qt	libQt6QmlModels.so.6	qt6
gcompris-qt	libQt6QmlWorkerScript.so.6	qt6
gcompris-qt	libQt6Quick.so.6	qt6
gcompris-qt	libQt6Quick3D.so.6	qt6
gcompris-qt	libQt6Quick3DRuntimeRender.so.6	qt6
gcompris-qt	libQt6Quick3DUtils.so.6	qt6
gcompris-qt	libQt6QuickControls2.so.6	qt6
gcompris-qt	libQt6QuickControls2Basic.so.6	qt6
gcompris-qt	libQt6QuickTemplates2.so.6	qt6
gcompris-qt	libQt6Sensors.so.6	qt6
gcompris-qt	libQt6ShaderTools.so.6	qt6
gcompris-qt	libQt6Svg.so.6	qt6
gcompris-qt	libQt6WaylandClient.so.6	qt6
gcompris-qt	libc.so.6	aaa_glibc-solibs
gcompris-qt	libc.so.6	glibc
gcompris-qt	libgcc_s.so.1	aaa_libraries
gcompris-qt	libgcc_s.so.1	gcc
gcompris-qt	libm.so.6	aaa_glibc-solibs
gcompris-qt	libm.so.6	glibc
gcompris-qt	libstdc++.so.6	aaa_libraries
gcompris-qt	libstdc++.so.6	gcc-g++
gcompris-qt	libwayland-client.so.0	wayland
gcompris-qt	libwayland-cursor.so.0	wayland
gcr	libc.so.6	aaa_glibc-solibs
gcr	libc.so.6	glibc
gcr	libcairo.so.2	cairo
gcr	libgcrypt.so.20	libgcrypt
gcr	libgdk-3.so.0	gtk+3
gcr	libgdk_pixbuf-2.0.so.0	gdk-pixbuf2
gcr	libgio-2.0.so.0	glib2
gcr	libglib-2.0.so.0	aaa_libraries
gcr	libglib-2.0.so.0	glib2
gcr	libgobject-2.0.so.0	aaa_libraries
gcr	libgobject-2.0.so.0	glib2
gcr	libgtk-3.so.0	gtk+3
gcr	libp11-kit.so.0	p11-kit
gcr	libpango-1.0.so.0	pango
gcr	libsecret-1.so.0	libsecret
gcr4	libc.so.6	aaa_glibc-solibs
gcr4	libc.so.6	glibc
gcr4	libgcrypt.so.20	libgcrypt
gcr4	libgio-2.0.so.0	glib2
gcr4	libglib-2.0.so.0	aaa_libraries
gcr4	libglib-2.0.so.0	glib2
gcr4	libgobject-2.0.so.0	aaa_libraries
gcr4	libgobject-2.0.so.0	glib2
gcr4	libgtk-4.so.1	gtk4
gcr4	libp11-kit.so.0	p11-kit
gcr4	libpango-1.0.so.0	pango
gcr4	libsecret-1.so.0	libsecret
gd	libX11.so.6	libX11
gd	libXpm.so.4	libXpm
gd	libc.so.6	aaa_glibc-solibs
gd	libc.so.6	glibc
gd	libfontconfig.so.1	fontconfig
gd	libfreetype.so.6	freetype
gd	libjpeg.so.62	aaa_libraries
gd	libjpeg.so.62	libjpeg-turbo
gd	libm.so.6	aaa_glibc-solibs
gd	libm.so.6	glibc
gd	libpng16.so.16	aaa_libraries
gd	libpng16.so.16	libpng
gd	libtiff.so.6	aaa_libraries
gd	libtiff.so.6	libtiff
gd	libwebp.so.7	libwebp
gd	libz.so.1	aaa_libraries
gd	libz.so.1	zlib
gdb	ld-linux-x86-64.so.2	aaa_glibc-solibs
gdb	ld-linux-x86-64.so.2	glibc
gdb	libatomic.so.1	aaa_libraries
gdb	libatomic.so.1	gcc
gdb	libc.so.6	aaa_glibc-solibs
gdb	libc.so.6	glibc
gdb	libdebuginfod.so.1	elfutils
gdb	libexpat.so.1	aaa_libraries
gdb	libexpat.so.1	expat
gdb	libgcc_s.so.1	aaa_libraries
gdb	libgcc_s.so.1	gcc
gdb	libgmp.so.10	aaa_libraries
gdb	libgmp.so.10	gmp
gdb	liblzma.so.5	aaa_libraries
gdb	liblzma.so.5	xz
gdb	libm.so.6	aaa_glibc-solibs
gdb	libm.so.6	glibc
gdb	libmpfr.so.6	aaa_libraries
gdb	libmpfr.so.6	mpfr
gdb	libncursesw.so.6	aaa_libraries
gdb	libncursesw.so.6	ncurses
gdb	libpython3.12.so.1.0	python3
gdb	libreadline.so.8	aaa_libraries
gdb	libreadline.so.8	readline
gdb	libstdc++.so.6	aaa_libraries
gdb	libstdc++.so.6	gcc-g++
gdb	libtinfo.so.6	aaa_libraries
gdb	libtinfo.so.6	ncurses
gdb	libxxhash.so.0	xxHash
gdb	libz.so.1	aaa_libraries
gdb	libz.so.1	zlib
gdb	libzstd.so.1	aaa_libraries
gdb	libzstd.so.1	zstd
gdbm	ld-linux-x86-64.so.2	aaa_glibc-solibs
gdbm	ld-linux-x86-64.so.2	glibc
gdbm	libc.so.6	aaa_glibc-solibs
gdbm	libc.so.6	glibc
gdbm	libgdbm.so.6	aaa_libraries
gdbm	libncursesw.so.6	aaa_libraries
gdbm	libncursesw.so.6	ncurses
gdbm	libreadline.so.8	aaa_libraries
gdbm	libreadline.so.8	readline
gdbm	libtinfo.so.6	aaa_libraries
gdbm	libtinfo.so.6	ncurses
gdk-pixbuf2	libc.so.6	aaa_glibc-solibs
gdk-pixbuf2	libc.so.6	glibc
gdk-pixbuf2	libgio-2.0.so.0	glib2
gdk-pixbuf2	libglib-2.0.so.0	aaa_libraries
gdk-pixbuf2	libglib-2.0.so.0	glib2
gdk-pixbuf2	libgmodule-2.0.so.0	aaa_libraries
gdk-pixbuf2	libgmodule-2.0.so.0	glib2
gdk-pixbuf2	libgobject-2.0.so.0	aaa_libraries
gdk-pixbuf2	libgobject-2.0.so.0	glib2
gdk-pixbuf2	libjpeg.so.62	aaa_libraries
gdk-pixbuf2	libjpeg.so.62	libjpeg-turbo
gdk-pixbuf2	libm.so.6	aaa_glibc-solibs
gdk-pixbuf2	libm.so.6	glibc
gdk-pixbuf2	libpng16.so.16	aaa_libraries
gdk-pixbuf2	libpng16.so.16	libpng
gdk-pixbuf2	libtiff.so.6	aaa_libraries
gdk-pixbuf2	libtiff.so.6	libtiff
gdk-pixbuf2-xlib	libX11.so.6	libX11
gdk-pixbuf2-xlib	libc.so.6	aaa_glibc-solibs
gdk-pixbuf2-xlib	libc.so.6	glibc
gdk-pixbuf2-xlib	libgdk_pixbuf-2.0.so.0	gdk-pixbuf2
gdk-pixbuf2-xlib	libglib-2.0.so.0	aaa_libraries
gdk-pixbuf2-xlib	libglib-2.0.so.0	glib2
geeqie	libIex-3_5.so.34	openexr
geeqie	libImath-3_2.so.30	Imath
geeqie	libOpenEXR-3_5.so.34	openexr
geeqie	libarchive.so.13	libarchive
geeqie	libc.so.6	aaa_glibc-solibs
geeqie	libc.so.6	glibc
geeqie	libcairo.so.2	cairo
geeqie	libcfitsio.so.10	cfitsio
geeqie	libdjvulibre.so.21	djvulibre
geeqie	libexiv2.so.28	exiv2
geeqie	libffmpegthumbnailer.so.4	ffmpegthumbnailer
geeqie	libgcc_s.so.1	aaa_libraries
geeqie	libgcc_s.so.1	gcc
geeqie	libgdk-3.so.0	gtk+3
geeqie	libgdk_pixbuf-2.0.so.0	gdk-pixbuf2
geeqie	libgio-2.0.so.0	glib2
geeqie	libglib-2.0.so.0	aaa_libraries
geeqie	libglib-2.0.so.0	glib2
geeqie	libgobject-2.0.so.0	aaa_libraries
geeqie	libgobject-2.0.so.0	glib2
geeqie	libgspell-1.so.3	gspell
geeqie	libgtk-3.so.0	gtk+3
geeqie	libjpeg.so.62	aaa_libraries
geeqie	libjpeg.so.62	libjpeg-turbo
geeqie	libjxl.so.0.12	libjxl
geeqie	liblcms2.so.2	lcms2
geeqie	liblua.so.5	lua
geeqie	libm.so.6	aaa_glibc-solibs
geeqie	libm.so.6	glibc
geeqie	libopenjp2.so.7	openjpeg
geeqie	libpango-1.0.so.0	pango
geeqie	libpangocairo-1.0.so.0	pango
geeqie	libpoppler-glib.so.8	poppler
geeqie	libraw.so.25	LibRaw
geeqie	libstdc++.so.6	aaa_libraries
geeqie	libstdc++.so.6	gcc-g++
geeqie	libtiff.so.6	aaa_libraries
geeqie	libtiff.so.6	libtiff
geeqie	libwebp.so.7	libwebp
gegl	libOpenEXR-3_5.so.34	openexr
gegl	libSDL2-2.0.so.0	SDL2
gegl	libSDL3.so.0	SDL3
gegl	libbabl-0.1.so.0	babl
gegl	libc.so.6	aaa_glibc-solibs
gegl	libc.so.6	glibc
gegl	libcairo.so.2	cairo
gegl	libgcc_s.so.1	aaa_libraries
gegl	libgcc_s.so.1	gcc
gegl	libgdk_pixbuf-2.0.so.0	gdk-pixbuf2
gegl	libgio-2.0.so.0	glib2
gegl	libglib-2.0.so.0	aaa_libraries
gegl	libglib-2.0.so.0	glib2
gegl	libgmodule-2.0.so.0	aaa_libraries
gegl	libgmodule-2.0.so.0	glib2
gegl	libgobject-2.0.so.0	aaa_libraries
gegl	libgobject-2.0.so.0	glib2
gegl	libgomp.so.1	aaa_libraries
gegl	libgomp.so.1	gcc
gegl	libjasper.so.7	jasper
gegl	libjpeg.so.62	aaa_libraries
gegl	libjpeg.so.62	libjpeg-turbo
gegl	libjson-glib-1.0.so.0	json-glib
gegl	liblcms2.so.2	lcms2
gegl	liblensfun.so.1	lensfun
gegl	libluajit-5.1.so.2	luajit
gegl	libm.so.6	aaa_glibc-solibs
gegl	libm.so.6	glibc
gegl	libpango-1.0.so.0	pango
gegl	libpangocairo-1.0.so.0	pango
gegl	libpng16.so.16	aaa_libraries
gegl	libpng16.so.16	libpng
gegl	libpoppler-glib.so.8	poppler
gegl	libraw.so.25	LibRaw
gegl	librsvg-2.so.2	librsvg
gegl	libstdc++.so.6	aaa_libraries
gegl	libstdc++.so.6	gcc-g++
gegl	libtiff.so.6	aaa_libraries
gegl	libtiff.so.6	libtiff
gegl	libumfpack.so.6	suitesparse
gegl	libwebp.so.7	libwebp
gettext	libc.so.6	aaa_glibc-solibs
gettext	libc.so.6	glibc
gettext	libgcc_s.so.1	aaa_libraries
gettext	libgcc_s.so.1	gcc
gettext	libm.so.6	aaa_glibc-solibs
gettext	libm.so.6	glibc
gettext	libm2pim.so.21	gcc-gm2
gettext	libncursesw.so.6	aaa_libraries
gettext	libncursesw.so.6	ncurses
gettext	libstdc++.so.6	aaa_libraries
gettext	libstdc++.so.6	gcc-g++
gettext	libtinfo.so.6	aaa_libraries
gettext	libtinfo.so.6	ncurses
gettext-tools	libacl.so.1	aaa_libraries
gettext-tools	libacl.so.1	acl
gettext-tools	libattr.so.1	aaa_libraries
gettext-tools	libattr.so.1	attr
gettext-tools	libc.so.6	aaa_glibc-solibs
gettext-tools	libc.so.6	glibc
gettext-tools	libcurl.so.4	aaa_libraries
gettext-tools	libcurl.so.4	curl
gettext-tools	libgomp.so.1	aaa_libraries
gettext-tools	libgomp.so.1	gcc
gettext-tools	libjson-c.so.5	aaa_libraries
gettext-tools	libjson-c.so.5	json-c
gettext-tools	libm.so.6	aaa_glibc-solibs
gettext-tools	libm.so.6	glibc
gettext-tools	libncursesw.so.6	aaa_libraries
gettext-tools	libncursesw.so.6	ncurses
gettext-tools	libtextstyle.so.0	gettext
gettext-tools	libtinfo.so.6	aaa_libraries
gettext-tools	libtinfo.so.6	ncurses
gettext-tools	libunistring.so.5	aaa_libraries
gettext-tools	libunistring.so.5	libunistring
gettext-tools	libxml2.so.16	libxml2
gexiv2	libc.so.6	aaa_glibc-solibs
gexiv2	libc.so.6	glibc
gexiv2	libexiv2.so.28	exiv2
gexiv2	libgcc_s.so.1	aaa_libraries
gexiv2	libgcc_s.so.1	gcc
gexiv2	libgio-2.0.so.0	glib2
gexiv2	libglib-2.0.so.0	aaa_libraries
gexiv2	libglib-2.0.so.0	glib2
gexiv2	libgobject-2.0.so.0	aaa_libraries
gexiv2	libgobject-2.0.so.0	glib2
gexiv2	libm.so.6	aaa_glibc-solibs
gexiv2	libm.so.6	glibc
gexiv2	libstdc++.so.6	aaa_libraries
gexiv2	libstdc++.so.6	gcc-g++
gftp	libatk-1.0.so.0	at-spi2-core
gftp	libc.so.6	aaa_glibc-solibs
gftp	libc.so.6	glibc
gftp	libcairo.so.2	cairo
gftp	libcrypto.so.3	openssl
gftp	libcrypto.so.3	openssl-solibs
gftp	libfontconfig.so.1	fontconfig
gftp	libfreetype.so.6	freetype
gftp	libgdk-x11-2.0.so.0	gtk+2
gftp	libgdk_pixbuf-2.0.so.0	gdk-pixbuf2
gftp	libgio-2.0.so.0	glib2
gftp	libglib-2.0.so.0	aaa_libraries
gftp	libglib-2.0.so.0	glib2
gftp	libgobject-2.0.so.0	aaa_libraries
gftp	libgobject-2.0.so.0	glib2
gftp	libgthread-2.0.so.0	aaa_libraries
gftp	libgthread-2.0.so.0	glib2
gftp	libgtk-x11-2.0.so.0	gtk+2
gftp	libharfbuzz.so.0	harfbuzz
gftp	libm.so.6	aaa_glibc-solibs
gftp	libm.so.6	glibc
gftp	libnsl.so.3	aaa_libraries
gftp	libnsl.so.3	libnsl
gftp	libpango-1.0.so.0	pango
gftp	libpangocairo-1.0.so.0	pango
gftp	libpangoft2-1.0.so.0	pango
gftp	libreadline.so.8	aaa_libraries
gftp	libreadline.so.8	readline
gftp	libssl.so.3	openssl
gftp	libssl.so.3	openssl-solibs
gftp	libtinfo.so.6	aaa_libraries
gftp	libtinfo.so.6	ncurses
ghostscript	libICE.so.6	libICE
ghostscript	libSM.so.6	libSM
ghostscript	libX11.so.6	libX11
ghostscript	libXext.so.6	libXext
ghostscript	libXt.so.6	libXt
ghostscript	libarchive.so.13	libarchive
ghostscript	libatk-1.0.so.0	at-spi2-core
ghostscript	libc.so.6	aaa_glibc-solibs
ghostscript	libc.so.6	glibc
ghostscript	libcairo-gobject.so.2	cairo
ghostscript	libcairo.so.2	cairo
ghostscript	libcups.so.2	aaa_libraries
ghostscript	libcups.so.2	cups
ghostscript	libcurl.so.4	aaa_libraries
ghostscript	libcurl.so.4	curl
ghostscript	libfontconfig.so.1	fontconfig
ghostscript	libfreetype.so.6	freetype
ghostscript	libgcc_s.so.1	aaa_libraries
ghostscript	libgcc_s.so.1	gcc
ghostscript	libgdk-3.so.0	gtk+3
ghostscript	libgdk_pixbuf-2.0.so.0	gdk-pixbuf2
ghostscript	libgio-2.0.so.0	glib2
ghostscript	libglib-2.0.so.0	aaa_libraries
ghostscript	libglib-2.0.so.0	glib2
ghostscript	libgobject-2.0.so.0	aaa_libraries
ghostscript	libgobject-2.0.so.0	glib2
ghostscript	libgtk-3.so.0	gtk+3
ghostscript	libharfbuzz.so.0	harfbuzz
ghostscript	libidn.so.12	aaa_libraries
ghostscript	libidn.so.12	libidn
ghostscript	libjpeg.so.62	aaa_libraries
ghostscript	libjpeg.so.62	libjpeg-turbo
ghostscript	libleptonica.so.6	leptonica
ghostscript	libm.so.6	aaa_glibc-solibs
ghostscript	libm.so.6	glibc
ghostscript	libpango-1.0.so.0	pango
ghostscript	libpangocairo-1.0.so.0	pango
ghostscript	libpaper.so.2	libpaper
ghostscript	libpng16.so.16	aaa_libraries
ghostscript	libpng16.so.16	libpng
ghostscript	libstdc++.so.6	aaa_libraries
ghostscript	libstdc++.so.6	gcc-g++
ghostscript	libtesseract.so.5	tesseract
ghostscript	libtiff.so.6	aaa_libraries
ghostscript	libtiff.so.6	libtiff
ghostscript	libz.so.1	aaa_libraries
ghostscript	libz.so.1	zlib
ghostwriter	libGLX.so.0	libglvnd
ghostwriter	libKF6ColorScheme.so.6	kcolorscheme
ghostwriter	libKF6ConfigCore.so.6	kconfig
ghostwriter	libKF6ConfigGui.so.6	kconfig
ghostwriter	libKF6ConfigWidgets.so.6	kconfigwidgets
ghostwriter	libKF6CoreAddons.so.6	kcoreaddons
ghostwriter	libKF6GuiAddons.so.6	kguiaddons
ghostwriter	libKF6SonnetCore.so.6	sonnet
ghostwriter	libKF6SonnetUi.so.6	sonnet
ghostwriter	libKF6WidgetsAddons.so.6	kwidgetsaddons
ghostwriter	libKF6XmlGui.so.6	kxmlgui
ghostwriter	libOpenGL.so.0	libglvnd
ghostwriter	libQt6Concurrent.so.6	qt6
ghostwriter	libQt6Core.so.6	qt6
ghostwriter	libQt6DBus.so.6	qt6
ghostwriter	libQt6Gui.so.6	qt6
ghostwriter	libQt6Network.so.6	qt6
ghostwriter	libQt6OpenGL.so.6	qt6
ghostwriter	libQt6Positioning.so.6	qt6
ghostwriter	libQt6PrintSupport.so.6	qt6
ghostwriter	libQt6Qml.so.6	qt6
ghostwriter	libQt6Quick.so.6	qt6
ghostwriter	libQt6Svg.so.6	qt6
ghostwriter	libQt6WebChannel.so.6	qt6
ghostwriter	libQt6WebEngineCore.so.6	qt6
ghostwriter	libQt6WebEngineWidgets.so.6	qt6
ghostwriter	libQt6Widgets.so.6	qt6
ghostwriter	libQt6Xml.so.6	qt6
ghostwriter	libc.so.6	aaa_glibc-solibs
ghostwriter	libc.so.6	glibc
ghostwriter	libgcc_s.so.1	aaa_libraries
ghostwriter	libgcc_s.so.1	gcc
ghostwriter	libm.so.6	aaa_glibc-solibs
ghostwriter	libm.so.6	glibc
ghostwriter	libstdc++.so.6	aaa_libraries
ghostwriter	libstdc++.so.6	gcc-g++
giflib	libc.so.6	aaa_glibc-solibs
giflib	libc.so.6	glibc
giflib	libm.so.6	aaa_glibc-solibs
giflib	libm.so.6	glibc
gimp	libIex-3_5.so.34	openexr
gimp	libOpenEXR-3_5.so.34	openexr
gimp	libX11.so.6	libX11
gimp	libXcursor.so.1	libXcursor
gimp	libXext.so.6	libXext
gimp	libXfixes.so.3	libXfixes
gimp	libXmu.so.6	libXmu
gimp	libXpm.so.4	libXpm
gimp	libaa.so.1	aalib
gimp	libappstream.so.5	appstream
gimp	libarchive.so.13	libarchive
gimp	libasound.so.2	aaa_libraries
gimp	libasound.so.2	alsa-lib
gimp	libbabl-0.1.so.0	babl
gimp	libbz2.so.1	aaa_libraries
gimp	libbz2.so.1	bzip2
gimp	libc.so.6	aaa_glibc-solibs
gimp	libc.so.6	glibc
gimp	libcairo.so.2	cairo
gimp	libcfitsio.so.10	cfitsio
gimp	libfontconfig.so.1	fontconfig
gimp	libfreetype.so.6	freetype
gimp	libgcc_s.so.1	aaa_libraries
gimp	libgcc_s.so.1	gcc
gimp	libgdk-3.so.0	gtk+3
gimp	libgdk_pixbuf-2.0.so.0	gdk-pixbuf2
gimp	libgegl-0.4.so.0	gegl
gimp	libgegl-npd-0.4.so	gegl
gimp	libgexiv2-0.16.so.4	gexiv2
gimp	libgio-2.0.so.0	glib2
gimp	libgirepository-1.0.so.1	gobject-introspection
gimp	libglib-2.0.so.0	aaa_libraries
gimp	libglib-2.0.so.0	glib2
gimp	libgmodule-2.0.so.0	aaa_libraries
gimp	libgmodule-2.0.so.0	glib2
gimp	libgobject-2.0.so.0	aaa_libraries
gimp	libgobject-2.0.so.0	glib2
gimp	libgomp.so.1	aaa_libraries
gimp	libgomp.so.1	gcc
gimp	libgs.so.10	ghostscript
gimp	libgtk-3.so.0	gtk+3
gimp	libgudev-1.0.so.0	libgudev
gimp	libharfbuzz.so.0	harfbuzz
gimp	libjpeg.so.62	aaa_libraries
gimp	libjpeg.so.62	libjpeg-turbo
gimp	libjson-glib-1.0.so.0	json-glib
gimp	libjxl.so.0.12	libjxl
gimp	libjxl_threads.so.0.12	libjxl
gimp	liblcms2.so.2	lcms2
gimp	liblzma.so.5	aaa_libraries
gimp	liblzma.so.5	xz
gimp	libm.so.6	aaa_glibc-solibs
gimp	libm.so.6	glibc
gimp	libmng.so.2	libmng
gimp	libmypaint.so.0	libmypaint
gimp	libopenjp2.so.7	openjpeg
gimp	libpango-1.0.so.0	pango
gimp	libpangocairo-1.0.so.0	pango
gimp	libpangoft2-1.0.so.0	pango
gimp	libpng16.so.16	aaa_libraries
gimp	libpng16.so.16	libpng
gimp	libpoppler-glib.so.8	poppler
gimp	librsvg-2.so.2	librsvg
gimp	libstdc++.so.6	aaa_libraries
gimp	libstdc++.so.6	gcc-g++
gimp	libtiff.so.6	aaa_libraries
gimp	libtiff.so.6	libtiff
gimp	libunwind.so.8	aaa_libraries
gimp	libunwind.so.8	libunwind
gimp	libwebp.so.7	libwebp
gimp	libwebpdemux.so.2	libwebp
gimp	libwebpmux.so.3	libwebp
gimp	libwmf-0.2.so.7	libwmf
gimp	libwmflite-0.2.so.7	libwmf
gimp	libz.so.1	aaa_libraries
gimp	libz.so.1	zlib
git	libc.so.6	aaa_glibc-solibs
git	libc.so.6	glibc
git	libcrypto.so.3	openssl
git	libcrypto.so.3	openssl-solibs
git	libcurl.so.4	aaa_libraries
git	libcurl.so.4	curl
git	libexpat.so.1	aaa_libraries
git	libexpat.so.1	expat
git	libpcre2-8.so.0	aaa_libraries
git	libpcre2-8.so.0	pcre2
git	libssl.so.3	openssl
git	libssl.so.3	openssl-solibs
git	libz.so.1	aaa_libraries
git	libz.so.1	zlib
gjs	libX11.so.6	libX11
gjs	libc.so.6	aaa_glibc-solibs
gjs	libc.so.6	glibc
gjs	libcairo-gobject.so.2	cairo
gjs	libcairo.so.2	cairo
gjs	libffi.so.8	aaa_libraries
gjs	libffi.so.8	libffi
gjs	libgio-2.0.so.0	glib2
gjs	libgirepository-2.0.so.0	glib2
gjs	libglib-2.0.so.0	aaa_libraries
gjs	libglib-2.0.so.0	glib2
gjs	libgobject-2.0.so.0	aaa_libraries
gjs	libgobject-2.0.so.0	glib2
gjs	libmozjs-140.so.0	mozjs140
gjs	libreadline.so.8	aaa_libraries
gjs	libreadline.so.8	readline
gjs	libstdc++.so.6	aaa_libraries
gjs	libstdc++.so.6	gcc-g++
gkrellm	libICE.so.6	libICE
gkrellm	libSM.so.6	libSM
gkrellm	libX11.so.6	libX11
gkrellm	libatk-1.0.so.0	at-spi2-core
gkrellm	libc.so.6	aaa_glibc-solibs
gkrellm	libc.so.6	glibc
gkrellm	libcairo.so.2	cairo
gkrellm	libcrypto.so.3	openssl
gkrellm	libcrypto.so.3	openssl-solibs
gkrellm	libfontconfig.so.1	fontconfig
gkrellm	libfreetype.so.6	freetype
gkrellm	libgdk-x11-2.0.so.0	gtk+2
gkrellm	libgdk_pixbuf-2.0.so.0	gdk-pixbuf2
gkrellm	libgio-2.0.so.0	glib2
gkrellm	libglib-2.0.so.0	aaa_libraries
gkrellm	libglib-2.0.so.0	glib2
gkrellm	libgmodule-2.0.so.0	aaa_libraries
gkrellm	libgmodule-2.0.so.0	glib2
gkrellm	libgobject-2.0.so.0	aaa_libraries
gkrellm	libgobject-2.0.so.0	glib2
gkrellm	libgthread-2.0.so.0	aaa_libraries
gkrellm	libgthread-2.0.so.0	glib2
gkrellm	libgtk-x11-2.0.so.0	gtk+2
gkrellm	libharfbuzz.so.0	harfbuzz
gkrellm	libm.so.6	aaa_glibc-solibs
gkrellm	libm.so.6	glibc
gkrellm	libpango-1.0.so.0	pango
gkrellm	libpangocairo-1.0.so.0	pango
gkrellm	libpangoft2-1.0.so.0	pango
gkrellm	libsensors.so.5	lm_sensors
gkrellm	libssl.so.3	openssl
gkrellm	libssl.so.3	openssl-solibs
glade	libc.so.6	aaa_glibc-solibs
glade	libc.so.6	glibc
glade	libcairo.so.2	cairo
glade	libgdk-3.so.0	gtk+3
glade	libgdk_pixbuf-2.0.so.0	gdk-pixbuf2
glade	libgio-2.0.so.0	glib2
glade	libgjs.so.0	gjs
glade	libglib-2.0.so.0	aaa_libraries
glade	libglib-2.0.so.0	glib2
glade	libgmodule-2.0.so.0	aaa_libraries
glade	libgmodule-2.0.so.0	glib2
glade	libgobject-2.0.so.0	aaa_libraries
glade	libgobject-2.0.so.0	glib2
glade	libgtk-3.so.0	gtk+3
glade	libm.so.6	aaa_glibc-solibs
glade	libm.so.6	glibc
glade	libpango-1.0.so.0	pango
glade	libpangocairo-1.0.so.0	pango
glade	libpython3.12.so.1.0	python3
glade	libxml2.so.16	libxml2
glaxnimate	libGLX.so.0	libglvnd
glaxnimate	libKF6Archive.so.6	karchive
glaxnimate	libKF6BreezeIcons.so.6	breeze-icons
glaxnimate	libKF6ColorScheme.so.6	kcolorscheme
glaxnimate	libKF6Completion.so.6	kcompletion
glaxnimate	libKF6ConfigCore.so.6	kconfig
glaxnimate	libKF6ConfigGui.so.6	kconfig
glaxnimate	libKF6ConfigWidgets.so.6	kconfigwidgets
glaxnimate	libKF6CoreAddons.so.6	kcoreaddons
glaxnimate	libKF6Crash.so.6	kcrash
glaxnimate	libKF6GuiAddons.so.6	kguiaddons
glaxnimate	libKF6I18n.so.6	ki18n
glaxnimate	libKF6IconThemes.so.6	kiconthemes
glaxnimate	libKF6WidgetsAddons.so.6	kwidgetsaddons
glaxnimate	libKF6XmlGui.so.6	kxmlgui
glaxnimate	libOpenGL.so.0	libglvnd
glaxnimate	libQt6Concurrent.so.6	qt6
glaxnimate	libQt6Core.so.6	qt6
glaxnimate	libQt6DBus.so.6	qt6
glaxnimate	libQt6Gui.so.6	qt6
glaxnimate	libQt6Network.so.6	qt6
glaxnimate	libQt6OpenGL.so.6	qt6
glaxnimate	libQt6OpenGLWidgets.so.6	qt6
glaxnimate	libQt6Svg.so.6	qt6
glaxnimate	libQt6UiTools.so.6	qt6
glaxnimate	libQt6Widgets.so.6	qt6
glaxnimate	libQt6Xml.so.6	qt6
glaxnimate	libarchive.so.13	libarchive
glaxnimate	libavcodec.so.63	ffmpeg
glaxnimate	libavformat.so.63	ffmpeg
glaxnimate	libavutil.so.61	ffmpeg
glaxnimate	libc.so.6	aaa_glibc-solibs
glaxnimate	libc.so.6	glibc
glaxnimate	libgcc_s.so.1	aaa_libraries
glaxnimate	libgcc_s.so.1	gcc
glaxnimate	libm.so.6	aaa_glibc-solibs
glaxnimate	libm.so.6	glibc
glaxnimate	libpotrace.so.0	potrace
glaxnimate	libpython3.12.so.1.0	python3
glaxnimate	libstdc++.so.6	aaa_libraries
glaxnimate	libstdc++.so.6	gcc-g++
glaxnimate	libswscale.so.10	ffmpeg
glaxnimate	libz.so.1	aaa_libraries
glaxnimate	libz.so.1	zlib
glew	libGL.so.1	libglvnd
glew	libX11.so.6	libX11
glew	libc.so.6	aaa_glibc-solibs
glew	libc.so.6	glibc
glib	libc.so.6	aaa_glibc-solibs
glib	libc.so.6	glibc
glib-networking	libc.so.6	aaa_glibc-solibs
glib-networking	libc.so.6	glibc
glib-networking	libgio-2.0.so.0	glib2
glib-networking	libglib-2.0.so.0	aaa_libraries
glib-networking	libglib-2.0.so.0	glib2
glib-networking	libgnutls.so.30	gnutls
glib-networking	libgobject-2.0.so.0	aaa_libraries
glib-networking	libgobject-2.0.so.0	glib2
glib-networking	libproxy.so.1	libproxy
glib2	libc.so.6	aaa_glibc-solibs
glib2	libc.so.6	glibc
glib2	libelf.so.1	aaa_libraries
glib2	libelf.so.1	elfutils
glib2	libffi.so.8	aaa_libraries
glib2	libffi.so.8	libffi
glib2	libglib-2.0.so.0	aaa_libraries
glib2	libgmodule-2.0.so.0	aaa_libraries
glib2	libgobject-2.0.so.0	aaa_libraries
glib2	libm.so.6	aaa_glibc-solibs
glib2	libm.so.6	glibc
glib2	libmount.so.1	util-linux
glib2	libpcre2-8.so.0	aaa_libraries
glib2	libpcre2-8.so.0	pcre2
glib2	libz.so.1	aaa_libraries
glib2	libz.so.1	zlib
glibc	ld-linux-x86-64.so.2	aaa_glibc-solibs
glibc	ld-linux.so.2	aaa_glibc-solibs
glibc	libCNS.so	aaa_glibc-solibs
glibc	libGB.so	aaa_glibc-solibs
glibc	libISOIR165.so	aaa_glibc-solibs
glibc	libJIS.so	aaa_glibc-solibs
glibc	libJISX0213.so	aaa_glibc-solibs
glibc	libKSC.so	aaa_glibc-solibs
glibc	libc.so.6	aaa_glibc-solibs
glibc	libgd.so.3	gd
glibc	libm.so.6	aaa_glibc-solibs
glibc	libnss_files.so.2	aaa_glibc-solibs
glibc	libpng16.so.16	aaa_libraries
glibc	libpng16.so.16	libpng
glibc	libresolv.so.2	aaa_glibc-solibs
glibc	libz.so.1	aaa_libraries
glibc	libz.so.1	zlib
glibmm	ld-linux-x86-64.so.2	aaa_glibc-solibs
glibmm	ld-linux-x86-64.so.2	glibc
glibmm	libc.so.6	aaa_glibc-solibs
glibmm	libc.so.6	glibc
glibmm	libgcc_s.so.1	aaa_libraries
glibmm	libgcc_s.so.1	gcc
glibmm	libgio-2.0.so.0	glib2
glibmm	libglib-2.0.so.0	aaa_libraries
glibmm	libglib-2.0.so.0	glib2
glibmm	libgmodule-2.0.so.0	aaa_libraries
glibmm	libgmodule-2.0.so.0	glib2
glibmm	libgobject-2.0.so.0	aaa_libraries
glibmm	libgobject-2.0.so.0	glib2
glibmm	libsigc-2.0.so.0	libsigc++
glibmm	libstdc++.so.6	aaa_libraries
glibmm	libstdc++.so.6	gcc-g++
glibmm2	ld-linux-x86-64.so.2	aaa_glibc-solibs
glibmm2	ld-linux-x86-64.so.2	glibc
glibmm2	libc.so.6	aaa_glibc-solibs
glibmm2	libc.so.6	glibc
glibmm2	libgcc_s.so.1	aaa_libraries
glibmm2	libgcc_s.so.1	gcc
glibmm2	libgio-2.0.so.0	glib2
glibmm2	libglib-2.0.so.0	aaa_libraries
glibmm2	libglib-2.0.so.0	glib2
glibmm2	libgmodule-2.0.so.0	aaa_libraries
glibmm2	libgmodule-2.0.so.0	glib2
glibmm2	libgobject-2.0.so.0	aaa_libraries
glibmm2	libgobject-2.0.so.0	glib2
glibmm2	libsigc-3.0.so.0	libsigc++3
glibmm2	libstdc++.so.6	aaa_libraries
glibmm2	libstdc++.so.6	gcc-g++
glu	libOpenGL.so.0	libglvnd
glu	libc.so.6	aaa_glibc-solibs
glu	libc.so.6	glibc
glu	libgcc_s.so.1	aaa_libraries
glu	libgcc_s.so.1	gcc
glu	libm.so.6	aaa_glibc-solibs
glu	libm.so.6	glibc
glu	libstdc++.so.6	aaa_libraries
glu	libstdc++.so.6	gcc-g++
gmime	libc.so.6	aaa_glibc-solibs
gmime	libc.so.6	glibc
gmime	libgio-2.0.so.0	glib2
gmime	libglib-2.0.so.0	aaa_libraries
gmime	libglib-2.0.so.0	glib2
gmime	libgobject-2.0.so.0	aaa_libraries
gmime	libgobject-2.0.so.0	glib2
gmime	libgpg-error.so.0	aaa_libraries
gmime	libgpg-error.so.0	libgpg-error
gmime	libgpgme.so.45	gpgme
gmime	libgthread-2.0.so.0	aaa_libraries
gmime	libgthread-2.0.so.0	glib2
gmime	libidn2.so.0	aaa_libraries
gmime	libidn2.so.0	libidn2
gmime	libz.so.1	aaa_libraries
gmime	libz.so.1	zlib
gmp	libc.so.6	aaa_glibc-solibs
gmp	libc.so.6	glibc
gmp	libgcc_s.so.1	aaa_libraries
gmp	libgcc_s.so.1	gcc
gmp	libgmp.so.10	aaa_libraries
gmp	libm.so.6	aaa_glibc-solibs
gmp	libm.so.6	glibc
gmp	libstdc++.so.6	aaa_libraries
gmp	libstdc++.so.6	gcc-g++
gnome-keyring	libc.so.6	aaa_glibc-solibs
gnome-keyring	libc.so.6	glibc
gnome-keyring	libcap-ng.so.0	libcap-ng
gnome-keyring	libgck-1.so.0	gcr
gnome-keyring	libgcr-base-3.so.1	gcr
gnome-keyring	libgcrypt.so.20	libgcrypt
gnome-keyring	libgio-2.0.so.0	glib2
gnome-keyring	libglib-2.0.so.0	aaa_libraries
gnome-keyring	libglib-2.0.so.0	glib2
gnome-keyring	libgmodule-2.0.so.0	aaa_libraries
gnome-keyring	libgmodule-2.0.so.0	glib2
gnome-keyring	libgobject-2.0.so.0	aaa_libraries
gnome-keyring	libgobject-2.0.so.0	glib2
gnome-keyring	libpam.so.0	pam
gnome-themes-extra	libatk-1.0.so.0	at-spi2-core
gnome-themes-extra	libc.so.6	aaa_glibc-solibs
gnome-themes-extra	libc.so.6	glibc
gnome-themes-extra	libcairo.so.2	cairo
gnome-themes-extra	libfontconfig.so.1	fontconfig
gnome-themes-extra	libfreetype.so.6	freetype
gnome-themes-extra	libgdk-x11-2.0.so.0	gtk+2
gnome-themes-extra	libgdk_pixbuf-2.0.so.0	gdk-pixbuf2
gnome-themes-extra	libgio-2.0.so.0	glib2
gnome-themes-extra	libglib-2.0.so.0	aaa_libraries
gnome-themes-extra	libglib-2.0.so.0	glib2
gnome-themes-extra	libgobject-2.0.so.0	aaa_libraries
gnome-themes-extra	libgobject-2.0.so.0	glib2
gnome-themes-extra	libgtk-x11-2.0.so.0	gtk+2
gnome-themes-extra	libharfbuzz.so.0	harfbuzz
gnome-themes-extra	libpango-1.0.so.0	pango
gnome-themes-extra	libpangocairo-1.0.so.0	pango
gnome-themes-extra	libpangoft2-1.0.so.0	pango
gnuchess	libatk-1.0.so.0	at-spi2-core
gnuchess	libc.so.6	aaa_glibc-solibs
gnuchess	libc.so.6	glibc
gnuchess	libcairo.so.2	cairo
gnuchess	libfontconfig.so.1	fontconfig
gnuchess	libfreetype.so.6	freetype
gnuchess	libgcc_s.so.1	aaa_libraries
gnuchess	libgcc_s.so.1	gcc
gnuchess	libgdbm.so.6	aaa_libraries
gnuchess	libgdbm.so.6	gdbm
gnuchess	libgdk-x11-2.0.so.0	gtk+2
gnuchess	libgdk_pixbuf-2.0.so.0	gdk-pixbuf2
gnuchess	libgio-2.0.so.0	glib2
gnuchess	libglib-2.0.so.0	aaa_libraries
gnuchess	libglib-2.0.so.0	glib2
gnuchess	libgmodule-2.0.so.0	aaa_libraries
gnuchess	libgmodule-2.0.so.0	glib2
gnuchess	libgobject-2.0.so.0	aaa_libraries
gnuchess	libgobject-2.0.so.0	glib2
gnuchess	libgstreamer-1.0.so.0	gstreamer
gnuchess	libgtk-x11-2.0.so.0	gtk+2
gnuchess	libharfbuzz.so.0	harfbuzz
gnuchess	libm.so.6	aaa_glibc-solibs
gnuchess	libm.so.6	glibc
gnuchess	libncursesw.so.6	aaa_libraries
gnuchess	libncursesw.so.6	ncurses
gnuchess	libpango-1.0.so.0	pango
gnuchess	libpangocairo-1.0.so.0	pango
gnuchess	libpangoft2-1.0.so.0	pango
gnuchess	libpng16.so.16	aaa_libraries
gnuchess	libpng16.so.16	libpng
gnuchess	libreadline.so.8	aaa_libraries
gnuchess	libreadline.so.8	readline
gnuchess	librsvg-2.so.2	librsvg
gnuchess	libstdc++.so.6	aaa_libraries
gnuchess	libstdc++.so.6	gcc-g++
gnuchess	libtinfo.so.6	aaa_libraries
gnuchess	libtinfo.so.6	ncurses
gnucobol	libc.so.6	aaa_glibc-solibs
gnucobol	libc.so.6	glibc
gnucobol	libdb-4.8.so	aaa_libraries
gnucobol	libdb-4.8.so	db48
gnucobol	libgmp.so.10	aaa_libraries
gnucobol	libgmp.so.10	gmp
gnucobol	libjson-c.so.5	aaa_libraries
gnucobol	libjson-c.so.5	json-c
gnucobol	libncursesw.so.6	aaa_libraries
gnucobol	libncursesw.so.6	ncurses
gnucobol	libtinfo.so.6	aaa_libraries
gnucobol	libtinfo.so.6	ncurses
gnucobol	libxml2.so.16	libxml2
gnugo	libc.so.6	aaa_glibc-solibs
gnugo	libc.so.6	glibc
gnugo	libm.so.6	aaa_glibc-solibs
gnugo	libm.so.6	glibc
gnugo	libncursesw.so.6	aaa_libraries
gnugo	libncursesw.so.6	ncurses
gnugo	libtinfo.so.6	aaa_libraries
gnugo	libtinfo.so.6	ncurses
gnupg	libbz2.so.1	aaa_libraries
gnupg	libbz2.so.1	bzip2
gnupg	libc.so.6	aaa_glibc-solibs
gnupg	libc.so.6	glibc
gnupg	libcurl.so.4	aaa_libraries
gnupg	libcurl.so.4	curl
gnupg	libreadline.so.8	aaa_libraries
gnupg	libreadline.so.8	readline
gnupg	libusb-0.1.so.4	aaa_libraries
gnupg	libusb-0.1.so.4	libusb-compat
gnupg	libz.so.1	aaa_libraries
gnupg	libz.so.1	zlib
gnupg2	libassuan.so.9	libassuan
gnupg2	libbz2.so.1	aaa_libraries
gnupg2	libbz2.so.1	bzip2
gnupg2	libc.so.6	aaa_glibc-solibs
gnupg2	libc.so.6	glibc
gnupg2	libgcrypt.so.20	libgcrypt
gnupg2	libgnutls.so.30	gnutls
gnupg2	libgpg-error.so.0	aaa_libraries
gnupg2	libgpg-error.so.0	libgpg-error
gnupg2	libksba.so.8	libksba
gnupg2	liblber.so.2	aaa_libraries
gnupg2	liblber.so.2	openldap
gnupg2	libldap.so.2	aaa_libraries
gnupg2	libldap.so.2	openldap
gnupg2	libnpth.so.0	npth
gnupg2	libreadline.so.8	aaa_libraries
gnupg2	libreadline.so.8	readline
gnupg2	libsqlite3.so.0	sqlite
gnupg2	libz.so.1	aaa_libraries
gnupg2	libz.so.1	zlib
gnuplot	libQt6Core.so.6	qt6
gnuplot	libQt6Core5Compat.so.6	qt6
gnuplot	libQt6Gui.so.6	qt6
gnuplot	libQt6Network.so.6	qt6
gnuplot	libQt6PrintSupport.so.6	qt6
gnuplot	libQt6Svg.so.6	qt6
gnuplot	libQt6Widgets.so.6	qt6
gnuplot	libX11.so.6	libX11
gnuplot	libc.so.6	aaa_glibc-solibs
gnuplot	libc.so.6	glibc
gnuplot	libcaca.so.0	libcaca
gnuplot	libcairo.so.2	cairo
gnuplot	libgcc_s.so.1	aaa_libraries
gnuplot	libgcc_s.so.1	gcc
gnuplot	libgd.so.3	gd
gnuplot	libglib-2.0.so.0	aaa_libraries
gnuplot	libglib-2.0.so.0	glib2
gnuplot	libgobject-2.0.so.0	aaa_libraries
gnuplot	libgobject-2.0.so.0	glib2
gnuplot	libharfbuzz.so.0	harfbuzz
gnuplot	liblua.so.5	lua
gnuplot	libm.so.6	aaa_glibc-solibs
gnuplot	libm.so.6	glibc
gnuplot	libpango-1.0.so.0	pango
gnuplot	libpangocairo-1.0.so.0	pango
gnuplot	libstdc++.so.6	aaa_libraries
gnuplot	libstdc++.so.6	gcc-g++
gnuplot	libwebp.so.7	libwebp
gnuplot	libwebpmux.so.3	libwebp
gnuplot	libz.so.1	aaa_libraries
gnuplot	libz.so.1	zlib
gnutls	ld-linux-x86-64.so.2	aaa_glibc-solibs
gnutls	ld-linux-x86-64.so.2	glibc
gnutls	libc.so.6	aaa_glibc-solibs
gnutls	libc.so.6	glibc
gnutls	libgcc_s.so.1	aaa_libraries
gnutls	libgcc_s.so.1	gcc
gnutls	libgmp.so.10	aaa_libraries
gnutls	libgmp.so.10	gmp
gnutls	libhogweed.so.6	nettle
gnutls	libidn2.so.0	aaa_libraries
gnutls	libidn2.so.0	libidn2
gnutls	libm.so.6	aaa_glibc-solibs
gnutls	libm.so.6	glibc
gnutls	libnettle.so.8	nettle
gnutls	libp11-kit.so.0	p11-kit
gnutls	libstdc++.so.6	aaa_libraries
gnutls	libstdc++.so.6	gcc-g++
gnutls	libunistring.so.5	aaa_libraries
gnutls	libunistring.so.5	libunistring
gobject-introspection	libc.so.6	aaa_glibc-solibs
gobject-introspection	libc.so.6	glibc
gobject-introspection	libffi.so.8	aaa_libraries
gobject-introspection	libffi.so.8	libffi
gobject-introspection	libgio-2.0.so.0	glib2
gobject-introspection	libglib-2.0.so.0	aaa_libraries
gobject-introspection	libglib-2.0.so.0	glib2
gobject-introspection	libgmodule-2.0.so.0	aaa_libraries
gobject-introspection	libgmodule-2.0.so.0	glib2
gobject-introspection	libgobject-2.0.so.0	aaa_libraries
gobject-introspection	libgobject-2.0.so.0	glib2
gobject-introspection	libm.so.6	aaa_glibc-solibs
gobject-introspection	libm.so.6	glibc
google-go-lang	libc.so.6	aaa_glibc-solibs
google-go-lang	libc.so.6	glibc
google-go-lang	libresolv.so.2	aaa_glibc-solibs
google-go-lang	libresolv.so.2	glibc
googletest	libc.so.6	aaa_glibc-solibs
googletest	libc.so.6	glibc
googletest	libgcc_s.so.1	aaa_libraries
googletest	libgcc_s.so.1	gcc
googletest	libm.so.6	aaa_glibc-solibs
googletest	libm.so.6	glibc
googletest	libstdc++.so.6	aaa_libraries
googletest	libstdc++.so.6	gcc-g++
gpa	libassuan.so.9	libassuan
gpa	libatk-1.0.so.0	at-spi2-core
gpa	libc.so.6	aaa_glibc-solibs
gpa	libc.so.6	glibc
gpa	libcairo-gobject.so.2	cairo
gpa	libcairo.so.2	cairo
gpa	libgdk-3.so.0	gtk+3
gpa	libgdk_pixbuf-2.0.so.0	gdk-pixbuf2
gpa	libgio-2.0.so.0	glib2
gpa	libglib-2.0.so.0	aaa_libraries
gpa	libglib-2.0.so.0	glib2
gpa	libgobject-2.0.so.0	aaa_libraries
gpa	libgobject-2.0.so.0	glib2
gpa	libgpg-error.so.0	aaa_libraries
gpa	libgpg-error.so.0	libgpg-error
gpa	libgpgme.so.45	gpgme
gpa	libgtk-3.so.0	gtk+3
gpa	libharfbuzz.so.0	harfbuzz
gpa	libm.so.6	aaa_glibc-solibs
gpa	libm.so.6	glibc
gpa	libpango-1.0.so.0	pango
gpa	libpangocairo-1.0.so.0	pango
gpa	libz.so.1	aaa_libraries
gpa	libz.so.1	zlib
gparted	libatk-1.0.so.0	at-spi2-core
gparted	libatkmm-1.6.so.1	atkmm
gparted	libc.so.6	aaa_glibc-solibs
gparted	libc.so.6	glibc
gparted	libcairo-gobject.so.2	cairo
gparted	libcairo.so.2	cairo
gparted	libcairomm-1.0.so.1	cairomm
gparted	libgcc_s.so.1	aaa_libraries
gparted	libgcc_s.so.1	gcc
gparted	libgdk-3.so.0	gtk+3
gparted	libgdk_pixbuf-2.0.so.0	gdk-pixbuf2
gparted	libgdkmm-3.0.so.1	gtkmm3
gparted	libgio-2.0.so.0	glib2
gparted	libgiomm-2.4.so.1	glibmm
gparted	libglib-2.0.so.0	aaa_libraries
gparted	libglib-2.0.so.0	glib2
gparted	libglibmm-2.4.so.1	glibmm
gparted	libgobject-2.0.so.0	aaa_libraries
gparted	libgobject-2.0.so.0	glib2
gparted	libgthread-2.0.so.0	aaa_libraries
gparted	libgthread-2.0.so.0	glib2
gparted	libgtk-3.so.0	gtk+3
gparted	libgtkmm-3.0.so.1	gtkmm3
gparted	libharfbuzz.so.0	harfbuzz
gparted	libm.so.6	aaa_glibc-solibs
gparted	libm.so.6	glibc
gparted	libpango-1.0.so.0	pango
gparted	libpangocairo-1.0.so.0	pango
gparted	libpangomm-1.4.so.1	pangomm
gparted	libparted-fs-resize.so.0	parted
gparted	libparted.so.2	parted
gparted	libsigc-2.0.so.0	libsigc++
gparted	libstdc++.so.6	aaa_libraries
gparted	libstdc++.so.6	gcc-g++
gparted	libuuid.so.1	util-linux
gparted	libz.so.1	aaa_libraries
gparted	libz.so.1	zlib
gperf	libc.so.6	aaa_glibc-solibs
gperf	libc.so.6	glibc
gperf	libgcc_s.so.1	aaa_libraries
gperf	libgcc_s.so.1	gcc
gperf	libm.so.6	aaa_glibc-solibs
gperf	libm.so.6	glibc
gperf	libstdc++.so.6	aaa_libraries
gperf	libstdc++.so.6	gcc-g++
gpgme	ld-linux-x86-64.so.2	aaa_glibc-solibs
gpgme	ld-linux-x86-64.so.2	glibc
gpgme	libassuan.so.9	libassuan
gpgme	libc.so.6	aaa_glibc-solibs
gpgme	libc.so.6	glibc
gpgme	libgpg-error.so.0	aaa_libraries
gpgme	libgpg-error.so.0	libgpg-error
gpgme	libm.so.6	aaa_glibc-solibs
gpgme	libm.so.6	glibc
gpgmepp	libc.so.6	aaa_glibc-solibs
gpgmepp	libc.so.6	glibc
gpgmepp	libgcc_s.so.1	aaa_libraries
gpgmepp	libgcc_s.so.1	gcc
gpgmepp	libgpgme.so.45	gpgme
gpgmepp	libm.so.6	aaa_glibc-solibs
gpgmepp	libm.so.6	glibc
gpgmepp	libstdc++.so.6	aaa_libraries
gpgmepp	libstdc++.so.6	gcc-g++
gphoto2	libX11.so.6	libX11
gphoto2	libaa.so.1	aalib
gphoto2	libc.so.6	aaa_glibc-solibs
gphoto2	libc.so.6	glibc
gphoto2	libexif.so.12	libexif
gphoto2	libgphoto2.so.6	libgphoto2
gphoto2	libgphoto2_port.so.12	libgphoto2
gphoto2	libgpm.so.2	aaa_libraries
gphoto2	libgpm.so.2	gpm
gphoto2	libjpeg.so.62	aaa_libraries
gphoto2	libjpeg.so.62	libjpeg-turbo
gphoto2	libm.so.6	aaa_glibc-solibs
gphoto2	libm.so.6	glibc
gphoto2	libpopt.so.0	aaa_libraries
gphoto2	libpopt.so.0	popt
gphoto2	libreadline.so.8	aaa_libraries
gphoto2	libreadline.so.8	readline
gphoto2	libslang.so.1	aaa_libraries
gphoto2	libslang.so.1	slang1
gpm	libc.so.6	aaa_glibc-solibs
gpm	libc.so.6	glibc
gpm	libgpm.so.2	aaa_libraries
gpm	libm.so.6	aaa_glibc-solibs
gpm	libm.so.6	glibc
gptfdisk	libc.so.6	aaa_glibc-solibs
gptfdisk	libc.so.6	glibc
gptfdisk	libgcc_s.so.1	aaa_libraries
gptfdisk	libgcc_s.so.1	gcc
gptfdisk	libm.so.6	aaa_glibc-solibs
gptfdisk	libm.so.6	glibc
gptfdisk	libncursesw.so.6	aaa_libraries
gptfdisk	libncursesw.so.6	ncurses
gptfdisk	libpopt.so.0	aaa_libraries
gptfdisk	libpopt.so.0	popt
gptfdisk	libstdc++.so.6	aaa_libraries
gptfdisk	libstdc++.so.6	gcc-g++
gptfdisk	libtinfo.so.6	aaa_libraries
gptfdisk	libtinfo.so.6	ncurses
gptfdisk	libuuid.so.1	util-linux
granatier	libGLX.so.0	libglvnd
granatier	libKDEGames6.so.6	libkdegames
granatier	libKF6ColorScheme.so.6	kcolorscheme
granatier	libKF6ConfigCore.so.6	kconfig
granatier	libKF6ConfigGui.so.6	kconfig
granatier	libKF6ConfigWidgets.so.6	kconfigwidgets
granatier	libKF6CoreAddons.so.6	kcoreaddons
granatier	libKF6Crash.so.6	kcrash
granatier	libKF6DBusAddons.so.6	kdbusaddons
granatier	libKF6GuiAddons.so.6	kguiaddons
granatier	libKF6I18n.so.6	ki18n
granatier	libKF6IconThemes.so.6	kiconthemes
granatier	libKF6WidgetsAddons.so.6	kwidgetsaddons
granatier	libKF6XmlGui.so.6	kxmlgui
granatier	libOpenGL.so.0	libglvnd
granatier	libQt6Core.so.6	qt6
granatier	libQt6DBus.so.6	qt6
granatier	libQt6Gui.so.6	qt6
granatier	libQt6Network.so.6	qt6
granatier	libQt6Qml.so.6	qt6
granatier	libQt6Svg.so.6	qt6
granatier	libQt6Widgets.so.6	qt6
granatier	libQt6Xml.so.6	qt6
granatier	libc.so.6	aaa_glibc-solibs
granatier	libc.so.6	glibc
granatier	libgcc_s.so.1	aaa_libraries
granatier	libgcc_s.so.1	gcc
granatier	libm.so.6	aaa_glibc-solibs
granatier	libm.so.6	glibc
granatier	libstdc++.so.6	aaa_libraries
granatier	libstdc++.so.6	gcc-g++
grantlee-editor	libGLX.so.0	libglvnd
grantlee-editor	libKF6Archive.so.6	karchive
grantlee-editor	libKF6ColorScheme.so.6	kcolorscheme
grantlee-editor	libKF6Completion.so.6	kcompletion
grantlee-editor	libKF6ConfigCore.so.6	kconfig
grantlee-editor	libKF6ConfigGui.so.6	kconfig
grantlee-editor	libKF6ConfigWidgets.so.6	kconfigwidgets
grantlee-editor	libKF6Contacts.so.6	kcontacts
grantlee-editor	libKF6CoreAddons.so.6	kcoreaddons
grantlee-editor	libKF6Crash.so.6	kcrash
grantlee-editor	libKF6DBusAddons.so.6	kdbusaddons
grantlee-editor	libKF6GuiAddons.so.6	kguiaddons
grantlee-editor	libKF6I18n.so.6	ki18n
grantlee-editor	libKF6ItemModels.so.6	kitemmodels
grantlee-editor	libKF6JobWidgets.so.6	kjobwidgets
grantlee-editor	libKF6KIOCore.so.6	kio
grantlee-editor	libKF6KIOGui.so.6	kio
grantlee-editor	libKF6KIOWidgets.so.6	kio
grantlee-editor	libKF6Mime.so.6	kmime
grantlee-editor	libKF6Service.so.6	kservice
grantlee-editor	libKF6SonnetUi.so.6	sonnet
grantlee-editor	libKF6SyntaxHighlighting.so.6	syntax-highlighting
grantlee-editor	libKF6TextAddonsWidgets.so.1	ktextaddons
grantlee-editor	libKF6TextAutoCorrectionCore.so.1	ktextaddons
grantlee-editor	libKF6TextAutoCorrectionWidgets.so.1	ktextaddons
grantlee-editor	libKF6TextCustomEditor.so.1	ktextaddons
grantlee-editor	libKF6TextTemplate.so.6	ktexttemplate
grantlee-editor	libKF6WidgetsAddons.so.6	kwidgetsaddons
grantlee-editor	libKF6XmlGui.so.6	kxmlgui
grantlee-editor	libKPim6AkonadiContactCore.so.6	akonadi-contacts
grantlee-editor	libKPim6AkonadiContactWidgets.so.6	akonadi-contacts
grantlee-editor	libKPim6AkonadiCore.so.6	akonadi
grantlee-editor	libKPim6AkonadiMime.so.6	akonadi-mime
grantlee-editor	libKPim6AkonadiPrivate.so.6	akonadi
grantlee-editor	libKPim6GrantleeTheme.so.6	grantleetheme
grantlee-editor	libKPim6IdentityManagementCore.so.6	kidentitymanagement
grantlee-editor	libKPim6Libkleo.so.6	libkleo
grantlee-editor	libKPim6MessageCore.so.6	messagelib
grantlee-editor	libKPim6MessageViewer.so.6	messagelib
grantlee-editor	libKPim6MimeTreeParser.so.6	messagelib
grantlee-editor	libKPim6PimCommon.so.6	pimcommon
grantlee-editor	libOpenGL.so.0	libglvnd
grantlee-editor	libQt6Core.so.6	qt6
grantlee-editor	libQt6DBus.so.6	qt6
grantlee-editor	libQt6Gui.so.6	qt6
grantlee-editor	libQt6Network.so.6	qt6
grantlee-editor	libQt6OpenGL.so.6	qt6
grantlee-editor	libQt6Positioning.so.6	qt6
grantlee-editor	libQt6PrintSupport.so.6	qt6
grantlee-editor	libQt6Qml.so.6	qt6
grantlee-editor	libQt6Quick.so.6	qt6
grantlee-editor	libQt6WebChannel.so.6	qt6
grantlee-editor	libQt6WebEngineCore.so.6	qt6
grantlee-editor	libQt6WebEngineWidgets.so.6	qt6
grantlee-editor	libQt6Widgets.so.6	qt6
grantlee-editor	libQt6Xml.so.6	qt6
grantlee-editor	libc.so.6	aaa_glibc-solibs
grantlee-editor	libc.so.6	glibc
grantlee-editor	libgcc_s.so.1	aaa_libraries
grantlee-editor	libgcc_s.so.1	gcc
grantlee-editor	libgpg-error.so.0	aaa_libraries
grantlee-editor	libgpg-error.so.0	libgpg-error
grantlee-editor	libgpgme.so.45	gpgme
grantlee-editor	libgpgmepp.so.7	gpgmepp
grantlee-editor	libm.so.6	aaa_glibc-solibs
grantlee-editor	libm.so.6	glibc
grantlee-editor	libqgpgmeqt6.so.15	qgpgme
grantlee-editor	libstdc++.so.6	aaa_libraries
grantlee-editor	libstdc++.so.6	gcc-g++
grantleetheme	libGLX.so.0	libglvnd
grantleetheme	libKF6Attica.so.6	attica
grantleetheme	libKF6ColorScheme.so.6	kcolorscheme
grantleetheme	libKF6ConfigCore.so.6	kconfig
grantleetheme	libKF6ConfigGui.so.6	kconfig
grantleetheme	libKF6ConfigWidgets.so.6	kconfigwidgets
grantleetheme	libKF6CoreAddons.so.6	kcoreaddons
grantleetheme	libKF6GuiAddons.so.6	kguiaddons
grantleetheme	libKF6I18n.so.6	ki18n
grantleetheme	libKF6IconThemes.so.6	kiconthemes
grantleetheme	libKF6NewStuffCore.so.6	knewstuff
grantleetheme	libKF6NewStuffWidgets.so.6	knewstuff
grantleetheme	libKF6TextTemplate.so.6	ktexttemplate
grantleetheme	libKF6WidgetsAddons.so.6	kwidgetsaddons
grantleetheme	libKF6XmlGui.so.6	kxmlgui
grantleetheme	libOpenGL.so.0	libglvnd
grantleetheme	libQt6Core.so.6	qt6
grantleetheme	libQt6DBus.so.6	qt6
grantleetheme	libQt6Gui.so.6	qt6
grantleetheme	libQt6Network.so.6	qt6
grantleetheme	libQt6Widgets.so.6	qt6
grantleetheme	libQt6Xml.so.6	qt6
grantleetheme	libc.so.6	aaa_glibc-solibs
grantleetheme	libc.so.6	glibc
grantleetheme	libgcc_s.so.1	aaa_libraries
grantleetheme	libgcc_s.so.1	gcc
grantleetheme	libm.so.6	aaa_glibc-solibs
grantleetheme	libm.so.6	glibc
grantleetheme	libstdc++.so.6	aaa_libraries
grantleetheme	libstdc++.so.6	gcc-g++
graphene	libc.so.6	aaa_glibc-solibs
graphene	libc.so.6	glibc
graphene	libglib-2.0.so.0	aaa_libraries
graphene	libglib-2.0.so.0	glib2
graphene	libgobject-2.0.so.0	aaa_libraries
graphene	libgobject-2.0.so.0	glib2
graphene	libm.so.6	aaa_glibc-solibs
graphene	libm.so.6	glibc
graphite2	libc.so.6	aaa_glibc-solibs
graphite2	libc.so.6	glibc
graphite2	libgcc_s.so.1	aaa_libraries
graphite2	libgcc_s.so.1	gcc
graphite2	libm.so.6	aaa_glibc-solibs
graphite2	libm.so.6	glibc
graphite2	libstdc++.so.6	aaa_libraries
graphite2	libstdc++.so.6	gcc-g++
graphviz	ld-linux-x86-64.so.2	aaa_glibc-solibs
graphviz	ld-linux-x86-64.so.2	glibc
graphviz	libQt6Core.so.6	qt6
graphviz	libQt6Gui.so.6	qt6
graphviz	libQt6PrintSupport.so.6	qt6
graphviz	libQt6Widgets.so.6	qt6
graphviz	libX11.so.6	libX11
graphviz	libXrender.so.1	libXrender
graphviz	libaa.so.1	aalib
graphviz	libargon2.so.1	aaa_libraries
graphviz	libargon2.so.1	argon2
graphviz	libc.so.6	aaa_glibc-solibs
graphviz	libc.so.6	glibc
graphviz	libcairo-gobject.so.2	cairo
graphviz	libcairo.so.2	cairo
graphviz	libedit.so.0	libedit
graphviz	libexpat.so.1	aaa_libraries
graphviz	libexpat.so.1	expat
graphviz	libfontconfig.so.1	fontconfig
graphviz	libfreetype.so.6	freetype
graphviz	libgc.so.1	gc
graphviz	libgcc_s.so.1	aaa_libraries
graphviz	libgcc_s.so.1	gcc
graphviz	libgd.so.3	gd
graphviz	libgdk-3.so.0	gtk+3
graphviz	libgdk_pixbuf-2.0.so.0	gdk-pixbuf2
graphviz	libgio-2.0.so.0	glib2
graphviz	libglib-2.0.so.0	aaa_libraries
graphviz	libglib-2.0.so.0	glib2
graphviz	libgobject-2.0.so.0	aaa_libraries
graphviz	libgobject-2.0.so.0	glib2
graphviz	libgs.so.10	ghostscript
graphviz	libguile-3.0.so.1	guile
graphviz	libharfbuzz.so.0	harfbuzz
graphviz	libltdl.so.7	aaa_libraries
graphviz	libltdl.so.7	libtool
graphviz	liblua.so.5	lua
graphviz	libm.so.6	aaa_glibc-solibs
graphviz	libm.so.6	glibc
graphviz	libncursesw.so.6	aaa_libraries
graphviz	libncursesw.so.6	ncurses
graphviz	libpango-1.0.so.0	pango
graphviz	libpangocairo-1.0.so.0	pango
graphviz	libpangoft2-1.0.so.0	pango
graphviz	libpcre2-8.so.0	aaa_libraries
graphviz	libpcre2-8.so.0	pcre2
graphviz	libpoppler-glib.so.8	poppler
graphviz	librsvg-2.so.2	librsvg
graphviz	libruby.so.4.0	ruby
graphviz	libsodium.so.26	libsodium
graphviz	libstdc++.so.6	aaa_libraries
graphviz	libstdc++.so.6	gcc-g++
graphviz	libtinfo.so.6	aaa_libraries
graphviz	libtinfo.so.6	ncurses
graphviz	libwebp.so.7	libwebp
graphviz	libxml2.so.16	libxml2
graphviz	libz.so.1	aaa_libraries
graphviz	libz.so.1	zlib
grep	libc.so.6	aaa_glibc-solibs
grep	libc.so.6	glibc
grep	libpcre2-8.so.0	aaa_libraries
grep	libpcre2-8.so.0	pcre2
groff	libICE.so.6	libICE
groff	libSM.so.6	libSM
groff	libX11.so.6	libX11
groff	libXaw.so.7	libXaw
groff	libXmu.so.6	libXmu
groff	libXt.so.6	libXt
groff	libc.so.6	aaa_glibc-solibs
groff	libc.so.6	glibc
groff	libgcc_s.so.1	aaa_libraries
groff	libgcc_s.so.1	gcc
groff	libm.so.6	aaa_glibc-solibs
groff	libm.so.6	glibc
groff	libstdc++.so.6	aaa_libraries
groff	libstdc++.so.6	gcc-g++
grub	libc.so.6	aaa_glibc-solibs
grub	libc.so.6	glibc
grub	libdevmapper.so.1.02	aaa_libraries
grub	libdevmapper.so.1.02	lvm2
grub	libfreetype.so.6	freetype
grub	libfuse3.so.3	fuse3
grub	liblzma.so.5	aaa_libraries
grub	liblzma.so.5	xz
grub	libtasn1.so.6	libtasn1
gsl	libc.so.6	aaa_glibc-solibs
gsl	libc.so.6	glibc
gsl	libm.so.6	aaa_glibc-solibs
gsl	libm.so.6	glibc
gspell	libc.so.6	aaa_glibc-solibs
gspell	libc.so.6	glibc
gspell	libenchant-2.so.2	enchant
gspell	libgio-2.0.so.0	glib2
gspell	libglib-2.0.so.0	aaa_libraries
gspell	libglib-2.0.so.0	glib2
gspell	libgobject-2.0.so.0	aaa_libraries
gspell	libgobject-2.0.so.0	glib2
gspell	libgtk-3.so.0	gtk+3
gspell	libicuuc.so.78	icu4c
gspell	libpango-1.0.so.0	pango
gst-plugins-bad-free	ld-linux-x86-64.so.2	aaa_glibc-solibs
gst-plugins-bad-free	ld-linux-x86-64.so.2	glibc
gst-plugins-bad-free	libIex-3_5.so.34	openexr
gst-plugins-bad-free	libImath-3_2.so.30	Imath
gst-plugins-bad-free	libOpenEXR-3_5.so.34	openexr
gst-plugins-bad-free	libX11.so.6	libX11
gst-plugins-bad-free	libZXing.so.4	zxing-cpp
gst-plugins-bad-free	libaom.so.3	aom
gst-plugins-bad-free	libass.so.9	libass
gst-plugins-bad-free	libbz2.so.1	aaa_libraries
gst-plugins-bad-free	libbz2.so.1	bzip2
gst-plugins-bad-free	libc.so.6	aaa_glibc-solibs
gst-plugins-bad-free	libc.so.6	glibc
gst-plugins-bad-free	libcairo.so.2	cairo
gst-plugins-bad-free	libcrypto.so.3	openssl
gst-plugins-bad-free	libcrypto.so.3	openssl-solibs
gst-plugins-bad-free	libcurl.so.4	aaa_libraries
gst-plugins-bad-free	libcurl.so.4	curl
gst-plugins-bad-free	libdrm.so.2	libdrm
gst-plugins-bad-free	libfluidsynth.so.3	fluidsynth
gst-plugins-bad-free	libgcc_s.so.1	aaa_libraries
gst-plugins-bad-free	libgcc_s.so.1	gcc
gst-plugins-bad-free	libgdk-3.so.0	gtk+3
gst-plugins-bad-free	libgio-2.0.so.0	glib2
gst-plugins-bad-free	libglib-2.0.so.0	aaa_libraries
gst-plugins-bad-free	libglib-2.0.so.0	glib2
gst-plugins-bad-free	libgmodule-2.0.so.0	aaa_libraries
gst-plugins-bad-free	libgmodule-2.0.so.0	glib2
gst-plugins-bad-free	libgobject-2.0.so.0	aaa_libraries
gst-plugins-bad-free	libgobject-2.0.so.0	glib2
gst-plugins-bad-free	libgstallocators-1.0.so.0	gst-plugins-base
gst-plugins-bad-free	libgstapp-1.0.so.0	gst-plugins-base
gst-plugins-bad-free	libgstaudio-1.0.so.0	gst-plugins-base
gst-plugins-bad-free	libgstbase-1.0.so.0	gstreamer
gst-plugins-bad-free	libgstfft-1.0.so.0	gst-plugins-base
gst-plugins-bad-free	libgstgl-1.0.so.0	gst-plugins-base
gst-plugins-bad-free	libgstnet-1.0.so.0	gstreamer
gst-plugins-bad-free	libgstpbutils-1.0.so.0	gst-plugins-base
gst-plugins-bad-free	libgstreamer-1.0.so.0	gstreamer
gst-plugins-bad-free	libgstrtp-1.0.so.0	gst-plugins-base
gst-plugins-bad-free	libgstsdp-1.0.so.0	gst-plugins-base
gst-plugins-bad-free	libgsttag-1.0.so.0	gst-plugins-base
gst-plugins-bad-free	libgstvideo-1.0.so.0	gst-plugins-base
gst-plugins-bad-free	libgtk-3.so.0	gtk+3
gst-plugins-bad-free	libgudev-1.0.so.0	libgudev
gst-plugins-bad-free	libjson-glib-1.0.so.0	json-glib
gst-plugins-bad-free	liblcms2.so.2	lcms2
gst-plugins-bad-free	libm.so.6	aaa_glibc-solibs
gst-plugins-bad-free	libm.so.6	glibc
gst-plugins-bad-free	libneon.so.27	neon
gst-plugins-bad-free	libnettle.so.8	nettle
gst-plugins-bad-free	libnice.so.10	libnice
gst-plugins-bad-free	libopenal.so.1	openal-soft
gst-plugins-bad-free	libopencv_bgsegm.so.500	opencv
gst-plugins-bad-free	libopencv_calib.so.500	opencv
gst-plugins-bad-free	libopencv_core.so.500	opencv
gst-plugins-bad-free	libopencv_features.so.500	opencv
gst-plugins-bad-free	libopencv_flann.so.500	opencv
gst-plugins-bad-free	libopencv_geometry.so.500	opencv
gst-plugins-bad-free	libopencv_imgcodecs.so.500	opencv
gst-plugins-bad-free	libopencv_imgproc.so.500	opencv
gst-plugins-bad-free	libopencv_objdetect.so.500	opencv
gst-plugins-bad-free	libopencv_stereo.so.500	opencv
gst-plugins-bad-free	libopencv_tracking.so.500	opencv
gst-plugins-bad-free	libopencv_video.so.500	opencv
gst-plugins-bad-free	libopencv_xobjdetect.so.500	opencv
gst-plugins-bad-free	libopenjp2.so.7	openjpeg
gst-plugins-bad-free	libopus.so.0	opus
gst-plugins-bad-free	liborc-0.4.so.0	orc
gst-plugins-bad-free	libpango-1.0.so.0	pango
gst-plugins-bad-free	libpangocairo-1.0.so.0	pango
gst-plugins-bad-free	libqrencode.so.4	qrencode
gst-plugins-bad-free	librsvg-2.so.2	librsvg
gst-plugins-bad-free	libsbc.so.1	sbc
gst-plugins-bad-free	libsndfile.so.1	libsndfile
gst-plugins-bad-free	libssl.so.3	openssl
gst-plugins-bad-free	libssl.so.3	openssl-solibs
gst-plugins-bad-free	libstdc++.so.6	aaa_libraries
gst-plugins-bad-free	libstdc++.so.6	gcc-g++
gst-plugins-bad-free	libusb-1.0.so.0	aaa_libraries
gst-plugins-bad-free	libusb-1.0.so.0	libusb
gst-plugins-bad-free	libva-drm.so.2	libva
gst-plugins-bad-free	libva.so.2	libva
gst-plugins-bad-free	libvulkan.so.1	vulkan-sdk
gst-plugins-bad-free	libwayland-client.so.0	wayland
gst-plugins-bad-free	libwebp.so.7	libwebp
gst-plugins-bad-free	libwebpmux.so.3	libwebp
gst-plugins-bad-free	libxcb.so.1	libxcb
gst-plugins-bad-free	libxkbcommon-x11.so.0	libxkbcommon
gst-plugins-bad-free	libxkbcommon.so.0	aaa_libraries
gst-plugins-bad-free	libxkbcommon.so.0	libxkbcommon
gst-plugins-bad-free	libxml2.so.16	libxml2
gst-plugins-base	libEGL.so.1	libglvnd
gst-plugins-base	libGLX.so.0	libglvnd
gst-plugins-base	libX11-xcb.so.1	libX11
gst-plugins-base	libX11.so.6	libX11
gst-plugins-base	libXext.so.6	libXext
gst-plugins-base	libXi.so.6	libXi
gst-plugins-base	libXv.so.1	libXv
gst-plugins-base	libasound.so.2	aaa_libraries
gst-plugins-base	libasound.so.2	alsa-lib
gst-plugins-base	libc.so.6	aaa_glibc-solibs
gst-plugins-base	libc.so.6	glibc
gst-plugins-base	libcairo.so.2	cairo
gst-plugins-base	libcdda_interface.so.0	cdparanoia
gst-plugins-base	libcdda_paranoia.so.0	cdparanoia
gst-plugins-base	libdrm.so.2	libdrm
gst-plugins-base	libgbm.so.1	mesa
gst-plugins-base	libgio-2.0.so.0	glib2
gst-plugins-base	libglib-2.0.so.0	aaa_libraries
gst-plugins-base	libglib-2.0.so.0	glib2
gst-plugins-base	libgmodule-2.0.so.0	aaa_libraries
gst-plugins-base	libgmodule-2.0.so.0	glib2
gst-plugins-base	libgobject-2.0.so.0	aaa_libraries
gst-plugins-base	libgobject-2.0.so.0	glib2
gst-plugins-base	libgraphene-1.0.so.0	graphene
gst-plugins-base	libgstbase-1.0.so.0	gstreamer
gst-plugins-base	libgstcontroller-1.0.so.0	gstreamer
gst-plugins-base	libgstnet-1.0.so.0	gstreamer
gst-plugins-base	libgstreamer-1.0.so.0	gstreamer
gst-plugins-base	libgudev-1.0.so.0	libgudev
gst-plugins-base	libjpeg.so.62	aaa_libraries
gst-plugins-base	libjpeg.so.62	libjpeg-turbo
gst-plugins-base	libm.so.6	aaa_glibc-solibs
gst-plugins-base	libm.so.6	glibc
gst-plugins-base	libogg.so.0	libogg
gst-plugins-base	libopus.so.0	opus
gst-plugins-base	liborc-0.4.so.0	orc
gst-plugins-base	libpango-1.0.so.0	pango
gst-plugins-base	libpangocairo-1.0.so.0	pango
gst-plugins-base	libpng16.so.16	aaa_libraries
gst-plugins-base	libpng16.so.16	libpng
gst-plugins-base	libtheoradec.so.2	libtheora
gst-plugins-base	libtheoraenc.so.2	libtheora
gst-plugins-base	libvisual-0.4.so.0	libvisual
gst-plugins-base	libvorbis.so.0	libvorbis
gst-plugins-base	libvorbisenc.so.2	libvorbis
gst-plugins-base	libwayland-client.so.0	wayland
gst-plugins-base	libwayland-cursor.so.0	wayland
gst-plugins-base	libwayland-egl.so.1	wayland
gst-plugins-base	libxcb.so.1	libxcb
gst-plugins-base	libz.so.1	aaa_libraries
gst-plugins-base	libz.so.1	zlib
gst-plugins-good	libFLAC.so.14	flac
gst-plugins-good	libGLESv2.so.2	libglvnd
gst-plugins-good	libOpenGL.so.0	libglvnd
gst-plugins-good	libQt5Core.so.5	qt5
gst-plugins-good	libQt5Gui.so.5	qt5
gst-plugins-good	libQt5Qml.so.5	qt5
gst-plugins-good	libQt5Quick.so.5	qt5
gst-plugins-good	libQt5WaylandClient.so.5	qt5
gst-plugins-good	libQt5X11Extras.so.5	qt5
gst-plugins-good	libQt6Core.so.6	qt6
gst-plugins-good	libQt6Gui.so.6	qt6
gst-plugins-good	libQt6Qml.so.6	qt6
gst-plugins-good	libQt6Quick.so.6	qt6
gst-plugins-good	libX11.so.6	libX11
gst-plugins-good	libXdamage.so.1	libXdamage
gst-plugins-good	libXext.so.6	libXext
gst-plugins-good	libXfixes.so.3	libXfixes
gst-plugins-good	libXtst.so.6	libXtst
gst-plugins-good	libaa.so.1	aalib
gst-plugins-good	libbz2.so.1	aaa_libraries
gst-plugins-good	libbz2.so.1	bzip2
gst-plugins-good	libc.so.6	aaa_glibc-solibs
gst-plugins-good	libc.so.6	glibc
gst-plugins-good	libcaca.so.0	libcaca
gst-plugins-good	libcairo-gobject.so.2	cairo
gst-plugins-good	libcairo.so.2	cairo
gst-plugins-good	libgcc_s.so.1	aaa_libraries
gst-plugins-good	libgcc_s.so.1	gcc
gst-plugins-good	libgdk-3.so.0	gtk+3
gst-plugins-good	libgdk_pixbuf-2.0.so.0	gdk-pixbuf2
gst-plugins-good	libgio-2.0.so.0	glib2
gst-plugins-good	libglib-2.0.so.0	aaa_libraries
gst-plugins-good	libglib-2.0.so.0	glib2
gst-plugins-good	libgmodule-2.0.so.0	aaa_libraries
gst-plugins-good	libgmodule-2.0.so.0	glib2
gst-plugins-good	libgobject-2.0.so.0	aaa_libraries
gst-plugins-good	libgobject-2.0.so.0	glib2
gst-plugins-good	libgstallocators-1.0.so.0	gst-plugins-base
gst-plugins-good	libgstaudio-1.0.so.0	gst-plugins-base
gst-plugins-good	libgstbase-1.0.so.0	gstreamer
gst-plugins-good	libgstfft-1.0.so.0	gst-plugins-base
gst-plugins-good	libgstgl-1.0.so.0	gst-plugins-base
gst-plugins-good	libgstnet-1.0.so.0	gstreamer
gst-plugins-good	libgstpbutils-1.0.so.0	gst-plugins-base
gst-plugins-good	libgstreamer-1.0.so.0	gstreamer
gst-plugins-good	libgstriff-1.0.so.0	gst-plugins-base
gst-plugins-good	libgstrtp-1.0.so.0	gst-plugins-base
gst-plugins-good	libgstrtsp-1.0.so.0	gst-plugins-base
gst-plugins-good	libgstsdp-1.0.so.0	gst-plugins-base
gst-plugins-good	libgsttag-1.0.so.0	gst-plugins-base
gst-plugins-good	libgstvideo-1.0.so.0	gst-plugins-base
gst-plugins-good	libgtk-3.so.0	gtk+3
gst-plugins-good	libgudev-1.0.so.0	libgudev
gst-plugins-good	libjpeg.so.62	aaa_libraries
gst-plugins-good	libjpeg.so.62	libjpeg-turbo
gst-plugins-good	libm.so.6	aaa_glibc-solibs
gst-plugins-good	libm.so.6	glibc
gst-plugins-good	libmp3lame.so.0	lame
gst-plugins-good	libmpg123.so.0	mpg123
gst-plugins-good	libnettle.so.8	nettle
gst-plugins-good	liborc-0.4.so.0	orc
gst-plugins-good	libpng16.so.16	aaa_libraries
gst-plugins-good	libpng16.so.16	libpng
gst-plugins-good	libpulse.so.0	pulseaudio
gst-plugins-good	libspeex.so.1	speex
gst-plugins-good	libstdc++.so.6	aaa_libraries
gst-plugins-good	libstdc++.so.6	gcc-g++
gst-plugins-good	libtag.so.2	taglib
gst-plugins-good	libv4l2.so.0	v4l-utils
gst-plugins-good	libvpx.so.12	libvpx
gst-plugins-good	libwavpack.so.1	wavpack
gst-plugins-good	libxml2.so.16	libxml2
gst-plugins-good	libz.so.1	aaa_libraries
gst-plugins-good	libz.so.1	zlib
gst-plugins-libav	libavcodec.so.63	ffmpeg
gst-plugins-libav	libavfilter.so.12	ffmpeg
gst-plugins-libav	libavformat.so.63	ffmpeg
gst-plugins-libav	libavutil.so.61	ffmpeg
gst-plugins-libav	libc.so.6	aaa_glibc-solibs
gst-plugins-libav	libc.so.6	glibc
gst-plugins-libav	libglib-2.0.so.0	aaa_libraries
gst-plugins-libav	libglib-2.0.so.0	glib2
gst-plugins-libav	libgobject-2.0.so.0	aaa_libraries
gst-plugins-libav	libgobject-2.0.so.0	glib2
gst-plugins-libav	libgstaudio-1.0.so.0	gst-plugins-base
gst-plugins-libav	libgstbase-1.0.so.0	gstreamer
gst-plugins-libav	libgstpbutils-1.0.so.0	gst-plugins-base
gst-plugins-libav	libgstreamer-1.0.so.0	gstreamer
gst-plugins-libav	libgstvideo-1.0.so.0	gst-plugins-base
gstreamer	ld-linux-x86-64.so.2	aaa_glibc-solibs
gstreamer	ld-linux-x86-64.so.2	glibc
gstreamer	libc.so.6	aaa_glibc-solibs
gstreamer	libc.so.6	glibc
gstreamer	libcap.so.2	aaa_libraries
gstreamer	libcap.so.2	libcap
gstreamer	libdw.so.1	elfutils
gstreamer	libgcc_s.so.1	aaa_libraries
gstreamer	libgcc_s.so.1	gcc
gstreamer	libgio-2.0.so.0	glib2
gstreamer	libglib-2.0.so.0	aaa_libraries
gstreamer	libglib-2.0.so.0	glib2
gstreamer	libgmodule-2.0.so.0	aaa_libraries
gstreamer	libgmodule-2.0.so.0	glib2
gstreamer	libgobject-2.0.so.0	aaa_libraries
gstreamer	libgobject-2.0.so.0	glib2
gstreamer	libm.so.6	aaa_glibc-solibs
gstreamer	libm.so.6	glibc
gstreamer	libunwind.so.8	aaa_libraries
gstreamer	libunwind.so.8	libunwind
gtk+	libX11.so.6	libX11
gtk+	libXext.so.6	libXext
gtk+	libXi.so.6	libXi
gtk+	libc.so.6	aaa_glibc-solibs
gtk+	libc.so.6	glibc
gtk+	libglib-1.2.so.0	glib
gtk+	libgmodule-1.2.so.0	glib
gtk+	libm.so.6	aaa_glibc-solibs
gtk+	libm.so.6	glibc
gtk+2	libX11.so.6	libX11
gtk+2	libXcomposite.so.1	libXcomposite
gtk+2	libXcursor.so.1	libXcursor
gtk+2	libXdamage.so.1	libXdamage
gtk+2	libXext.so.6	libXext
gtk+2	libXfixes.so.3	libXfixes
gtk+2	libXi.so.6	libXi
gtk+2	libXinerama.so.1	libXinerama
gtk+2	libXrandr.so.2	libXrandr
gtk+2	libXrender.so.1	libXrender
gtk+2	libatk-1.0.so.0	at-spi2-core
gtk+2	libc.so.6	aaa_glibc-solibs
gtk+2	libc.so.6	glibc
gtk+2	libcairo.so.2	cairo
gtk+2	libcups.so.2	aaa_libraries
gtk+2	libcups.so.2	cups
gtk+2	libfontconfig.so.1	fontconfig
gtk+2	libfreetype.so.6	freetype
gtk+2	libgdk_pixbuf-2.0.so.0	gdk-pixbuf2
gtk+2	libgio-2.0.so.0	glib2
gtk+2	libglib-2.0.so.0	aaa_libraries
gtk+2	libglib-2.0.so.0	glib2
gtk+2	libgmodule-2.0.so.0	aaa_libraries
gtk+2	libgmodule-2.0.so.0	glib2
gtk+2	libgobject-2.0.so.0	aaa_libraries
gtk+2	libgobject-2.0.so.0	glib2
gtk+2	libharfbuzz.so.0	harfbuzz
gtk+2	libm.so.6	aaa_glibc-solibs
gtk+2	libm.so.6	glibc
gtk+2	libpango-1.0.so.0	pango
gtk+2	libpangocairo-1.0.so.0	pango
gtk+2	libpangoft2-1.0.so.0	pango
gtk+3	libX11.so.6	libX11
gtk+3	libXcomposite.so.1	libXcomposite
gtk+3	libXcursor.so.1	libXcursor
gtk+3	libXdamage.so.1	libXdamage
gtk+3	libXext.so.6	libXext
gtk+3	libXfixes.so.3	libXfixes
gtk+3	libXi.so.6	libXi
gtk+3	libXinerama.so.1	libXinerama
gtk+3	libXrandr.so.2	libXrandr
gtk+3	libatk-1.0.so.0	at-spi2-core
gtk+3	libatk-bridge-2.0.so.0	at-spi2-core
gtk+3	libc.so.6	aaa_glibc-solibs
gtk+3	libc.so.6	glibc
gtk+3	libcairo-gobject.so.2	cairo
gtk+3	libcairo.so.2	cairo
gtk+3	libcolord.so.2	colord
gtk+3	libcups.so.2	aaa_libraries
gtk+3	libcups.so.2	cups
gtk+3	libepoxy.so.0	libepoxy
gtk+3	libfontconfig.so.1	fontconfig
gtk+3	libfribidi.so.0	fribidi
gtk+3	libgdk_pixbuf-2.0.so.0	gdk-pixbuf2
gtk+3	libgio-2.0.so.0	glib2
gtk+3	libglib-2.0.so.0	aaa_libraries
gtk+3	libglib-2.0.so.0	glib2
gtk+3	libgmodule-2.0.so.0	aaa_libraries
gtk+3	libgmodule-2.0.so.0	glib2
gtk+3	libgobject-2.0.so.0	aaa_libraries
gtk+3	libgobject-2.0.so.0	glib2
gtk+3	libharfbuzz.so.0	harfbuzz
gtk+3	libm.so.6	aaa_glibc-solibs
gtk+3	libm.so.6	glibc
gtk+3	libpango-1.0.so.0	pango
gtk+3	libpangocairo-1.0.so.0	pango
gtk+3	libpangoft2-1.0.so.0	pango
gtk+3	libwayland-client.so.0	wayland
gtk+3	libwayland-cursor.so.0	wayland
gtk+3	libwayland-egl.so.1	wayland
gtk+3	libxkbcommon.so.0	aaa_libraries
gtk+3	libxkbcommon.so.0	libxkbcommon
gtk-layer-shell	libc.so.6	aaa_glibc-solibs
gtk-layer-shell	libc.so.6	glibc
gtk-layer-shell	libgdk-3.so.0	gtk+3
gtk-layer-shell	libglib-2.0.so.0	aaa_libraries
gtk-layer-shell	libglib-2.0.so.0	glib2
gtk-layer-shell	libgobject-2.0.so.0	aaa_libraries
gtk-layer-shell	libgobject-2.0.so.0	glib2
gtk-layer-shell	libgtk-3.so.0	gtk+3
gtk-layer-shell	libwayland-client.so.0	wayland
gtk4	libX11.so.6	libX11
gtk4	libXcursor.so.1	libXcursor
gtk4	libXdamage.so.1	libXdamage
gtk4	libXext.so.6	libXext
gtk4	libXfixes.so.3	libXfixes
gtk4	libXi.so.6	libXi
gtk4	libXinerama.so.1	libXinerama
gtk4	libXrandr.so.2	libXrandr
gtk4	libc.so.6	aaa_glibc-solibs
gtk4	libc.so.6	glibc
gtk4	libcairo-gobject.so.2	cairo
gtk4	libcairo-script-interpreter.so.2	cairo
gtk4	libcairo.so.2	cairo
gtk4	libcolord.so.2	colord
gtk4	libcups.so.2	aaa_libraries
gtk4	libcups.so.2	cups
gtk4	libepoxy.so.0	libepoxy
gtk4	libfontconfig.so.1	fontconfig
gtk4	libfribidi.so.0	fribidi
gtk4	libgdk_pixbuf-2.0.so.0	gdk-pixbuf2
gtk4	libgio-2.0.so.0	glib2
gtk4	libglib-2.0.so.0	aaa_libraries
gtk4	libglib-2.0.so.0	glib2
gtk4	libgmodule-2.0.so.0	aaa_libraries
gtk4	libgmodule-2.0.so.0	glib2
gtk4	libgobject-2.0.so.0	aaa_libraries
gtk4	libgobject-2.0.so.0	glib2
gtk4	libgraphene-1.0.so.0	graphene
gtk4	libgstallocators-1.0.so.0	gst-plugins-base
gtk4	libgstgl-1.0.so.0	gst-plugins-base
gtk4	libgstplay-1.0.so.0	gst-plugins-bad-free
gtk4	libgstreamer-1.0.so.0	gstreamer
gtk4	libgstvideo-1.0.so.0	gst-plugins-base
gtk4	libharfbuzz-subset.so.0	harfbuzz
gtk4	libharfbuzz.so.0	harfbuzz
gtk4	libjpeg.so.62	aaa_libraries
gtk4	libjpeg.so.62	libjpeg-turbo
gtk4	libm.so.6	aaa_glibc-solibs
gtk4	libm.so.6	glibc
gtk4	libpango-1.0.so.0	pango
gtk4	libpangocairo-1.0.so.0	pango
gtk4	libpangoft2-1.0.so.0	pango
gtk4	libpng16.so.16	aaa_libraries
gtk4	libpng16.so.16	libpng
gtk4	libtiff.so.6	aaa_libraries
gtk4	libtiff.so.6	libtiff
gtk4	libvulkan.so.1	vulkan-sdk
gtk4	libwayland-client.so.0	wayland
gtk4	libwayland-egl.so.1	wayland
gtk4	libxkbcommon.so.0	aaa_libraries
gtk4	libxkbcommon.so.0	libxkbcommon
gtkmm2	libatk-1.0.so.0	at-spi2-core
gtkmm2	libatkmm-1.6.so.1	atkmm
gtkmm2	libc.so.6	aaa_glibc-solibs
gtkmm2	libc.so.6	glibc
gtkmm2	libcairo.so.2	cairo
gtkmm2	libcairomm-1.0.so.1	cairomm
gtkmm2	libfontconfig.so.1	fontconfig
gtkmm2	libfreetype.so.6	freetype
gtkmm2	libgcc_s.so.1	aaa_libraries
gtkmm2	libgcc_s.so.1	gcc
gtkmm2	libgdk-x11-2.0.so.0	gtk+2
gtkmm2	libgdk_pixbuf-2.0.so.0	gdk-pixbuf2
gtkmm2	libgio-2.0.so.0	glib2
gtkmm2	libgiomm-2.4.so.1	glibmm
gtkmm2	libglib-2.0.so.0	aaa_libraries
gtkmm2	libglib-2.0.so.0	glib2
gtkmm2	libglibmm-2.4.so.1	glibmm
gtkmm2	libgobject-2.0.so.0	aaa_libraries
gtkmm2	libgobject-2.0.so.0	glib2
gtkmm2	libgtk-x11-2.0.so.0	gtk+2
gtkmm2	libharfbuzz.so.0	harfbuzz
gtkmm2	libm.so.6	aaa_glibc-solibs
gtkmm2	libm.so.6	glibc
gtkmm2	libpango-1.0.so.0	pango
gtkmm2	libpangocairo-1.0.so.0	pango
gtkmm2	libpangoft2-1.0.so.0	pango
gtkmm2	libpangomm-1.4.so.1	pangomm
gtkmm2	libsigc-2.0.so.0	libsigc++
gtkmm2	libstdc++.so.6	aaa_libraries
gtkmm2	libstdc++.so.6	gcc-g++
gtkmm3	libatkmm-1.6.so.1	atkmm
gtkmm3	libc.so.6	aaa_glibc-solibs
gtkmm3	libc.so.6	glibc
gtkmm3	libcairomm-1.0.so.1	cairomm
gtkmm3	libgcc_s.so.1	aaa_libraries
gtkmm3	libgcc_s.so.1	gcc
gtkmm3	libgdk-3.so.0	gtk+3
gtkmm3	libgdk_pixbuf-2.0.so.0	gdk-pixbuf2
gtkmm3	libgiomm-2.4.so.1	glibmm
gtkmm3	libglib-2.0.so.0	aaa_libraries
gtkmm3	libglib-2.0.so.0	glib2
gtkmm3	libglibmm-2.4.so.1	glibmm
gtkmm3	libgobject-2.0.so.0	aaa_libraries
gtkmm3	libgobject-2.0.so.0	glib2
gtkmm3	libgtk-3.so.0	gtk+3
gtkmm3	libm.so.6	aaa_glibc-solibs
gtkmm3	libm.so.6	glibc
gtkmm3	libpangomm-1.4.so.1	pangomm
gtkmm3	libsigc-2.0.so.0	libsigc++
gtkmm3	libstdc++.so.6	aaa_libraries
gtkmm3	libstdc++.so.6	gcc-g++
gtkmm4	libc.so.6	aaa_glibc-solibs
gtkmm4	libc.so.6	glibc
gtkmm4	libcairo-gobject.so.2	cairo
gtkmm4	libcairomm-1.16.so.1	cairomm1
gtkmm4	libgcc_s.so.1	aaa_libraries
gtkmm4	libgcc_s.so.1	gcc
gtkmm4	libgdk_pixbuf-2.0.so.0	gdk-pixbuf2
gtkmm4	libgio-2.0.so.0	glib2
gtkmm4	libgiomm-2.68.so.1	glibmm2
gtkmm4	libglib-2.0.so.0	aaa_libraries
gtkmm4	libglib-2.0.so.0	glib2
gtkmm4	libglibmm-2.68.so.1	glibmm2
gtkmm4	libgobject-2.0.so.0	aaa_libraries
gtkmm4	libgobject-2.0.so.0	glib2
gtkmm4	libgraphene-1.0.so.0	graphene
gtkmm4	libgtk-4.so.1	gtk4
gtkmm4	libpangomm-2.48.so.1	pangomm2
gtkmm4	libsigc-3.0.so.0	libsigc++3
gtkmm4	libstdc++.so.6	aaa_libraries
gtkmm4	libstdc++.so.6	gcc-g++
gtksourceview4	libatk-1.0.so.0	at-spi2-core
gtksourceview4	libc.so.6	aaa_glibc-solibs
gtksourceview4	libc.so.6	glibc
gtksourceview4	libcairo.so.2	cairo
gtksourceview4	libfribidi.so.0	fribidi
gtksourceview4	libgdk-3.so.0	gtk+3
gtksourceview4	libgdk_pixbuf-2.0.so.0	gdk-pixbuf2
gtksourceview4	libgio-2.0.so.0	glib2
gtksourceview4	libglib-2.0.so.0	aaa_libraries
gtksourceview4	libglib-2.0.so.0	glib2
gtksourceview4	libgobject-2.0.so.0	aaa_libraries
gtksourceview4	libgobject-2.0.so.0	glib2
gtksourceview4	libgtk-3.so.0	gtk+3
gtksourceview4	libm.so.6	aaa_glibc-solibs
gtksourceview4	libm.so.6	glibc
gtksourceview4	libpango-1.0.so.0	pango
gtksourceview4	libpangocairo-1.0.so.0	pango
gtksourceview4	libxml2.so.16	libxml2
gtkspell	libatk-1.0.so.0	at-spi2-core
gtkspell	libc.so.6	aaa_glibc-solibs
gtkspell	libc.so.6	glibc
gtkspell	libcairo.so.2	cairo
gtkspell	libenchant-2.so.2	enchant
gtkspell	libfontconfig.so.1	fontconfig
gtkspell	libfreetype.so.6	freetype
gtkspell	libgdk-x11-2.0.so.0	gtk+2
gtkspell	libgdk_pixbuf-2.0.so.0	gdk-pixbuf2
gtkspell	libgio-2.0.so.0	glib2
gtkspell	libglib-2.0.so.0	aaa_libraries
gtkspell	libglib-2.0.so.0	glib2
gtkspell	libgobject-2.0.so.0	aaa_libraries
gtkspell	libgobject-2.0.so.0	glib2
gtkspell	libgtk-x11-2.0.so.0	gtk+2
gtkspell	libharfbuzz.so.0	harfbuzz
gtkspell	libpango-1.0.so.0	pango
gtkspell	libpangocairo-1.0.so.0	pango
gtkspell	libpangoft2-1.0.so.0	pango
gucharmap	libatk-1.0.so.0	at-spi2-core
gucharmap	libc.so.6	aaa_glibc-solibs
gucharmap	libc.so.6	glibc
gucharmap	libcairo.so.2	cairo
gucharmap	libgdk-3.so.0	gtk+3
gucharmap	libgio-2.0.so.0	glib2
gucharmap	libglib-2.0.so.0	aaa_libraries
gucharmap	libglib-2.0.so.0	glib2
gucharmap	libgobject-2.0.so.0	aaa_libraries
gucharmap	libgobject-2.0.so.0	glib2
gucharmap	libgtk-3.so.0	gtk+3
gucharmap	libpango-1.0.so.0	pango
gucharmap	libpangocairo-1.0.so.0	pango
gucharmap	libpcre2-8.so.0	aaa_libraries
gucharmap	libpcre2-8.so.0	pcre2
guile	ld-linux-x86-64.so.2	aaa_glibc-solibs
guile	ld-linux-x86-64.so.2	glibc
guile	libc.so.6	aaa_glibc-solibs
guile	libc.so.6	glibc
guile	libcrypt.so.2	aaa_glibc-solibs
guile	libcrypt.so.2	glibc
guile	libffi.so.8	aaa_libraries
guile	libffi.so.8	libffi
guile	libgc.so.1	gc
guile	libgmp.so.10	aaa_libraries
guile	libgmp.so.10	gmp
guile	libm.so.6	aaa_glibc-solibs
guile	libm.so.6	glibc
guile	libncursesw.so.6	aaa_libraries
guile	libncursesw.so.6	ncurses
guile	libreadline.so.8	aaa_libraries
guile	libreadline.so.8	readline
guile	libtinfo.so.6	aaa_libraries
guile	libtinfo.so.6	ncurses
guile	libunistring.so.5	aaa_libraries
guile	libunistring.so.5	libunistring
gutenprint	libatk-1.0.so.0	at-spi2-core
gutenprint	libc.so.6	aaa_glibc-solibs
gutenprint	libc.so.6	glibc
gutenprint	libcairo.so.2	cairo
gutenprint	libcups.so.2	aaa_libraries
gutenprint	libcups.so.2	cups
gutenprint	libfontconfig.so.1	fontconfig
gutenprint	libfreetype.so.6	freetype
gutenprint	libgdk-x11-2.0.so.0	gtk+2
gutenprint	libgdk_pixbuf-2.0.so.0	gdk-pixbuf2
gutenprint	libgio-2.0.so.0	glib2
gutenprint	libglib-2.0.so.0	aaa_libraries
gutenprint	libglib-2.0.so.0	glib2
gutenprint	libgobject-2.0.so.0	aaa_libraries
gutenprint	libgobject-2.0.so.0	glib2
gutenprint	libgtk-x11-2.0.so.0	gtk+2
gutenprint	libharfbuzz.so.0	harfbuzz
gutenprint	libm.so.6	aaa_glibc-solibs
gutenprint	libm.so.6	glibc
gutenprint	libncursesw.so.6	aaa_libraries
gutenprint	libncursesw.so.6	ncurses
gutenprint	libpango-1.0.so.0	pango
gutenprint	libpangocairo-1.0.so.0	pango
gutenprint	libpangoft2-1.0.so.0	pango
gutenprint	libreadline.so.8	aaa_libraries
gutenprint	libreadline.so.8	readline
gutenprint	libtinfo.so.6	aaa_libraries
gutenprint	libtinfo.so.6	ncurses
gutenprint	libusb-1.0.so.0	aaa_libraries
gutenprint	libusb-1.0.so.0	libusb
gutenprint	libz.so.1	aaa_libraries
gutenprint	libz.so.1	zlib
gv	libICE.so.6	libICE
gv	libSM.so.6	libSM
gv	libX11.so.6	libX11
gv	libXaw3d.so.8	libXaw3d
gv	libXext.so.6	libXext
gv	libXinerama.so.1	libXinerama
gv	libXmu.so.6	libXmu
gv	libXpm.so.4	libXpm
gv	libXt.so.6	libXt
gv	libc.so.6	aaa_glibc-solibs
gv	libc.so.6	glibc
gv	libm.so.6	aaa_glibc-solibs
gv	libm.so.6	glibc
gvfs	libavahi-client.so.3	avahi
gvfs	libavahi-common.so.3	avahi
gvfs	libavahi-glib.so.1	avahi
gvfs	libbluray.so.4	libbluray
gvfs	libc.so.6	aaa_glibc-solibs
gvfs	libc.so.6	glibc
gvfs	libcdio.so.21	libcdio
gvfs	libcdio_cdda.so.2	libcdio-paranoia
gvfs	libcdio_paranoia.so.2	libcdio-paranoia
gvfs	libelogind.so.0	elogind
gvfs	libfuse3.so.3	fuse3
gvfs	libgcr-4.so.4	gcr4
gvfs	libgio-2.0.so.0	glib2
gvfs	libglib-2.0.so.0	aaa_libraries
gvfs	libglib-2.0.so.0	glib2
gvfs	libgobject-2.0.so.0	aaa_libraries
gvfs	libgobject-2.0.so.0	glib2
gvfs	libgphoto2.so.6	libgphoto2
gvfs	libgphoto2_port.so.12	libgphoto2
gvfs	libgudev-1.0.so.0	libgudev
gvfs	libimobiledevice-1.0.so.6	libimobiledevice
gvfs	libmtp.so.9	libmtp
gvfs	libplist-2.0.so.12	libplist
gvfs	libpolkit-gobject-1.so.0	polkit
gvfs	libsecret-1.so.0	libsecret
gvfs	libsmbclient.so.0	samba
gvfs	libsoup-3.0.so.0	libsoup3
gvfs	libudisks2.so.0	udisks2
gvfs	libusb-1.0.so.0	aaa_libraries
gvfs	libusb-1.0.so.0	libusb
gvfs	libxml2.so.16	libxml2
gwenview	libGLX.so.0	libglvnd
gwenview	libKDcrawQt6.so.5	libkdcraw
gwenview	libKF6Baloo.so.6	baloo
gwenview	libKF6Bookmarks.so.6	kbookmarks
gwenview	libKF6ColorScheme.so.6	kcolorscheme
gwenview	libKF6Completion.so.6	kcompletion
gwenview	libKF6ConfigCore.so.6	kconfig
gwenview	libKF6ConfigGui.so.6	kconfig
gwenview	libKF6ConfigWidgets.so.6	kconfigwidgets
gwenview	libKF6CoreAddons.so.6	kcoreaddons
gwenview	libKF6Crash.so.6	kcrash
gwenview	libKF6FileMetaData.so.3	kfilemetadata
gwenview	libKF6GuiAddons.so.6	kguiaddons
gwenview	libKF6I18n.so.6	ki18n
gwenview	libKF6IconThemes.so.6	kiconthemes
gwenview	libKF6IconWidgets.so.6	kiconthemes
gwenview	libKF6ItemModels.so.6	kitemmodels
gwenview	libKF6ItemViews.so.6	kitemviews
gwenview	libKF6JobWidgets.so.6	kjobwidgets
gwenview	libKF6KIOCore.so.6	kio
gwenview	libKF6KIOFileWidgets.so.6	kio
gwenview	libKF6KIOGui.so.6	kio
gwenview	libKF6KIOWidgets.so.6	kio
gwenview	libKF6Notifications.so.6	knotifications
gwenview	libKF6Parts.so.6	kparts
gwenview	libKF6Purpose.so.6	purpose
gwenview	libKF6PurposeWidgets.so.6	purpose
gwenview	libKF6Service.so.6	kservice
gwenview	libKF6Solid.so.6	solid
gwenview	libKF6WidgetsAddons.so.6	kwidgetsaddons
gwenview	libKF6WindowSystem.so.6	kwindowsystem
gwenview	libKF6XmlGui.so.6	kxmlgui
gwenview	libOpenGL.so.0	libglvnd
gwenview	libPlasmaActivities.so.7	plasma-activities
gwenview	libQt6Concurrent.so.6	qt6
gwenview	libQt6Core.so.6	qt6
gwenview	libQt6DBus.so.6	qt6
gwenview	libQt6Gui.so.6	qt6
gwenview	libQt6Multimedia.so.6	qt6
gwenview	libQt6MultimediaWidgets.so.6	qt6
gwenview	libQt6Network.so.6	qt6
gwenview	libQt6OpenGL.so.6	qt6
gwenview	libQt6OpenGLWidgets.so.6	qt6
gwenview	libQt6PrintSupport.so.6	qt6
gwenview	libQt6Svg.so.6	qt6
gwenview	libQt6SvgWidgets.so.6	qt6
gwenview	libQt6WaylandClient.so.6	qt6
gwenview	libQt6Widgets.so.6	qt6
gwenview	libQt6Xml.so.6	qt6
gwenview	libX11.so.6	libX11
gwenview	libc.so.6	aaa_glibc-solibs
gwenview	libc.so.6	glibc
gwenview	libcfitsio.so.10	cfitsio
gwenview	libexiv2.so.28	exiv2
gwenview	libgcc_s.so.1	aaa_libraries
gwenview	libgcc_s.so.1	gcc
gwenview	libjpeg.so.62	aaa_libraries
gwenview	libjpeg.so.62	libjpeg-turbo
gwenview	libkImageAnnotator.so.0	kImageAnnotator
gwenview	liblcms2.so.2	lcms2
gwenview	libm.so.6	aaa_glibc-solibs
gwenview	libm.so.6	glibc
gwenview	libpng16.so.16	aaa_libraries
gwenview	libpng16.so.16	libpng
gwenview	libstdc++.so.6	aaa_libraries
gwenview	libstdc++.so.6	gcc-g++
gwenview	libtiff.so.6	aaa_libraries
gwenview	libtiff.so.6	libtiff
gwenview	libwayland-client.so.0	wayland
gwenview	libwayland-cursor.so.0	wayland
gwenview	libxkbcommon.so.0	aaa_libraries
gwenview	libxkbcommon.so.0	libxkbcommon
gwenview	libz.so.1	aaa_libraries
gwenview	libz.so.1	zlib
gzip	libc.so.6	aaa_glibc-solibs
gzip	libc.so.6	glibc
harfbuzz	libc.so.6	aaa_glibc-solibs
harfbuzz	libc.so.6	glibc
harfbuzz	libcairo.so.2	cairo
harfbuzz	libfreetype.so.6	freetype
harfbuzz	libglib-2.0.so.0	aaa_libraries
harfbuzz	libglib-2.0.so.0	glib2
harfbuzz	libgobject-2.0.so.0	aaa_libraries
harfbuzz	libgobject-2.0.so.0	glib2
harfbuzz	libgraphite2.so.3	graphite2
harfbuzz	libicuuc.so.78	icu4c
harfbuzz	libm.so.6	aaa_glibc-solibs
harfbuzz	libm.so.6	glibc
harfbuzz	libpng16.so.16	aaa_libraries
harfbuzz	libpng16.so.16	libpng
harfbuzz	libstdc++.so.6	aaa_libraries
harfbuzz	libstdc++.so.6	gcc-g++
harfbuzz	libz.so.1	aaa_libraries
harfbuzz	libz.so.1	zlib
haruna	libGLX.so.0	libglvnd
haruna	libKF6ColorScheme.so.6	kcolorscheme
haruna	libKF6Completion.so.6	kcompletion
haruna	libKF6ConfigCore.so.6	kconfig
haruna	libKF6ConfigGui.so.6	kconfig
haruna	libKF6CoreAddons.so.6	kcoreaddons
haruna	libKF6Crash.so.6	kcrash
haruna	libKF6FileMetaData.so.3	kfilemetadata
haruna	libKF6I18n.so.6	ki18n
haruna	libKF6IconThemes.so.6	kiconthemes
haruna	libKF6JobWidgets.so.6	kjobwidgets
haruna	libKF6KIOCore.so.6	kio
haruna	libKF6KIOGui.so.6	kio
haruna	libKF6KIOWidgets.so.6	kio
haruna	libKF6Service.so.6	kservice
haruna	libKF6WidgetsAddons.so.6	kwidgetsaddons
haruna	libKF6WindowSystem.so.6	kwindowsystem
haruna	libKirigami.so.6	kirigami
haruna	libKirigamiPlatform.so.6	kirigami
haruna	libMpvQt.so.3	mpvqt
haruna	libOpenGL.so.0	libglvnd
haruna	libQt6Core.so.6	qt6
haruna	libQt6Core5Compat.so.6	qt6
haruna	libQt6DBus.so.6	qt6
haruna	libQt6Gui.so.6	qt6
haruna	libQt6Network.so.6	qt6
haruna	libQt6OpenGL.so.6	qt6
haruna	libQt6Qml.so.6	qt6
haruna	libQt6Quick.so.6	qt6
haruna	libQt6QuickControls2.so.6	qt6
haruna	libQt6ShaderTools.so.6	qt6
haruna	libQt6Sql.so.6	qt6
haruna	libQt6Widgets.so.6	qt6
haruna	libX11.so.6	libX11
haruna	libavcodec.so.63	ffmpeg
haruna	libavfilter.so.12	ffmpeg
haruna	libavformat.so.63	ffmpeg
haruna	libavutil.so.61	ffmpeg
haruna	libc.so.6	aaa_glibc-solibs
haruna	libc.so.6	glibc
haruna	libgcc_s.so.1	aaa_libraries
haruna	libgcc_s.so.1	gcc
haruna	libkdsingleapplication-qt6.so.1.2	kdsingleapplication
haruna	libm.so.6	aaa_glibc-solibs
haruna	libm.so.6	glibc
haruna	libmpv.so.2	mpv
haruna	libstdc++.so.6	aaa_libraries
haruna	libstdc++.so.6	gcc-g++
haruna	libswscale.so.10	ffmpeg
haveged	libc.so.6	aaa_glibc-solibs
haveged	libc.so.6	glibc
hdparm	libc.so.6	aaa_glibc-solibs
hdparm	libc.so.6	glibc
help2man	libc.so.6	aaa_glibc-solibs
help2man	libc.so.6	glibc
hexchat	ld-linux-x86-64.so.2	aaa_glibc-solibs
hexchat	ld-linux-x86-64.so.2	glibc
hexchat	libX11.so.6	libX11
hexchat	libc.so.6	aaa_glibc-solibs
hexchat	libc.so.6	glibc
hexchat	libcanberra.so.0	libcanberra
hexchat	libcrypto.so.3	openssl
hexchat	libcrypto.so.3	openssl-solibs
hexchat	libdbus-glib-1.so.2	dbus-glib
hexchat	libgdk-x11-2.0.so.0	gtk+2
hexchat	libgdk_pixbuf-2.0.so.0	gdk-pixbuf2
hexchat	libgio-2.0.so.0	glib2
hexchat	libglib-2.0.so.0	aaa_libraries
hexchat	libglib-2.0.so.0	glib2
hexchat	libgmodule-2.0.so.0	aaa_libraries
hexchat	libgmodule-2.0.so.0	glib2
hexchat	libgobject-2.0.so.0	aaa_libraries
hexchat	libgobject-2.0.so.0	glib2
hexchat	libgtk-x11-2.0.so.0	gtk+2
hexchat	liblua.so.5	lua
hexchat	libpango-1.0.so.0	pango
hexchat	libpci.so.3	pciutils
hexchat	libpython3.12.so.1.0	python3
hexchat	libssl.so.3	openssl
hexchat	libssl.so.3	openssl-solibs
hfsutils	libX11.so.6	libX11
hfsutils	libXext.so.6	libXext
hfsutils	libXft.so.2	libXft
hfsutils	libXss.so.1	libXScrnSaver
hfsutils	libc.so.6	aaa_glibc-solibs
hfsutils	libc.so.6	glibc
hfsutils	libfontconfig.so.1	fontconfig
hfsutils	libm.so.6	aaa_glibc-solibs
hfsutils	libm.so.6	glibc
hfsutils	libz.so.1	aaa_libraries
hfsutils	libz.so.1	zlib
highway	ld-linux-x86-64.so.2	aaa_glibc-solibs
highway	ld-linux-x86-64.so.2	glibc
highway	libc.so.6	aaa_glibc-solibs
highway	libc.so.6	glibc
highway	libgcc_s.so.1	aaa_libraries
highway	libgcc_s.so.1	gcc
highway	libm.so.6	aaa_glibc-solibs
highway	libm.so.6	glibc
highway	libstdc++.so.6	aaa_libraries
highway	libstdc++.so.6	gcc-g++
hostname	libc.so.6	aaa_glibc-solibs
hostname	libc.so.6	glibc
hplip	libavahi-client.so.3	avahi
hplip	libavahi-common.so.3	avahi
hplip	libavahi-core.so.7	avahi
hplip	libc.so.6	aaa_glibc-solibs
hplip	libc.so.6	glibc
hplip	libcrypto.so.3	openssl
hplip	libcrypto.so.3	openssl-solibs
hplip	libcups.so.2	aaa_libraries
hplip	libcups.so.2	cups
hplip	libcupsimage.so.2	aaa_libraries
hplip	libcupsimage.so.2	cups
hplip	libdbus-1.so.3	dbus
hplip	libgcc_s.so.1	aaa_libraries
hplip	libgcc_s.so.1	gcc
hplip	libjpeg.so.62	aaa_libraries
hplip	libjpeg.so.62	libjpeg-turbo
hplip	libm.so.6	aaa_glibc-solibs
hplip	libm.so.6	glibc
hplip	libnetsnmp.so.45	net-snmp
hplip	libsane.so.1	sane
hplip	libstdc++.so.6	aaa_libraries
hplip	libstdc++.so.6	gcc-g++
hplip	libusb-1.0.so.0	aaa_libraries
hplip	libusb-1.0.so.0	libusb
hplip	libz.so.1	aaa_libraries
hplip	libz.so.1	zlib
htdig	libc.so.6	aaa_glibc-solibs
htdig	libc.so.6	glibc
htdig	libcrypto.so.3	openssl
htdig	libcrypto.so.3	openssl-solibs
htdig	libgcc_s.so.1	aaa_libraries
htdig	libgcc_s.so.1	gcc
htdig	libm.so.6	aaa_glibc-solibs
htdig	libm.so.6	glibc
htdig	libssl.so.3	openssl
htdig	libssl.so.3	openssl-solibs
htdig	libstdc++.so.6	aaa_libraries
htdig	libstdc++.so.6	gcc-g++
htdig	libz.so.1	aaa_libraries
htdig	libz.so.1	zlib
htop	libc.so.6	aaa_glibc-solibs
htop	libc.so.6	glibc
htop	libcap.so.2	aaa_libraries
htop	libcap.so.2	libcap
htop	libm.so.6	aaa_glibc-solibs
htop	libm.so.6	glibc
htop	libncursesw.so.6	aaa_libraries
htop	libncursesw.so.6	ncurses
htop	libtinfo.so.6	aaa_libraries
htop	libtinfo.so.6	ncurses
htop	libunwind.so.8	aaa_libraries
htop	libunwind.so.8	libunwind
httpd	libapr-1.so.0	apr
httpd	libaprutil-1.so.0	apr-util
httpd	libbrotlienc.so.1	brotli
httpd	libc.so.6	aaa_glibc-solibs
httpd	libc.so.6	glibc
httpd	libcrypt.so.2	aaa_glibc-solibs
httpd	libcrypt.so.2	glibc
httpd	libcrypto.so.3	openssl
httpd	libcrypto.so.3	openssl-solibs
httpd	libcurl.so.4	aaa_libraries
httpd	libcurl.so.4	curl
httpd	libdb-4.8.so	aaa_libraries
httpd	libdb-4.8.so	db48
httpd	libexpat.so.1	aaa_libraries
httpd	libexpat.so.1	expat
httpd	libjansson.so.4	jansson
httpd	liblber.so.2	aaa_libraries
httpd	liblber.so.2	openldap
httpd	libldap.so.2	aaa_libraries
httpd	libldap.so.2	openldap
httpd	liblua.so.5	lua
httpd	libm.so.6	aaa_glibc-solibs
httpd	libm.so.6	glibc
httpd	libmariadb.so.3	mariadb
httpd	libnghttp2.so.14	nghttp2
httpd	libpcre2-8.so.0	aaa_libraries
httpd	libpcre2-8.so.0	pcre2
httpd	libsqlite3.so.0	sqlite
httpd	libssl.so.3	openssl
httpd	libssl.so.3	openssl-solibs
httpd	libuuid.so.1	util-linux
httpd	libxml2.so.16	libxml2
httpd	libz.so.1	aaa_libraries
httpd	libz.so.1	zlib
hunspell	ld-linux-x86-64.so.2	aaa_glibc-solibs
hunspell	ld-linux-x86-64.so.2	glibc
hunspell	libc.so.6	aaa_glibc-solibs
hunspell	libc.so.6	glibc
hunspell	libgcc_s.so.1	aaa_libraries
hunspell	libgcc_s.so.1	gcc
hunspell	libm.so.6	aaa_glibc-solibs
hunspell	libm.so.6	glibc
hunspell	libncursesw.so.6	aaa_libraries
hunspell	libncursesw.so.6	ncurses
hunspell	libreadline.so.8	aaa_libraries
hunspell	libreadline.so.8	readline
hunspell	libstdc++.so.6	aaa_libraries
hunspell	libstdc++.so.6	gcc-g++
hunspell	libtinfo.so.6	aaa_libraries
hunspell	libtinfo.so.6	ncurses
hyphen	libc.so.6	aaa_glibc-solibs
hyphen	libc.so.6	glibc
ibus	libX11.so.6	libX11
ibus	libXfixes.so.3	libXfixes
ibus	libXi.so.6	libXi
ibus	libatk-1.0.so.0	at-spi2-core
ibus	libc.so.6	aaa_glibc-solibs
ibus	libc.so.6	glibc
ibus	libcairo-gobject.so.2	cairo
ibus	libcairo.so.2	cairo
ibus	libdbus-1.so.3	dbus
ibus	libdbusmenu-glib.so.4	libdbusmenu
ibus	libdbusmenu-gtk3.so.4	libdbusmenu
ibus	libdconf.so.1	dconf
ibus	libfontconfig.so.1	fontconfig
ibus	libfreetype.so.6	freetype
ibus	libgdk-3.so.0	gtk+3
ibus	libgdk-x11-2.0.so.0	gtk+2
ibus	libgdk_pixbuf-2.0.so.0	gdk-pixbuf2
ibus	libgio-2.0.so.0	glib2
ibus	libglib-2.0.so.0	aaa_libraries
ibus	libglib-2.0.so.0	glib2
ibus	libgobject-2.0.so.0	aaa_libraries
ibus	libgobject-2.0.so.0	glib2
ibus	libgraphene-1.0.so.0	graphene
ibus	libgthread-2.0.so.0	aaa_libraries
ibus	libgthread-2.0.so.0	glib2
ibus	libgtk-3.so.0	gtk+3
ibus	libgtk-4.so.1	gtk4
ibus	libgtk-x11-2.0.so.0	gtk+2
ibus	libharfbuzz.so.0	harfbuzz
ibus	libm.so.6	aaa_glibc-solibs
ibus	libm.so.6	glibc
ibus	libnotify.so.4	libnotify
ibus	libpango-1.0.so.0	pango
ibus	libpangocairo-1.0.so.0	pango
ibus	libpangoft2-1.0.so.0	pango
ibus	libvulkan.so.1	vulkan-sdk
ibus	libwayland-client.so.0	wayland
ibus	libxkbcommon.so.0	aaa_libraries
ibus	libxkbcommon.so.0	libxkbcommon
ibus	libz.so.1	aaa_libraries
ibus	libz.so.1	zlib
ibus-anthy	libanthy-unicode.so.0	anthy-unicode
ibus-anthy	libanthydic-unicode.so.0	anthy-unicode
ibus-anthy	libc.so.6	aaa_glibc-solibs
ibus-anthy	libc.so.6	glibc
ibus-anthy	libglib-2.0.so.0	aaa_libraries
ibus-anthy	libglib-2.0.so.0	glib2
ibus-anthy	libgobject-2.0.so.0	aaa_libraries
ibus-anthy	libgobject-2.0.so.0	glib2
ibus-hangul	libc.so.6	aaa_glibc-solibs
ibus-hangul	libc.so.6	glibc
ibus-hangul	libgio-2.0.so.0	glib2
ibus-hangul	libglib-2.0.so.0	aaa_libraries
ibus-hangul	libglib-2.0.so.0	glib2
ibus-hangul	libgobject-2.0.so.0	aaa_libraries
ibus-hangul	libgobject-2.0.so.0	glib2
ibus-hangul	libhangul.so.1	libhangul
ibus-hangul	libibus-1.0.so.5	ibus
ibus-kkc	libatk-1.0.so.0	at-spi2-core
ibus-kkc	libc.so.6	aaa_glibc-solibs
ibus-kkc	libc.so.6	glibc
ibus-kkc	libcairo-gobject.so.2	cairo
ibus-kkc	libcairo.so.2	cairo
ibus-kkc	libgdk-3.so.0	gtk+3
ibus-kkc	libgdk_pixbuf-2.0.so.0	gdk-pixbuf2
ibus-kkc	libgee-0.8.so.2	libgee
ibus-kkc	libgio-2.0.so.0	glib2
ibus-kkc	libglib-2.0.so.0	aaa_libraries
ibus-kkc	libglib-2.0.so.0	glib2
ibus-kkc	libgobject-2.0.so.0	aaa_libraries
ibus-kkc	libgobject-2.0.so.0	glib2
ibus-kkc	libgtk-3.so.0	gtk+3
ibus-kkc	libharfbuzz.so.0	harfbuzz
ibus-kkc	libibus-1.0.so.5	ibus
ibus-kkc	libjson-glib-1.0.so.0	json-glib
ibus-kkc	libkkc.so.2	libkkc
ibus-kkc	libpango-1.0.so.0	pango
ibus-kkc	libpangocairo-1.0.so.0	pango
ibus-kkc	libz.so.1	aaa_libraries
ibus-kkc	libz.so.1	zlib
ibus-libpinyin	libc.so.6	aaa_glibc-solibs
ibus-libpinyin	libc.so.6	glibc
ibus-libpinyin	libgcc_s.so.1	aaa_libraries
ibus-libpinyin	libgcc_s.so.1	gcc
ibus-libpinyin	libgdk_pixbuf-2.0.so.0	gdk-pixbuf2
ibus-libpinyin	libgio-2.0.so.0	glib2
ibus-libpinyin	libglib-2.0.so.0	aaa_libraries
ibus-libpinyin	libglib-2.0.so.0	glib2
ibus-libpinyin	libgobject-2.0.so.0	aaa_libraries
ibus-libpinyin	libgobject-2.0.so.0	glib2
ibus-libpinyin	libibus-1.0.so.5	ibus
ibus-libpinyin	liblua.so.5	lua
ibus-libpinyin	libm.so.6	aaa_glibc-solibs
ibus-libpinyin	libm.so.6	glibc
ibus-libpinyin	libnotify.so.4	libnotify
ibus-libpinyin	libopencc.so.1.4	OpenCC
ibus-libpinyin	libpinyin.so.15	libpinyin
ibus-libpinyin	libsqlite3.so.0	sqlite
ibus-libpinyin	libstdc++.so.6	aaa_libraries
ibus-libpinyin	libstdc++.so.6	gcc-g++
ibus-m17n	libc.so.6	aaa_glibc-solibs
ibus-m17n	libc.so.6	glibc
ibus-m17n	libcairo-gobject.so.2	cairo
ibus-m17n	libcairo.so.2	cairo
ibus-m17n	libgdk_pixbuf-2.0.so.0	gdk-pixbuf2
ibus-m17n	libgio-2.0.so.0	glib2
ibus-m17n	libglib-2.0.so.0	aaa_libraries
ibus-m17n	libglib-2.0.so.0	glib2
ibus-m17n	libgobject-2.0.so.0	aaa_libraries
ibus-m17n	libgobject-2.0.so.0	glib2
ibus-m17n	libgraphene-1.0.so.0	graphene
ibus-m17n	libgtk-4.so.1	gtk4
ibus-m17n	libharfbuzz.so.0	harfbuzz
ibus-m17n	libibus-1.0.so.5	ibus
ibus-m17n	libm17n-core.so.0	m17n-lib
ibus-m17n	libm17n.so.0	m17n-lib
ibus-m17n	libpango-1.0.so.0	pango
ibus-m17n	libpangocairo-1.0.so.0	pango
ibus-m17n	libvulkan.so.1	vulkan-sdk
ibus-unikey	libX11.so.6	libX11
ibus-unikey	libatk-1.0.so.0	at-spi2-core
ibus-unikey	libc.so.6	aaa_glibc-solibs
ibus-unikey	libc.so.6	glibc
ibus-unikey	libcairo.so.2	cairo
ibus-unikey	libfontconfig.so.1	fontconfig
ibus-unikey	libfreetype.so.6	freetype
ibus-unikey	libgcc_s.so.1	aaa_libraries
ibus-unikey	libgcc_s.so.1	gcc
ibus-unikey	libgdk-x11-2.0.so.0	gtk+2
ibus-unikey	libgdk_pixbuf-2.0.so.0	gdk-pixbuf2
ibus-unikey	libgio-2.0.so.0	glib2
ibus-unikey	libglib-2.0.so.0	aaa_libraries
ibus-unikey	libglib-2.0.so.0	glib2
ibus-unikey	libgobject-2.0.so.0	aaa_libraries
ibus-unikey	libgobject-2.0.so.0	glib2
ibus-unikey	libgtk-x11-2.0.so.0	gtk+2
ibus-unikey	libharfbuzz.so.0	harfbuzz
ibus-unikey	libibus-1.0.so.5	ibus
ibus-unikey	libm.so.6	aaa_glibc-solibs
ibus-unikey	libm.so.6	glibc
ibus-unikey	libpango-1.0.so.0	pango
ibus-unikey	libpangocairo-1.0.so.0	pango
ibus-unikey	libpangoft2-1.0.so.0	pango
ibus-unikey	libstdc++.so.6	aaa_libraries
ibus-unikey	libstdc++.so.6	gcc-g++
iceauth	libICE.so.6	libICE
iceauth	libc.so.6	aaa_glibc-solibs
iceauth	libc.so.6	glibc
icecream	libarchive.so.13	libarchive
icecream	libc.so.6	aaa_glibc-solibs
icecream	libc.so.6	glibc
icecream	libcap-ng.so.0	libcap-ng
icecream	libgcc_s.so.1	aaa_libraries
icecream	libgcc_s.so.1	gcc
icecream	liblzo2.so.2	lzo
icecream	libm.so.6	aaa_glibc-solibs
icecream	libm.so.6	glibc
icecream	libstdc++.so.6	aaa_libraries
icecream	libstdc++.so.6	gcc-g++
icecream	libzstd.so.1	aaa_libraries
icecream	libzstd.so.1	zstd
icmpinfo	libc.so.6	aaa_glibc-solibs
icmpinfo	libc.so.6	glibc
ico	libX11.so.6	libX11
ico	libc.so.6	aaa_glibc-solibs
ico	libc.so.6	glibc
ico	libm.so.6	aaa_glibc-solibs
ico	libm.so.6	glibc
icu4c	ld-linux-x86-64.so.2	aaa_glibc-solibs
icu4c	ld-linux-x86-64.so.2	glibc
icu4c	libc.so.6	aaa_glibc-solibs
icu4c	libc.so.6	glibc
icu4c	libgcc_s.so.1	aaa_libraries
icu4c	libgcc_s.so.1	gcc
icu4c	libm.so.6	aaa_glibc-solibs
icu4c	libm.so.6	glibc
icu4c	libstdc++.so.6	aaa_libraries
icu4c	libstdc++.so.6	gcc-g++
id3lib	libc.so.6	aaa_glibc-solibs
id3lib	libc.so.6	glibc
id3lib	libgcc_s.so.1	aaa_libraries
id3lib	libgcc_s.so.1	gcc
id3lib	libm.so.6	aaa_glibc-solibs
id3lib	libm.so.6	glibc
id3lib	libstdc++.so.6	aaa_libraries
id3lib	libstdc++.so.6	gcc-g++
id3lib	libz.so.1	aaa_libraries
id3lib	libz.so.1	zlib
iftop	libc.so.6	aaa_glibc-solibs
iftop	libc.so.6	glibc
iftop	libm.so.6	aaa_glibc-solibs
iftop	libm.so.6	glibc
iftop	libncursesw.so.6	aaa_libraries
iftop	libncursesw.so.6	ncurses
iftop	libpcap.so.1	libpcap
iftop	libtinfo.so.6	aaa_libraries
iftop	libtinfo.so.6	ncurses
igt-gpu-tools	ld-linux-x86-64.so.2	aaa_glibc-solibs
igt-gpu-tools	ld-linux-x86-64.so.2	glibc
igt-gpu-tools	libasound.so.2	aaa_libraries
igt-gpu-tools	libasound.so.2	alsa-lib
igt-gpu-tools	libc.so.6	aaa_glibc-solibs
igt-gpu-tools	libc.so.6	glibc
igt-gpu-tools	libcairo.so.2	cairo
igt-gpu-tools	libdrm.so.2	libdrm
igt-gpu-tools	libdrm_amdgpu.so.1	libdrm
igt-gpu-tools	libdrm_nouveau.so.2	libdrm
igt-gpu-tools	libdw.so.1	elfutils
igt-gpu-tools	libglib-2.0.so.0	aaa_libraries
igt-gpu-tools	libglib-2.0.so.0	glib2
igt-gpu-tools	libgsl.so.28	gsl
igt-gpu-tools	libgslcblas.so.0	gsl
igt-gpu-tools	libkmod.so.2	kmod
igt-gpu-tools	libm.so.6	aaa_glibc-solibs
igt-gpu-tools	libm.so.6	glibc
igt-gpu-tools	libpci.so.3	pciutils
igt-gpu-tools	libpciaccess.so.0	libpciaccess
igt-gpu-tools	libpixman-1.so.0	pixman
igt-gpu-tools	libudev.so.1	aaa_libraries
igt-gpu-tools	libudev.so.1	eudev
igt-gpu-tools	libunwind.so.8	aaa_libraries
igt-gpu-tools	libunwind.so.8	libunwind
igt-gpu-tools	libz.so.1	aaa_libraries
igt-gpu-tools	libz.so.1	zlib
imagemagick	libICE.so.6	libICE
imagemagick	libIex-3_5.so.34	openexr
imagemagick	libIlmThread-3_5.so.34	openexr
imagemagick	libImath-3_2.so.30	Imath
imagemagick	libOpenCL.so.1	ocl-icd
imagemagick	libOpenEXR-3_5.so.34	openexr
imagemagick	libOpenEXRCore-3_5.so.34	openexr
imagemagick	libOpenEXRUtil-3_5.so.34	openexr
imagemagick	libSM.so.6	libSM
imagemagick	libX11.so.6	libX11
imagemagick	libXext.so.6	libXext
imagemagick	libXt.so.6	libXt
imagemagick	libbz2.so.1	aaa_libraries
imagemagick	libbz2.so.1	bzip2
imagemagick	libc.so.6	aaa_glibc-solibs
imagemagick	libc.so.6	glibc
imagemagick	libcairo.so.2	cairo
imagemagick	libcdt.so.6	graphviz
imagemagick	libcgraph.so.10	graphviz
imagemagick	libdjvulibre.so.21	djvulibre
imagemagick	libfftw3.so.3	fftw
imagemagick	libfontconfig.so.1	fontconfig
imagemagick	libfreetype.so.6	freetype
imagemagick	libgcc_s.so.1	aaa_libraries
imagemagick	libgcc_s.so.1	gcc
imagemagick	libgdk_pixbuf-2.0.so.0	gdk-pixbuf2
imagemagick	libgio-2.0.so.0	glib2
imagemagick	libglib-2.0.so.0	aaa_libraries
imagemagick	libglib-2.0.so.0	glib2
imagemagick	libgobject-2.0.so.0	aaa_libraries
imagemagick	libgobject-2.0.so.0	glib2
imagemagick	libgomp.so.1	aaa_libraries
imagemagick	libgomp.so.1	gcc
imagemagick	libgvc.so.7	graphviz
imagemagick	libharfbuzz.so.0	harfbuzz
imagemagick	libjpeg.so.62	aaa_libraries
imagemagick	libjpeg.so.62	libjpeg-turbo
imagemagick	libjxl.so.0.12	libjxl
imagemagick	libjxl_threads.so.0.12	libjxl
imagemagick	liblcms2.so.2	lcms2
imagemagick	libltdl.so.7	aaa_libraries
imagemagick	libltdl.so.7	libtool
imagemagick	liblzma.so.5	aaa_libraries
imagemagick	liblzma.so.5	xz
imagemagick	libm.so.6	aaa_glibc-solibs
imagemagick	libm.so.6	glibc
imagemagick	libopenjp2.so.7	openjpeg
imagemagick	libpango-1.0.so.0	pango
imagemagick	libpangocairo-1.0.so.0	pango
imagemagick	libpng16.so.16	aaa_libraries
imagemagick	libpng16.so.16	libpng
imagemagick	libraw_r.so.25	LibRaw
imagemagick	librsvg-2.so.2	librsvg
imagemagick	libstdc++.so.6	aaa_libraries
imagemagick	libstdc++.so.6	gcc-g++
imagemagick	libtiff.so.6	aaa_libraries
imagemagick	libtiff.so.6	libtiff
imagemagick	libwebp.so.7	libwebp
imagemagick	libwebpdemux.so.2	libwebp
imagemagick	libwebpmux.so.3	libwebp
imagemagick	libwmflite-0.2.so.7	libwmf
imagemagick	libxml2.so.16	libxml2
imagemagick	libz.so.1	aaa_libraries
imagemagick	libz.so.1	zlib
imagemagick	libzip.so.5	libzip
imake	libc.so.6	aaa_glibc-solibs
imake	libc.so.6	glibc
incidenceeditor	libGLX.so.0	libglvnd
incidenceeditor	libKF6CalendarCore.so.6	kcalendarcore
incidenceeditor	libKF6Codecs.so.6	kcodecs
incidenceeditor	libKF6ColorScheme.so.6	kcolorscheme
incidenceeditor	libKF6Completion.so.6	kcompletion
incidenceeditor	libKF6ConfigCore.so.6	kconfig
incidenceeditor	libKF6ConfigGui.so.6	kconfig
incidenceeditor	libKF6ConfigWidgets.so.6	kconfigwidgets
incidenceeditor	libKF6Contacts.so.6	kcontacts
incidenceeditor	libKF6CoreAddons.so.6	kcoreaddons
incidenceeditor	libKF6GuiAddons.so.6	kguiaddons
incidenceeditor	libKF6Holidays.so.6	kholidays
incidenceeditor	libKF6I18n.so.6	ki18n
incidenceeditor	libKF6IconThemes.so.6	kiconthemes
incidenceeditor	libKF6ItemModels.so.6	kitemmodels
incidenceeditor	libKF6JobWidgets.so.6	kjobwidgets
incidenceeditor	libKF6KIOCore.so.6	kio
incidenceeditor	libKF6KIOGui.so.6	kio
incidenceeditor	libKF6KIOWidgets.so.6	kio
incidenceeditor	libKF6Mime.so.6	kmime
incidenceeditor	libKF6Service.so.6	kservice
incidenceeditor	libKF6SonnetUi.so.6	sonnet
incidenceeditor	libKF6SyntaxHighlighting.so.6	syntax-highlighting
incidenceeditor	libKF6TextAddonsWidgets.so.1	ktextaddons
incidenceeditor	libKF6TextAutoCorrectionCore.so.1	ktextaddons
incidenceeditor	libKF6TextAutoCorrectionWidgets.so.1	ktextaddons
incidenceeditor	libKF6TextCustomEditor.so.1	ktextaddons
incidenceeditor	libKF6TextTemplate.so.6	ktexttemplate
incidenceeditor	libKF6TextWidgets.so.6	ktextwidgets
incidenceeditor	libKF6WidgetsAddons.so.6	kwidgetsaddons
incidenceeditor	libKF6XmlGui.so.6	kxmlgui
incidenceeditor	libKGantt6.so.3	kdiagram
incidenceeditor	libKPim6AkonadiCalendar.so.6	akonadi-calendar
incidenceeditor	libKPim6AkonadiCalendarCore.so.6	akonadi-calendar
incidenceeditor	libKPim6AkonadiContactCore.so.6	akonadi-contacts
incidenceeditor	libKPim6AkonadiContactWidgets.so.6	akonadi-contacts
incidenceeditor	libKPim6AkonadiCore.so.6	akonadi
incidenceeditor	libKPim6AkonadiMime.so.6	akonadi-mime
incidenceeditor	libKPim6AkonadiPrivate.so.6	akonadi
incidenceeditor	libKPim6AkonadiWidgets.so.6	akonadi
incidenceeditor	libKPim6CalendarSupport.so.6	calendarsupport
incidenceeditor	libKPim6CalendarUtils.so.6	kcalutils
incidenceeditor	libKPim6EventViews.so.6	eventviews
incidenceeditor	libKPim6GrantleeTheme.so.6	grantleetheme
incidenceeditor	libKPim6IMAP.so.6	kimap
incidenceeditor	libKPim6IdentityManagementCore.so.6	kidentitymanagement
incidenceeditor	libKPim6LdapCore.so.6	kldap
incidenceeditor	libKPim6LdapWidgets.so.6	kldap
incidenceeditor	libKPim6Libkdepim.so.6	libkdepim
incidenceeditor	libKPim6PimCommon.so.6	pimcommon
incidenceeditor	libKPim6PimCommonAkonadi.so.6	pimcommon
incidenceeditor	libKPim6TextEdit.so.6	kpimtextedit
incidenceeditor	libOpenGL.so.0	libglvnd
incidenceeditor	libQt6Core.so.6	qt6
incidenceeditor	libQt6DBus.so.6	qt6
incidenceeditor	libQt6Gui.so.6	qt6
incidenceeditor	libQt6Network.so.6	qt6
incidenceeditor	libQt6PrintSupport.so.6	qt6
incidenceeditor	libQt6Widgets.so.6	qt6
incidenceeditor	libQt6Xml.so.6	qt6
incidenceeditor	libc.so.6	aaa_glibc-solibs
incidenceeditor	libc.so.6	glibc
incidenceeditor	libgcc_s.so.1	aaa_libraries
incidenceeditor	libgcc_s.so.1	gcc
incidenceeditor	libm.so.6	aaa_glibc-solibs
incidenceeditor	libm.so.6	glibc
incidenceeditor	libstdc++.so.6	aaa_libraries
incidenceeditor	libstdc++.so.6	gcc-g++
indent	libc.so.6	aaa_glibc-solibs
indent	libc.so.6	glibc
inetd	libc.so.6	aaa_glibc-solibs
inetd	libc.so.6	glibc
inetd	libtirpc.so.3	aaa_libraries
inetd	libtirpc.so.3	libtirpc
infozip	libbz2.so.1	aaa_libraries
infozip	libbz2.so.1	bzip2
infozip	libc.so.6	aaa_glibc-solibs
infozip	libc.so.6	glibc
inih	libc.so.6	aaa_glibc-solibs
inih	libc.so.6	glibc
inih	libgcc_s.so.1	aaa_libraries
inih	libgcc_s.so.1	gcc
inih	libstdc++.so.6	aaa_libraries
inih	libstdc++.so.6	gcc-g++
iniparser	libc.so.6	aaa_glibc-solibs
iniparser	libc.so.6	glibc
inotify-tools	ld-linux-x86-64.so.2	aaa_glibc-solibs
inotify-tools	ld-linux-x86-64.so.2	glibc
inotify-tools	libc.so.6	aaa_glibc-solibs
inotify-tools	libc.so.6	glibc
inotify-tools	libgcc_s.so.1	aaa_libraries
inotify-tools	libgcc_s.so.1	gcc
intel-gmmlib	libc.so.6	aaa_glibc-solibs
intel-gmmlib	libc.so.6	glibc
intel-gmmlib	libgcc_s.so.1	aaa_libraries
intel-gmmlib	libgcc_s.so.1	gcc
intel-gmmlib	libm.so.6	aaa_glibc-solibs
intel-gmmlib	libm.so.6	glibc
intel-gmmlib	libstdc++.so.6	aaa_libraries
intel-gmmlib	libstdc++.so.6	gcc-g++
intel-media-driver	libc.so.6	aaa_glibc-solibs
intel-media-driver	libc.so.6	glibc
intel-media-driver	libgcc_s.so.1	aaa_libraries
intel-media-driver	libgcc_s.so.1	gcc
intel-media-driver	libigdgmm.so.12	intel-gmmlib
intel-media-driver	libm.so.6	aaa_glibc-solibs
intel-media-driver	libm.so.6	glibc
intel-media-driver	libstdc++.so.6	aaa_libraries
intel-media-driver	libstdc++.so.6	gcc-g++
intel-media-driver	libva.so.2	libva
intel-vaapi-driver	libc.so.6	aaa_glibc-solibs
intel-vaapi-driver	libc.so.6	glibc
intel-vaapi-driver	libdrm.so.2	libdrm
intel-vaapi-driver	libdrm_intel.so.1	libdrm
intel-vaapi-driver	libm.so.6	aaa_glibc-solibs
intel-vaapi-driver	libm.so.6	glibc
iproute2	libc.so.6	aaa_glibc-solibs
iproute2	libc.so.6	glibc
iproute2	libcap.so.2	aaa_libraries
iproute2	libcap.so.2	libcap
iproute2	libdb-4.8.so	aaa_libraries
iproute2	libdb-4.8.so	db48
iproute2	libelf.so.1	aaa_libraries
iproute2	libelf.so.1	elfutils
iproute2	libm.so.6	aaa_glibc-solibs
iproute2	libm.so.6	glibc
iproute2	libmnl.so.0	libmnl
iproute2	libtirpc.so.3	aaa_libraries
iproute2	libtirpc.so.3	libtirpc
iproute2	libxtables.so.12	iptables
ipset	libc.so.6	aaa_glibc-solibs
ipset	libc.so.6	glibc
ipset	libmnl.so.0	libmnl
iptables	libc.so.6	aaa_glibc-solibs
iptables	libc.so.6	glibc
iptables	libm.so.6	aaa_glibc-solibs
iptables	libm.so.6	glibc
iptables	libmnl.so.0	libmnl
iptables	libnetfilter_conntrack.so.3	libnetfilter_conntrack
iptables	libnfnetlink.so.0	libnfnetlink
iptables	libnftnl.so.11	libnftnl
iptables	libpcap.so.1	libpcap
iptraf-ng	libc.so.6	aaa_glibc-solibs
iptraf-ng	libc.so.6	glibc
iptraf-ng	libncursesw.so.6	aaa_libraries
iptraf-ng	libncursesw.so.6	ncurses
iptraf-ng	libpanelw.so.6	aaa_libraries
iptraf-ng	libpanelw.so.6	ncurses
iptraf-ng	libtinfo.so.6	aaa_libraries
iptraf-ng	libtinfo.so.6	ncurses
iputils	libc.so.6	aaa_glibc-solibs
iputils	libc.so.6	glibc
iputils	libcap.so.2	aaa_libraries
iputils	libcap.so.2	libcap
iputils	libidn2.so.0	aaa_libraries
iputils	libidn2.so.0	libidn2
irssi	libc.so.6	aaa_glibc-solibs
irssi	libc.so.6	glibc
irssi	libcrypt.so.2	aaa_glibc-solibs
irssi	libcrypt.so.2	glibc
irssi	libcrypto.so.3	openssl
irssi	libcrypto.so.3	openssl-solibs
irssi	libglib-2.0.so.0	aaa_libraries
irssi	libglib-2.0.so.0	glib2
irssi	libgmodule-2.0.so.0	aaa_libraries
irssi	libgmodule-2.0.so.0	glib2
irssi	libm.so.6	aaa_glibc-solibs
irssi	libm.so.6	glibc
irssi	libssl.so.3	openssl
irssi	libssl.so.3	openssl-solibs
irssi	libtinfo.so.6	aaa_libraries
irssi	libtinfo.so.6	ncurses
irssi	libutf8proc.so.3	utf8proc
isl	libc.so.6	aaa_glibc-solibs
isl	libc.so.6	glibc
isl	libgmp.so.10	aaa_libraries
isl	libgmp.so.10	gmp
isoimagewriter	libGLX.so.0	libglvnd
isoimagewriter	libKF6Archive.so.6	karchive
isoimagewriter	libKF6CoreAddons.so.6	kcoreaddons
isoimagewriter	libKF6Crash.so.6	kcrash
isoimagewriter	libKF6I18n.so.6	ki18n
isoimagewriter	libKF6IconThemes.so.6	kiconthemes
isoimagewriter	libKF6IconWidgets.so.6	kiconthemes
isoimagewriter	libKF6Solid.so.6	solid
isoimagewriter	libKF6WidgetsAddons.so.6	kwidgetsaddons
isoimagewriter	libOpenGL.so.0	libglvnd
isoimagewriter	libQt6Core.so.6	qt6
isoimagewriter	libQt6DBus.so.6	qt6
isoimagewriter	libQt6Gui.so.6	qt6
isoimagewriter	libQt6Network.so.6	qt6
isoimagewriter	libQt6Test.so.6	qt6
isoimagewriter	libQt6Widgets.so.6	qt6
isoimagewriter	libc.so.6	aaa_glibc-solibs
isoimagewriter	libc.so.6	glibc
isoimagewriter	libgcc_s.so.1	aaa_libraries
isoimagewriter	libgcc_s.so.1	gcc
isoimagewriter	libgpg-error.so.0	aaa_libraries
isoimagewriter	libgpg-error.so.0	libgpg-error
isoimagewriter	libgpgme.so.45	gpgme
isoimagewriter	libgpgmepp.so.7	gpgmepp
isoimagewriter	libm.so.6	aaa_glibc-solibs
isoimagewriter	libm.so.6	glibc
isoimagewriter	libqgpgmeqt6.so.15	qgpgme
isoimagewriter	libstdc++.so.6	aaa_libraries
isoimagewriter	libstdc++.so.6	gcc-g++
ispell	libc.so.6	aaa_glibc-solibs
ispell	libc.so.6	glibc
ispell	libncursesw.so.6	aaa_libraries
ispell	libncursesw.so.6	ncurses
ispell	libtinfo.so.6	aaa_libraries
ispell	libtinfo.so.6	ncurses
itinerary	libGLX.so.0	libglvnd
itinerary	libKF6CalendarCore.so.6	kcalendarcore
itinerary	libKF6ConfigCore.so.6	kconfig
itinerary	libKF6Contacts.so.6	kcontacts
itinerary	libKF6CoreAddons.so.6	kcoreaddons
itinerary	libKF6Crash.so.6	kcrash
itinerary	libKF6DBusAddons.so.6	kdbusaddons
itinerary	libKF6FileMetaData.so.3	kfilemetadata
itinerary	libKF6Holidays.so.6	kholidays
itinerary	libKF6I18n.so.6	ki18n
itinerary	libKF6I18nLocaleData.so.6	ki18n
itinerary	libKF6I18nQml.so.6	ki18n
itinerary	libKF6KIOCore.so.6	kio
itinerary	libKF6KIOGui.so.6	kio
itinerary	libKF6Mime.so.6	kmime
itinerary	libKF6Notifications.so.6	knotifications
itinerary	libKF6Service.so.6	kservice
itinerary	libKF6UnitConversion.so.6	kunitconversion
itinerary	libKF6WindowSystem.so.6	kwindowsystem
itinerary	libKHealthCertificate.so.1	khealthcertificate
itinerary	libKOSM.so.1	kosmindoormap
itinerary	libKOSMIndoorMap.so.1	kosmindoormap
itinerary	libKPim6Itinerary.so.6	kitinerary
itinerary	libKPim6PkPass.so.6	kpkpass
itinerary	libKPublicTransport.so.1	kpublictransport
itinerary	libKPublicTransportOnboard.so.1	kpublictransport
itinerary	libOpenGL.so.0	libglvnd
itinerary	libQCoro6Core.so.0	qcoro
itinerary	libQCoro6Network.so.0	qcoro
itinerary	libQt6Core.so.6	qt6
itinerary	libQt6DBus.so.6	qt6
itinerary	libQt6Gui.so.6	qt6
itinerary	libQt6Network.so.6	qt6
itinerary	libQt6OpenGL.so.6	qt6
itinerary	libQt6Positioning.so.6	qt6
itinerary	libQt6Qml.so.6	qt6
itinerary	libQt6Quick.so.6	qt6
itinerary	libQt6QuickControls2.so.6	qt6
itinerary	libQt6Sql.so.6	qt6
itinerary	libQt6Widgets.so.6	qt6
itinerary	libQuotientQt6.so.0.9	libQuotient
itinerary	libX11.so.6	libX11
itinerary	libc.so.6	aaa_glibc-solibs
itinerary	libc.so.6	glibc
itinerary	libgcc_s.so.1	aaa_libraries
itinerary	libgcc_s.so.1	gcc
itinerary	libm.so.6	aaa_glibc-solibs
itinerary	libm.so.6	glibc
itinerary	libolm.so.3	olm
itinerary	libqt6keychain.so.1	qtkeychain
itinerary	libstdc++.so.6	aaa_libraries
itinerary	libstdc++.so.6	gcc-g++
itinerary	libz.so.1	aaa_libraries
itinerary	libz.so.1	zlib
iucode_tool	libc.so.6	aaa_glibc-solibs
iucode_tool	libc.so.6	glibc
iw	libc.so.6	aaa_glibc-solibs
iw	libc.so.6	glibc
iw	libnl-3.so.200	libnl3
iw	libnl-genl-3.so.200	libnl3
jansson	libc.so.6	aaa_glibc-solibs
jansson	libc.so.6	glibc
jasper	ld-linux-x86-64.so.2	aaa_glibc-solibs
jasper	ld-linux-x86-64.so.2	glibc
jasper	libGLU.so.1	glu
jasper	libGLX.so.0	libglvnd
jasper	libOpenGL.so.0	libglvnd
jasper	libXi.so.6	libXi
jasper	libXmu.so.6	libXmu
jasper	libc.so.6	aaa_glibc-solibs
jasper	libc.so.6	glibc
jasper	libglut.so.3	freeglut
jasper	libjpeg.so.62	aaa_libraries
jasper	libjpeg.so.62	libjpeg-turbo
jasper	libm.so.6	aaa_glibc-solibs
jasper	libm.so.6	glibc
jed	libc.so.6	aaa_glibc-solibs
jed	libc.so.6	glibc
jed	libgpm.so.2	aaa_libraries
jed	libgpm.so.2	gpm
jed	libm.so.6	aaa_glibc-solibs
jed	libm.so.6	glibc
jed	libslang.so.2	aaa_libraries
jed	libslang.so.2	slang
jemalloc	libc.so.6	aaa_glibc-solibs
jemalloc	libc.so.6	glibc
jemalloc	libm.so.6	aaa_glibc-solibs
jemalloc	libm.so.6	glibc
jfsutils	libc.so.6	aaa_glibc-solibs
jfsutils	libc.so.6	glibc
jfsutils	libuuid.so.1	util-linux
jmtpfs	libc.so.6	aaa_glibc-solibs
jmtpfs	libc.so.6	glibc
jmtpfs	libfuse.so.2	aaa_libraries
jmtpfs	libfuse.so.2	fuse
jmtpfs	libgcc_s.so.1	aaa_libraries
jmtpfs	libgcc_s.so.1	gcc
jmtpfs	libm.so.6	aaa_glibc-solibs
jmtpfs	libm.so.6	glibc
jmtpfs	libmagic.so.1	file
jmtpfs	libmtp.so.9	libmtp
jmtpfs	libstdc++.so.6	aaa_libraries
jmtpfs	libstdc++.so.6	gcc-g++
joe	libc.so.6	aaa_glibc-solibs
joe	libc.so.6	glibc
joe	libm.so.6	aaa_glibc-solibs
joe	libm.so.6	glibc
joe	libncursesw.so.6	aaa_libraries
joe	libncursesw.so.6	ncurses
joe	libtinfo.so.6	aaa_libraries
joe	libtinfo.so.6	ncurses
jove	libc.so.6	aaa_glibc-solibs
jove	libc.so.6	glibc
jq	ld-linux-x86-64.so.2	aaa_glibc-solibs
jq	ld-linux-x86-64.so.2	glibc
jq	libc.so.6	aaa_glibc-solibs
jq	libc.so.6	glibc
jq	libm.so.6	aaa_glibc-solibs
jq	libm.so.6	glibc
jq	libonig.so.5	oniguruma
json-c	ld-linux-x86-64.so.2	aaa_glibc-solibs
json-c	ld-linux-x86-64.so.2	glibc
json-c	libc.so.6	aaa_glibc-solibs
json-c	libc.so.6	glibc
json-c	libm.so.6	aaa_glibc-solibs
json-c	libm.so.6	glibc
json-glib	libc.so.6	aaa_glibc-solibs
json-glib	libc.so.6	glibc
json-glib	libgio-2.0.so.0	glib2
json-glib	libglib-2.0.so.0	aaa_libraries
json-glib	libglib-2.0.so.0	glib2
json-glib	libgobject-2.0.so.0	aaa_libraries
json-glib	libgobject-2.0.so.0	glib2
judy	libc.so.6	aaa_glibc-solibs
judy	libc.so.6	glibc
juk	libGLX.so.0	libglvnd
juk	libKF6Bookmarks.so.6	kbookmarks
juk	libKF6ColorScheme.so.6	kcolorscheme
juk	libKF6Completion.so.6	kcompletion
juk	libKF6ConfigCore.so.6	kconfig
juk	libKF6ConfigGui.so.6	kconfig
juk	libKF6ConfigWidgets.so.6	kconfigwidgets
juk	libKF6CoreAddons.so.6	kcoreaddons
juk	libKF6Crash.so.6	kcrash
juk	libKF6DBusAddons.so.6	kdbusaddons
juk	libKF6GlobalAccel.so.6	kglobalaccel
juk	libKF6GuiAddons.so.6	kguiaddons
juk	libKF6I18n.so.6	ki18n
juk	libKF6IconThemes.so.6	kiconthemes
juk	libKF6ItemViews.so.6	kitemviews
juk	libKF6JobWidgets.so.6	kjobwidgets
juk	libKF6KIOCore.so.6	kio
juk	libKF6KIOFileWidgets.so.6	kio
juk	libKF6KIOGui.so.6	kio
juk	libKF6KIOWidgets.so.6	kio
juk	libKF6Notifications.so.6	knotifications
juk	libKF6Service.so.6	kservice
juk	libKF6Solid.so.6	solid
juk	libKF6SonnetUi.so.6	sonnet
juk	libKF6StatusNotifierItem.so.6	kstatusnotifieritem
juk	libKF6TextWidgets.so.6	ktextwidgets
juk	libKF6Wallet.so.6	kwallet
juk	libKF6WidgetsAddons.so.6	kwidgetsaddons
juk	libKF6WindowSystem.so.6	kwindowsystem
juk	libKF6XmlGui.so.6	kxmlgui
juk	libOpenGL.so.0	libglvnd
juk	libQt6Concurrent.so.6	qt6
juk	libQt6Core.so.6	qt6
juk	libQt6DBus.so.6	qt6
juk	libQt6Gui.so.6	qt6
juk	libQt6Multimedia.so.6	qt6
juk	libQt6Network.so.6	qt6
juk	libQt6Svg.so.6	qt6
juk	libQt6Widgets.so.6	qt6
juk	libQt6Xml.so.6	qt6
juk	libX11.so.6	libX11
juk	libc.so.6	aaa_glibc-solibs
juk	libc.so.6	glibc
juk	libgcc_s.so.1	aaa_libraries
juk	libgcc_s.so.1	gcc
juk	libm.so.6	aaa_glibc-solibs
juk	libm.so.6	glibc
juk	libstdc++.so.6	aaa_libraries
juk	libstdc++.so.6	gcc-g++
juk	libtag.so.2	taglib
k3b	libFLAC++.so.11	flac
k3b	libFLAC.so.14	flac
k3b	libGLX.so.0	libglvnd
k3b	libKCddb6.so.5	libkcddb
k3b	libKF6Archive.so.6	karchive
k3b	libKF6Attica.so.6	attica
k3b	libKF6AuthCore.so.6	kauth
k3b	libKF6Bookmarks.so.6	kbookmarks
k3b	libKF6BookmarksWidgets.so.6	kbookmarks
k3b	libKF6ColorScheme.so.6	kcolorscheme
k3b	libKF6Completion.so.6	kcompletion
k3b	libKF6ConfigCore.so.6	kconfig
k3b	libKF6ConfigGui.so.6	kconfig
k3b	libKF6ConfigWidgets.so.6	kconfigwidgets
k3b	libKF6CoreAddons.so.6	kcoreaddons
k3b	libKF6FileMetaData.so.3	kfilemetadata
k3b	libKF6GuiAddons.so.6	kguiaddons
k3b	libKF6I18n.so.6	ki18n
k3b	libKF6IconThemes.so.6	kiconthemes
k3b	libKF6ItemViews.so.6	kitemviews
k3b	libKF6JobWidgets.so.6	kjobwidgets
k3b	libKF6KCMUtils.so.6	kcmutils
k3b	libKF6KCMUtilsCore.so.6	kcmutils
k3b	libKF6KCMUtilsQuick.so.6	kcmutils
k3b	libKF6KIOCore.so.6	kio
k3b	libKF6KIOFileWidgets.so.6	kio
k3b	libKF6KIOGui.so.6	kio
k3b	libKF6KIOWidgets.so.6	kio
k3b	libKF6NewStuffCore.so.6	knewstuff
k3b	libKF6NewStuffWidgets.so.6	knewstuff
k3b	libKF6Notifications.so.6	knotifications
k3b	libKF6NotifyConfig.so.6	knotifyconfig
k3b	libKF6Service.so.6	kservice
k3b	libKF6Solid.so.6	solid
k3b	libKF6WidgetsAddons.so.6	kwidgetsaddons
k3b	libKF6XmlGui.so.6	kxmlgui
k3b	libOpenGL.so.0	libglvnd
k3b	libQt6Core.so.6	qt6
k3b	libQt6DBus.so.6	qt6
k3b	libQt6Gui.so.6	qt6
k3b	libQt6Network.so.6	qt6
k3b	libQt6OpenGL.so.6	qt6
k3b	libQt6Positioning.so.6	qt6
k3b	libQt6PrintSupport.so.6	qt6
k3b	libQt6Qml.so.6	qt6
k3b	libQt6Quick.so.6	qt6
k3b	libQt6WebChannel.so.6	qt6
k3b	libQt6WebEngineCore.so.6	qt6
k3b	libQt6WebEngineWidgets.so.6	qt6
k3b	libQt6Widgets.so.6	qt6
k3b	libQt6Xml.so.6	qt6
k3b	libavcodec.so.63	ffmpeg
k3b	libavformat.so.63	ffmpeg
k3b	libavutil.so.61	ffmpeg
k3b	libc.so.6	aaa_glibc-solibs
k3b	libc.so.6	glibc
k3b	libdvdread.so.8	libdvdread
k3b	libgcc_s.so.1	aaa_libraries
k3b	libgcc_s.so.1	gcc
k3b	libm.so.6	aaa_glibc-solibs
k3b	libm.so.6	glibc
k3b	libmad.so.0	libmad
k3b	libmp3lame.so.0	lame
k3b	libogg.so.0	libogg
k3b	libsamplerate.so.0	libsamplerate
k3b	libsndfile.so.1	libsndfile
k3b	libstdc++.so.6	aaa_libraries
k3b	libstdc++.so.6	gcc-g++
k3b	libtag.so.2	taglib
k3b	libvorbis.so.0	libvorbis
k3b	libvorbisenc.so.2	libvorbis
k3b	libvorbisfile.so.3	libvorbis
kColorPicker	libGLX.so.0	libglvnd
kColorPicker	libOpenGL.so.0	libglvnd
kColorPicker	libQt6Core.so.6	qt6
kColorPicker	libQt6Gui.so.6	qt6
kColorPicker	libQt6Widgets.so.6	qt6
kColorPicker	libc.so.6	aaa_glibc-solibs
kColorPicker	libc.so.6	glibc
kColorPicker	libgcc_s.so.1	aaa_libraries
kColorPicker	libgcc_s.so.1	gcc
kColorPicker	libm.so.6	aaa_glibc-solibs
kColorPicker	libm.so.6	glibc
kColorPicker	libstdc++.so.6	aaa_libraries
kColorPicker	libstdc++.so.6	gcc-g++
kImageAnnotator	libGLX.so.0	libglvnd
kImageAnnotator	libOpenGL.so.0	libglvnd
kImageAnnotator	libQt6Core.so.6	qt6
kImageAnnotator	libQt6Gui.so.6	qt6
kImageAnnotator	libQt6Svg.so.6	qt6
kImageAnnotator	libQt6Widgets.so.6	qt6
kImageAnnotator	libX11.so.6	libX11
kImageAnnotator	libc.so.6	aaa_glibc-solibs
kImageAnnotator	libc.so.6	glibc
kImageAnnotator	libgcc_s.so.1	aaa_libraries
kImageAnnotator	libgcc_s.so.1	gcc
kImageAnnotator	libkColorPicker.so.0	kColorPicker
kImageAnnotator	libm.so.6	aaa_glibc-solibs
kImageAnnotator	libm.so.6	glibc
kImageAnnotator	libstdc++.so.6	aaa_libraries
kImageAnnotator	libstdc++.so.6	gcc-g++
kactivities-stats5	libKF5Activities.so.5	kactivities5
kactivities-stats5	libKF5ConfigCore.so.5	kconfig5
kactivities-stats5	libQt5Core.so.5	qt5
kactivities-stats5	libQt5DBus.so.5	qt5
kactivities-stats5	libQt5Sql.so.5	qt5
kactivities-stats5	libc.so.6	aaa_glibc-solibs
kactivities-stats5	libc.so.6	glibc
kactivities-stats5	libgcc_s.so.1	aaa_libraries
kactivities-stats5	libgcc_s.so.1	gcc
kactivities-stats5	libm.so.6	aaa_glibc-solibs
kactivities-stats5	libm.so.6	glibc
kactivities-stats5	libstdc++.so.6	aaa_libraries
kactivities-stats5	libstdc++.so.6	gcc-g++
kactivities5	libKF5ConfigCore.so.5	kconfig5
kactivities5	libKF5CoreAddons.so.5	kcoreaddons5
kactivities5	libQt5Core.so.5	qt5
kactivities5	libQt5DBus.so.5	qt5
kactivities5	libQt5Gui.so.5	qt5
kactivities5	libQt5Network.so.5	qt5
kactivities5	libQt5Qml.so.5	qt5
kactivities5	libQt5QmlModels.so.5	qt5
kactivities5	libQt5Quick.so.5	qt5
kactivities5	libQt5Sql.so.5	qt5
kactivities5	libc.so.6	aaa_glibc-solibs
kactivities5	libc.so.6	glibc
kactivities5	libgcc_s.so.1	aaa_libraries
kactivities5	libgcc_s.so.1	gcc
kactivities5	libm.so.6	aaa_glibc-solibs
kactivities5	libm.so.6	glibc
kactivities5	libstdc++.so.6	aaa_libraries
kactivities5	libstdc++.so.6	gcc-g++
kactivitymanagerd	libGLX.so.0	libglvnd
kactivitymanagerd	libKF6ColorScheme.so.6	kcolorscheme
kactivitymanagerd	libKF6ConfigCore.so.6	kconfig
kactivitymanagerd	libKF6ConfigGui.so.6	kconfig
kactivitymanagerd	libKF6ConfigWidgets.so.6	kconfigwidgets
kactivitymanagerd	libKF6CoreAddons.so.6	kcoreaddons
kactivitymanagerd	libKF6Crash.so.6	kcrash
kactivitymanagerd	libKF6DBusAddons.so.6	kdbusaddons
kactivitymanagerd	libKF6GlobalAccel.so.6	kglobalaccel
kactivitymanagerd	libKF6GuiAddons.so.6	kguiaddons
kactivitymanagerd	libKF6I18n.so.6	ki18n
kactivitymanagerd	libKF6KIOCore.so.6	kio
kactivitymanagerd	libKF6Service.so.6	kservice
kactivitymanagerd	libKF6WidgetsAddons.so.6	kwidgetsaddons
kactivitymanagerd	libKF6XmlGui.so.6	kxmlgui
kactivitymanagerd	libOpenGL.so.0	libglvnd
kactivitymanagerd	libQt6Core.so.6	qt6
kactivitymanagerd	libQt6DBus.so.6	qt6
kactivitymanagerd	libQt6Gui.so.6	qt6
kactivitymanagerd	libQt6Network.so.6	qt6
kactivitymanagerd	libQt6Sql.so.6	qt6
kactivitymanagerd	libQt6Widgets.so.6	qt6
kactivitymanagerd	libQt6Xml.so.6	qt6
kactivitymanagerd	libc.so.6	aaa_glibc-solibs
kactivitymanagerd	libc.so.6	glibc
kactivitymanagerd	libgcc_s.so.1	aaa_libraries
kactivitymanagerd	libgcc_s.so.1	gcc
kactivitymanagerd	libm.so.6	aaa_glibc-solibs
kactivitymanagerd	libm.so.6	glibc
kactivitymanagerd	libstdc++.so.6	aaa_libraries
kactivitymanagerd	libstdc++.so.6	gcc-g++
kaddressbook	libGLX.so.0	libglvnd
kaddressbook	libKF6ColorScheme.so.6	kcolorscheme
kaddressbook	libKF6Completion.so.6	kcompletion
kaddressbook	libKF6ConfigCore.so.6	kconfig
kaddressbook	libKF6ConfigGui.so.6	kconfig
kaddressbook	libKF6ConfigWidgets.so.6	kconfigwidgets
kaddressbook	libKF6Contacts.so.6	kcontacts
kaddressbook	libKF6CoreAddons.so.6	kcoreaddons
kaddressbook	libKF6Crash.so.6	kcrash
kaddressbook	libKF6GuiAddons.so.6	kguiaddons
kaddressbook	libKF6I18n.so.6	ki18n
kaddressbook	libKF6IconThemes.so.6	kiconthemes
kaddressbook	libKF6ItemModels.so.6	kitemmodels
kaddressbook	libKF6JobWidgets.so.6	kjobwidgets
kaddressbook	libKF6KCMUtils.so.6	kcmutils
kaddressbook	libKF6KCMUtilsCore.so.6	kcmutils
kaddressbook	libKF6KCMUtilsQuick.so.6	kcmutils
kaddressbook	libKF6KIOCore.so.6	kio
kaddressbook	libKF6KIOGui.so.6	kio
kaddressbook	libKF6KIOWidgets.so.6	kio
kaddressbook	libKF6Mime.so.6	kmime
kaddressbook	libKF6Parts.so.6	kparts
kaddressbook	libKF6Service.so.6	kservice
kaddressbook	libKF6SonnetUi.so.6	sonnet
kaddressbook	libKF6SyntaxHighlighting.so.6	syntax-highlighting
kaddressbook	libKF6TextAddonsWidgets.so.1	ktextaddons
kaddressbook	libKF6TextAutoCorrectionCore.so.1	ktextaddons
kaddressbook	libKF6TextAutoCorrectionWidgets.so.1	ktextaddons
kaddressbook	libKF6TextCustomEditor.so.1	ktextaddons
kaddressbook	libKF6TextTemplate.so.6	ktexttemplate
kaddressbook	libKF6WidgetsAddons.so.6	kwidgetsaddons
kaddressbook	libKF6XmlGui.so.6	kxmlgui
kaddressbook	libKPim6AkonadiContactCore.so.6	akonadi-contacts
kaddressbook	libKPim6AkonadiContactWidgets.so.6	akonadi-contacts
kaddressbook	libKPim6AkonadiCore.so.6	akonadi
kaddressbook	libKPim6AkonadiPrivate.so.6	akonadi
kaddressbook	libKPim6AkonadiSearchDebug.so.6	akonadi-search
kaddressbook	libKPim6AkonadiWidgets.so.6	akonadi
kaddressbook	libKPim6GrantleeTheme.so.6	grantleetheme
kaddressbook	libKPim6IMAP.so.6	kimap
kaddressbook	libKPim6KontactInterface.so.6	kontactinterface
kaddressbook	libKPim6LdapCore.so.6	kldap
kaddressbook	libKPim6LdapWidgets.so.6	kldap
kaddressbook	libKPim6Libkdepim.so.6	libkdepim
kaddressbook	libKPim6PimCommon.so.6	pimcommon
kaddressbook	libKPim6PimCommonActivities.so.6	pimcommon
kaddressbook	libKPim6PimCommonAkonadi.so.6	pimcommon
kaddressbook	libOpenGL.so.0	libglvnd
kaddressbook	libPlasmaActivities.so.7	plasma-activities
kaddressbook	libQt6Core.so.6	qt6
kaddressbook	libQt6DBus.so.6	qt6
kaddressbook	libQt6Gui.so.6	qt6
kaddressbook	libQt6Network.so.6	qt6
kaddressbook	libQt6PrintSupport.so.6	qt6
kaddressbook	libQt6Qml.so.6	qt6
kaddressbook	libQt6Widgets.so.6	qt6
kaddressbook	libQt6Xml.so.6	qt6
kaddressbook	libc.so.6	aaa_glibc-solibs
kaddressbook	libc.so.6	glibc
kaddressbook	libgcc_s.so.1	aaa_libraries
kaddressbook	libgcc_s.so.1	gcc
kaddressbook	libm.so.6	aaa_glibc-solibs
kaddressbook	libm.so.6	glibc
kaddressbook	libstdc++.so.6	aaa_libraries
kaddressbook	libstdc++.so.6	gcc-g++
kalarm	libGLX.so.0	libglvnd
kalarm	libKF6AuthCore.so.6	kauth
kalarm	libKF6Bookmarks.so.6	kbookmarks
kalarm	libKF6CalendarCore.so.6	kcalendarcore
kalarm	libKF6Codecs.so.6	kcodecs
kalarm	libKF6ColorScheme.so.6	kcolorscheme
kalarm	libKF6Completion.so.6	kcompletion
kalarm	libKF6ConfigCore.so.6	kconfig
kalarm	libKF6ConfigGui.so.6	kconfig
kalarm	libKF6ConfigWidgets.so.6	kconfigwidgets
kalarm	libKF6Contacts.so.6	kcontacts
kalarm	libKF6CoreAddons.so.6	kcoreaddons
kalarm	libKF6Crash.so.6	kcrash
kalarm	libKF6DBusAddons.so.6	kdbusaddons
kalarm	libKF6GlobalAccel.so.6	kglobalaccel
kalarm	libKF6GuiAddons.so.6	kguiaddons
kalarm	libKF6Holidays.so.6	kholidays
kalarm	libKF6I18n.so.6	ki18n
kalarm	libKF6IconThemes.so.6	kiconthemes
kalarm	libKF6ItemModels.so.6	kitemmodels
kalarm	libKF6ItemViews.so.6	kitemviews
kalarm	libKF6JobWidgets.so.6	kjobwidgets
kalarm	libKF6KIOCore.so.6	kio
kalarm	libKF6KIOFileWidgets.so.6	kio
kalarm	libKF6KIOGui.so.6	kio
kalarm	libKF6KIOWidgets.so.6	kio
kalarm	libKF6Mime.so.6	kmime
kalarm	libKF6Notifications.so.6	knotifications
kalarm	libKF6NotifyConfig.so.6	knotifyconfig
kalarm	libKF6Service.so.6	kservice
kalarm	libKF6Solid.so.6	solid
kalarm	libKF6SonnetUi.so.6	sonnet
kalarm	libKF6StatusNotifierItem.so.6	kstatusnotifieritem
kalarm	libKF6TextEditTextToSpeech.so.1	ktextaddons
kalarm	libKF6TextTemplate.so.6	ktexttemplate
kalarm	libKF6TextWidgets.so.6	ktextwidgets
kalarm	libKF6WidgetsAddons.so.6	kwidgetsaddons
kalarm	libKF6WindowSystem.so.6	kwindowsystem
kalarm	libKF6XmlGui.so.6	kxmlgui
kalarm	libKPim6AkonadiContactCore.so.6	akonadi-contacts
kalarm	libKPim6AkonadiContactWidgets.so.6	akonadi-contacts
kalarm	libKPim6AkonadiCore.so.6	akonadi
kalarm	libKPim6AkonadiMime.so.6	akonadi-mime
kalarm	libKPim6AkonadiPrivate.so.6	akonadi
kalarm	libKPim6AkonadiWidgets.so.6	akonadi
kalarm	libKPim6CalendarUtils.so.6	kcalutils
kalarm	libKPim6GrantleeTheme.so.6	grantleetheme
kalarm	libKPim6IdentityManagementCore.so.6	kidentitymanagement
kalarm	libKPim6IdentityManagementWidgets.so.6	kidentitymanagement
kalarm	libKPim6MailTransport.so.6	kmailtransport
kalarm	libOpenGL.so.0	libglvnd
kalarm	libQt6Core.so.6	qt6
kalarm	libQt6DBus.so.6	qt6
kalarm	libQt6Gui.so.6	qt6
kalarm	libQt6Multimedia.so.6	qt6
kalarm	libQt6Network.so.6	qt6
kalarm	libQt6TextToSpeech.so.6	qt6
kalarm	libQt6Widgets.so.6	qt6
kalarm	libQt6Xml.so.6	qt6
kalarm	libX11.so.6	libX11
kalarm	libc.so.6	aaa_glibc-solibs
kalarm	libc.so.6	glibc
kalarm	libgcc_s.so.1	aaa_libraries
kalarm	libgcc_s.so.1	gcc
kalarm	libm.so.6	aaa_glibc-solibs
kalarm	libm.so.6	glibc
kalarm	libmpv.so.2	mpv
kalarm	libstdc++.so.6	aaa_libraries
kalarm	libstdc++.so.6	gcc-g++
kalgebra	libAnalitza.so.9	analitza
kalgebra	libAnalitzaGui.so.9	analitza
kalgebra	libAnalitzaPlot.so.9	analitza
kalgebra	libAnalitzaWidgets.so.9	analitza
kalgebra	libGLX.so.0	libglvnd
kalgebra	libKF6ColorScheme.so.6	kcolorscheme
kalgebra	libKF6ConfigCore.so.6	kconfig
kalgebra	libKF6ConfigGui.so.6	kconfig
kalgebra	libKF6ConfigWidgets.so.6	kconfigwidgets
kalgebra	libKF6CoreAddons.so.6	kcoreaddons
kalgebra	libKF6GuiAddons.so.6	kguiaddons
kalgebra	libKF6I18n.so.6	ki18n
kalgebra	libKF6KIOCore.so.6	kio
kalgebra	libKF6WidgetsAddons.so.6	kwidgetsaddons
kalgebra	libKF6XmlGui.so.6	kxmlgui
kalgebra	libOpenGL.so.0	libglvnd
kalgebra	libQt6Core.so.6	qt6
kalgebra	libQt6DBus.so.6	qt6
kalgebra	libQt6Gui.so.6	qt6
kalgebra	libQt6Network.so.6	qt6
kalgebra	libQt6OpenGL.so.6	qt6
kalgebra	libQt6OpenGLWidgets.so.6	qt6
kalgebra	libQt6Positioning.so.6	qt6
kalgebra	libQt6PrintSupport.so.6	qt6
kalgebra	libQt6Qml.so.6	qt6
kalgebra	libQt6Quick.so.6	qt6
kalgebra	libQt6WebChannel.so.6	qt6
kalgebra	libQt6WebEngineCore.so.6	qt6
kalgebra	libQt6WebEngineWidgets.so.6	qt6
kalgebra	libQt6Widgets.so.6	qt6
kalgebra	libQt6Xml.so.6	qt6
kalgebra	libc.so.6	aaa_glibc-solibs
kalgebra	libc.so.6	glibc
kalgebra	libgcc_s.so.1	aaa_libraries
kalgebra	libgcc_s.so.1	gcc
kalgebra	libm.so.6	aaa_glibc-solibs
kalgebra	libm.so.6	glibc
kalgebra	libreadline.so.8	aaa_libraries
kalgebra	libreadline.so.8	readline
kalgebra	libstdc++.so.6	aaa_libraries
kalgebra	libstdc++.so.6	gcc-g++
kalk	libGLX.so.0	libglvnd
kalk	libKF6ConfigCore.so.6	kconfig
kalk	libKF6ConfigGui.so.6	kconfig
kalk	libKF6CoreAddons.so.6	kcoreaddons
kalk	libKF6I18n.so.6	ki18n
kalk	libKF6I18nQml.so.6	ki18n
kalk	libKF6UnitConversion.so.6	kunitconversion
kalk	libOpenGL.so.0	libglvnd
kalk	libQt6Core.so.6	qt6
kalk	libQt6Gui.so.6	qt6
kalk	libQt6Network.so.6	qt6
kalk	libQt6OpenGL.so.6	qt6
kalk	libQt6Qml.so.6	qt6
kalk	libQt6Quick.so.6	qt6
kalk	libQt6QuickControls2.so.6	qt6
kalk	libQt6Widgets.so.6	qt6
kalk	libc.so.6	aaa_glibc-solibs
kalk	libc.so.6	glibc
kalk	libgcc_s.so.1	aaa_libraries
kalk	libgcc_s.so.1	gcc
kalk	libm.so.6	aaa_glibc-solibs
kalk	libm.so.6	glibc
kalk	libqalculate.so.23	libqalculate
kalk	libstdc++.so.6	aaa_libraries
kalk	libstdc++.so.6	gcc-g++
kalm	libGLX.so.0	libglvnd
kalm	libKF6ConfigCore.so.6	kconfig
kalm	libKF6ConfigGui.so.6	kconfig
kalm	libKF6CoreAddons.so.6	kcoreaddons
kalm	libKF6Crash.so.6	kcrash
kalm	libKF6I18n.so.6	ki18n
kalm	libKF6I18nQml.so.6	ki18n
kalm	libOpenGL.so.0	libglvnd
kalm	libQt6Core.so.6	qt6
kalm	libQt6Gui.so.6	qt6
kalm	libQt6Network.so.6	qt6
kalm	libQt6OpenGL.so.6	qt6
kalm	libQt6Qml.so.6	qt6
kalm	libQt6Quick.so.6	qt6
kalm	libQt6QuickControls2.so.6	qt6
kalm	libQt6Widgets.so.6	qt6
kalm	libc.so.6	aaa_glibc-solibs
kalm	libc.so.6	glibc
kalm	libgcc_s.so.1	aaa_libraries
kalm	libgcc_s.so.1	gcc
kalm	libm.so.6	aaa_glibc-solibs
kalm	libm.so.6	glibc
kalm	libstdc++.so.6	aaa_libraries
kalm	libstdc++.so.6	gcc-g++
kalzium	libGLX.so.0	libglvnd
kalzium	libKF6ColorScheme.so.6	kcolorscheme
kalzium	libKF6Completion.so.6	kcompletion
kalzium	libKF6ConfigCore.so.6	kconfig
kalzium	libKF6ConfigGui.so.6	kconfig
kalzium	libKF6ConfigWidgets.so.6	kconfigwidgets
kalzium	libKF6CoreAddons.so.6	kcoreaddons
kalzium	libKF6Crash.so.6	kcrash
kalzium	libKF6GuiAddons.so.6	kguiaddons
kalzium	libKF6I18n.so.6	ki18n
kalzium	libKF6ItemViews.so.6	kitemviews
kalzium	libKF6JobWidgets.so.6	kjobwidgets
kalzium	libKF6KIOCore.so.6	kio
kalzium	libKF6KIOGui.so.6	kio
kalzium	libKF6KIOWidgets.so.6	kio
kalzium	libKF6Plotting.so.6	kplotting
kalzium	libKF6Service.so.6	kservice
kalzium	libKF6SonnetUi.so.6	sonnet
kalzium	libKF6TextWidgets.so.6	ktextwidgets
kalzium	libKF6UnitConversion.so.6	kunitconversion
kalzium	libKF6WidgetsAddons.so.6	kwidgetsaddons
kalzium	libKF6XmlGui.so.6	kxmlgui
kalzium	libOpenGL.so.0	libglvnd
kalzium	libQt6Core.so.6	qt6
kalzium	libQt6Core5Compat.so.6	qt6
kalzium	libQt6DBus.so.6	qt6
kalzium	libQt6Gui.so.6	qt6
kalzium	libQt6Network.so.6	qt6
kalzium	libQt6Qml.so.6	qt6
kalzium	libQt6StateMachine.so.6	qt6
kalzium	libQt6Svg.so.6	qt6
kalzium	libQt6Widgets.so.6	qt6
kalzium	libQt6Xml.so.6	qt6
kalzium	libc.so.6	aaa_glibc-solibs
kalzium	libc.so.6	glibc
kalzium	libgcc_s.so.1	aaa_libraries
kalzium	libgcc_s.so.1	gcc
kalzium	libm.so.6	aaa_glibc-solibs
kalzium	libm.so.6	glibc
kalzium	libstdc++.so.6	aaa_libraries
kalzium	libstdc++.so.6	gcc-g++
kamera	libGLX.so.0	libglvnd
kamera	libKF6ColorScheme.so.6	kcolorscheme
kamera	libKF6ConfigCore.so.6	kconfig
kamera	libKF6ConfigGui.so.6	kconfig
kamera	libKF6ConfigWidgets.so.6	kconfigwidgets
kamera	libKF6CoreAddons.so.6	kcoreaddons
kamera	libKF6GuiAddons.so.6	kguiaddons
kamera	libKF6I18n.so.6	ki18n
kamera	libKF6KCMUtils.so.6	kcmutils
kamera	libKF6KCMUtilsCore.so.6	kcmutils
kamera	libKF6KCMUtilsQuick.so.6	kcmutils
kamera	libKF6KIOCore.so.6	kio
kamera	libKF6WidgetsAddons.so.6	kwidgetsaddons
kamera	libKF6XmlGui.so.6	kxmlgui
kamera	libOpenGL.so.0	libglvnd
kamera	libQt6Core.so.6	qt6
kamera	libQt6DBus.so.6	qt6
kamera	libQt6Gui.so.6	qt6
kamera	libQt6Network.so.6	qt6
kamera	libQt6Qml.so.6	qt6
kamera	libQt6Widgets.so.6	qt6
kamera	libQt6Xml.so.6	qt6
kamera	libc.so.6	aaa_glibc-solibs
kamera	libc.so.6	glibc
kamera	libgcc_s.so.1	aaa_libraries
kamera	libgcc_s.so.1	gcc
kamera	libgphoto2.so.6	libgphoto2
kamera	libgphoto2_port.so.12	libgphoto2
kamera	libm.so.6	aaa_glibc-solibs
kamera	libm.so.6	glibc
kamera	libstdc++.so.6	aaa_libraries
kamera	libstdc++.so.6	gcc-g++
kamoso	libGLX.so.0	libglvnd
kamoso	libKF6Bookmarks.so.6	kbookmarks
kamoso	libKF6Completion.so.6	kcompletion
kamoso	libKF6ConfigCore.so.6	kconfig
kamoso	libKF6ConfigGui.so.6	kconfig
kamoso	libKF6CoreAddons.so.6	kcoreaddons
kamoso	libKF6I18n.so.6	ki18n
kamoso	libKF6ItemViews.so.6	kitemviews
kamoso	libKF6JobWidgets.so.6	kjobwidgets
kamoso	libKF6KIOCore.so.6	kio
kamoso	libKF6KIOFileWidgets.so.6	kio
kamoso	libKF6KIOGui.so.6	kio
kamoso	libKF6KIOWidgets.so.6	kio
kamoso	libKF6Notifications.so.6	knotifications
kamoso	libKF6Service.so.6	kservice
kamoso	libKF6Solid.so.6	solid
kamoso	libKF6WidgetsAddons.so.6	kwidgetsaddons
kamoso	libOpenGL.so.0	libglvnd
kamoso	libQt6Core.so.6	qt6
kamoso	libQt6DBus.so.6	qt6
kamoso	libQt6Gui.so.6	qt6
kamoso	libQt6Network.so.6	qt6
kamoso	libQt6OpenGL.so.6	qt6
kamoso	libQt6Qml.so.6	qt6
kamoso	libQt6Quick.so.6	qt6
kamoso	libQt6Widgets.so.6	qt6
kamoso	libQt6Xml.so.6	qt6
kamoso	libc.so.6	aaa_glibc-solibs
kamoso	libc.so.6	glibc
kamoso	libgcc_s.so.1	aaa_libraries
kamoso	libgcc_s.so.1	gcc
kamoso	libglib-2.0.so.0	aaa_libraries
kamoso	libglib-2.0.so.0	glib2
kamoso	libgobject-2.0.so.0	aaa_libraries
kamoso	libgobject-2.0.so.0	glib2
kamoso	libgstbase-1.0.so.0	gstreamer
kamoso	libgstreamer-1.0.so.0	gstreamer
kamoso	libgstvideo-1.0.so.0	gst-plugins-base
kamoso	libm.so.6	aaa_glibc-solibs
kamoso	libm.so.6	glibc
kamoso	libstdc++.so.6	aaa_libraries
kamoso	libstdc++.so.6	gcc-g++
kanagram	libGLX.so.0	libglvnd
kanagram	libKEduVocDocument.so.5	libkeduvocdocument
kanagram	libKF6Attica.so.6	attica
kanagram	libKF6ColorScheme.so.6	kcolorscheme
kanagram	libKF6ConfigCore.so.6	kconfig
kanagram	libKF6ConfigGui.so.6	kconfig
kanagram	libKF6ConfigWidgets.so.6	kconfigwidgets
kanagram	libKF6CoreAddons.so.6	kcoreaddons
kanagram	libKF6Crash.so.6	kcrash
kanagram	libKF6GuiAddons.so.6	kguiaddons
kanagram	libKF6I18n.so.6	ki18n
kanagram	libKF6NewStuffCore.so.6	knewstuff
kanagram	libKF6NewStuffWidgets.so.6	knewstuff
kanagram	libKF6SonnetCore.so.6	sonnet
kanagram	libKF6WidgetsAddons.so.6	kwidgetsaddons
kanagram	libKF6XmlGui.so.6	kxmlgui
kanagram	libOpenGL.so.0	libglvnd
kanagram	libQt6Core.so.6	qt6
kanagram	libQt6DBus.so.6	qt6
kanagram	libQt6Gui.so.6	qt6
kanagram	libQt6Multimedia.so.6	qt6
kanagram	libQt6Network.so.6	qt6
kanagram	libQt6OpenGL.so.6	qt6
kanagram	libQt6Qml.so.6	qt6
kanagram	libQt6Quick.so.6	qt6
kanagram	libQt6TextToSpeech.so.6	qt6
kanagram	libQt6Widgets.so.6	qt6
kanagram	libQt6Xml.so.6	qt6
kanagram	libc.so.6	aaa_glibc-solibs
kanagram	libc.so.6	glibc
kanagram	libgcc_s.so.1	aaa_libraries
kanagram	libgcc_s.so.1	gcc
kanagram	libm.so.6	aaa_glibc-solibs
kanagram	libm.so.6	glibc
kanagram	libstdc++.so.6	aaa_libraries
kanagram	libstdc++.so.6	gcc-g++
kapman	libGLX.so.0	libglvnd
kapman	libKDEGames6.so.6	libkdegames
kapman	libKF6ColorScheme.so.6	kcolorscheme
kapman	libKF6ConfigCore.so.6	kconfig
kapman	libKF6ConfigGui.so.6	kconfig
kapman	libKF6ConfigWidgets.so.6	kconfigwidgets
kapman	libKF6CoreAddons.so.6	kcoreaddons
kapman	libKF6Crash.so.6	kcrash
kapman	libKF6DBusAddons.so.6	kdbusaddons
kapman	libKF6GuiAddons.so.6	kguiaddons
kapman	libKF6I18n.so.6	ki18n
kapman	libKF6IconThemes.so.6	kiconthemes
kapman	libKF6WidgetsAddons.so.6	kwidgetsaddons
kapman	libKF6XmlGui.so.6	kxmlgui
kapman	libOpenGL.so.0	libglvnd
kapman	libQt6Core.so.6	qt6
kapman	libQt6DBus.so.6	qt6
kapman	libQt6Gui.so.6	qt6
kapman	libQt6Network.so.6	qt6
kapman	libQt6Qml.so.6	qt6
kapman	libQt6Svg.so.6	qt6
kapman	libQt6SvgWidgets.so.6	qt6
kapman	libQt6Widgets.so.6	qt6
kapman	libQt6Xml.so.6	qt6
kapman	libc.so.6	aaa_glibc-solibs
kapman	libc.so.6	glibc
kapman	libgcc_s.so.1	aaa_libraries
kapman	libgcc_s.so.1	gcc
kapman	libm.so.6	aaa_glibc-solibs
kapman	libm.so.6	glibc
kapman	libstdc++.so.6	aaa_libraries
kapman	libstdc++.so.6	gcc-g++
kapptemplate	libGLX.so.0	libglvnd
kapptemplate	libKF6Archive.so.6	karchive
kapptemplate	libKF6ColorScheme.so.6	kcolorscheme
kapptemplate	libKF6ConfigCore.so.6	kconfig
kapptemplate	libKF6ConfigGui.so.6	kconfig
kapptemplate	libKF6ConfigWidgets.so.6	kconfigwidgets
kapptemplate	libKF6CoreAddons.so.6	kcoreaddons
kapptemplate	libKF6I18n.so.6	ki18n
kapptemplate	libKF6IconThemes.so.6	kiconthemes
kapptemplate	libKF6WidgetsAddons.so.6	kwidgetsaddons
kapptemplate	libOpenGL.so.0	libglvnd
kapptemplate	libQt6Core.so.6	qt6
kapptemplate	libQt6Gui.so.6	qt6
kapptemplate	libQt6Network.so.6	qt6
kapptemplate	libQt6OpenGL.so.6	qt6
kapptemplate	libQt6Qml.so.6	qt6
kapptemplate	libQt6Quick.so.6	qt6
kapptemplate	libQt6QuickControls2.so.6	qt6
kapptemplate	libQt6Widgets.so.6	qt6
kapptemplate	libc.so.6	aaa_glibc-solibs
kapptemplate	libc.so.6	glibc
kapptemplate	libgcc_s.so.1	aaa_libraries
kapptemplate	libgcc_s.so.1	gcc
kapptemplate	libm.so.6	aaa_glibc-solibs
kapptemplate	libm.so.6	glibc
kapptemplate	libstdc++.so.6	aaa_libraries
kapptemplate	libstdc++.so.6	gcc-g++
karchive	libQt6Core.so.6	qt6
karchive	libbz2.so.1	aaa_libraries
karchive	libbz2.so.1	bzip2
karchive	libc.so.6	aaa_glibc-solibs
karchive	libc.so.6	glibc
karchive	libcrypto.so.3	openssl
karchive	libcrypto.so.3	openssl-solibs
karchive	libgcc_s.so.1	aaa_libraries
karchive	libgcc_s.so.1	gcc
karchive	liblzma.so.5	aaa_libraries
karchive	liblzma.so.5	xz
karchive	libm.so.6	aaa_glibc-solibs
karchive	libm.so.6	glibc
karchive	libstdc++.so.6	aaa_libraries
karchive	libstdc++.so.6	gcc-g++
karchive	libz.so.1	aaa_libraries
karchive	libz.so.1	zlib
karchive	libzstd.so.1	aaa_libraries
karchive	libzstd.so.1	zstd
karchive5	libQt5Core.so.5	qt5
karchive5	libbz2.so.1	aaa_libraries
karchive5	libbz2.so.1	bzip2
karchive5	libc.so.6	aaa_glibc-solibs
karchive5	libc.so.6	glibc
karchive5	libgcc_s.so.1	aaa_libraries
karchive5	libgcc_s.so.1	gcc
karchive5	liblzma.so.5	aaa_libraries
karchive5	liblzma.so.5	xz
karchive5	libm.so.6	aaa_glibc-solibs
karchive5	libm.so.6	glibc
karchive5	libstdc++.so.6	aaa_libraries
karchive5	libstdc++.so.6	gcc-g++
karchive5	libz.so.1	aaa_libraries
karchive5	libz.so.1	zlib
karchive5	libzstd.so.1	aaa_libraries
karchive5	libzstd.so.1	zstd
kasts	libGLX.so.0	libglvnd
kasts	libKF6BreezeIcons.so.6	breeze-icons
kasts	libKF6ColorScheme.so.6	kcolorscheme
kasts	libKF6ConfigCore.so.6	kconfig
kasts	libKF6ConfigGui.so.6	kconfig
kasts	libKF6CoreAddons.so.6	kcoreaddons
kasts	libKF6Crash.so.6	kcrash
kasts	libKF6DBusAddons.so.6	kdbusaddons
kasts	libKF6I18n.so.6	ki18n
kasts	libKF6I18nQml.so.6	ki18n
kasts	libKF6IconThemes.so.6	kiconthemes
kasts	libKF6Syndication.so.6	syndication
kasts	libKF6ThreadWeaver.so.6	threadweaver
kasts	libKF6WindowSystem.so.6	kwindowsystem
kasts	libKirigami.so.6	kirigami
kasts	libKirigamiPlatform.so.6	kirigami
kasts	libOpenGL.so.0	libglvnd
kasts	libQt6Core.so.6	qt6
kasts	libQt6DBus.so.6	qt6
kasts	libQt6Gui.so.6	qt6
kasts	libQt6Multimedia.so.6	qt6
kasts	libQt6Network.so.6	qt6
kasts	libQt6OpenGL.so.6	qt6
kasts	libQt6Qml.so.6	qt6
kasts	libQt6Quick.so.6	qt6
kasts	libQt6QuickControls2.so.6	qt6
kasts	libQt6Sql.so.6	qt6
kasts	libQt6Svg.so.6	qt6
kasts	libQt6Widgets.so.6	qt6
kasts	libQt6Xml.so.6	qt6
kasts	libX11.so.6	libX11
kasts	libc.so.6	aaa_glibc-solibs
kasts	libc.so.6	glibc
kasts	libgcc_s.so.1	aaa_libraries
kasts	libgcc_s.so.1	gcc
kasts	libglib-2.0.so.0	aaa_libraries
kasts	libglib-2.0.so.0	glib2
kasts	libgobject-2.0.so.0	aaa_libraries
kasts	libgobject-2.0.so.0	glib2
kasts	libgstreamer-1.0.so.0	gstreamer
kasts	libm.so.6	aaa_glibc-solibs
kasts	libm.so.6	glibc
kasts	libqt6keychain.so.1	qtkeychain
kasts	libstdc++.so.6	aaa_libraries
kasts	libstdc++.so.6	gcc-g++
kasts	libtag.so.2	taglib
kate	ld-linux-x86-64.so.2	aaa_glibc-solibs
kate	ld-linux-x86-64.so.2	glibc
kate	libGLX.so.0	libglvnd
kate	libKF6Archive.so.6	karchive
kate	libKF6Attica.so.6	attica
kate	libKF6Bookmarks.so.6	kbookmarks
kate	libKF6BookmarksWidgets.so.6	kbookmarks
kate	libKF6ColorScheme.so.6	kcolorscheme
kate	libKF6Completion.so.6	kcompletion
kate	libKF6ConfigCore.so.6	kconfig
kate	libKF6ConfigGui.so.6	kconfig
kate	libKF6ConfigWidgets.so.6	kconfigwidgets
kate	libKF6CoreAddons.so.6	kcoreaddons
kate	libKF6Crash.so.6	kcrash
kate	libKF6DBusAddons.so.6	kdbusaddons
kate	libKF6GuiAddons.so.6	kguiaddons
kate	libKF6I18n.so.6	ki18n
kate	libKF6IconThemes.so.6	kiconthemes
kate	libKF6IconWidgets.so.6	kiconthemes
kate	libKF6ItemViews.so.6	kitemviews
kate	libKF6JobWidgets.so.6	kjobwidgets
kate	libKF6KIOCore.so.6	kio
kate	libKF6KIOFileWidgets.so.6	kio
kate	libKF6KIOGui.so.6	kio
kate	libKF6KIOWidgets.so.6	kio
kate	libKF6NewStuffCore.so.6	knewstuff
kate	libKF6NewStuffWidgets.so.6	knewstuff
kate	libKF6Parts.so.6	kparts
kate	libKF6Service.so.6	kservice
kate	libKF6Solid.so.6	solid
kate	libKF6SyntaxHighlighting.so.6	syntax-highlighting
kate	libKF6TextEditor.so.6	ktexteditor
kate	libKF6WidgetsAddons.so.6	kwidgetsaddons
kate	libKF6WindowSystem.so.6	kwindowsystem
kate	libKF6XmlGui.so.6	kxmlgui
kate	libOpenGL.so.0	libglvnd
kate	libQt6Concurrent.so.6	qt6
kate	libQt6Core.so.6	qt6
kate	libQt6DBus.so.6	qt6
kate	libQt6Gui.so.6	qt6
kate	libQt6Network.so.6	qt6
kate	libQt6Qml.so.6	qt6
kate	libQt6Sql.so.6	qt6
kate	libQt6Widgets.so.6	qt6
kate	libQt6Xml.so.6	qt6
kate	libX11.so.6	libX11
kate	libc.so.6	aaa_glibc-solibs
kate	libc.so.6	glibc
kate	libgcc_s.so.1	aaa_libraries
kate	libgcc_s.so.1	gcc
kate	libgpgmepp.so.7	gpgmepp
kate	libm.so.6	aaa_glibc-solibs
kate	libm.so.6	glibc
kate	libqt6keychain.so.1	qtkeychain
kate	libstdc++.so.6	aaa_libraries
kate	libstdc++.so.6	gcc-g++
kate	libxkbcommon.so.0	aaa_libraries
kate	libxkbcommon.so.0	libxkbcommon
katomic	libGLX.so.0	libglvnd
katomic	libKDEGames6.so.6	libkdegames
katomic	libKF6Attica.so.6	attica
katomic	libKF6ColorScheme.so.6	kcolorscheme
katomic	libKF6ConfigCore.so.6	kconfig
katomic	libKF6ConfigGui.so.6	kconfig
katomic	libKF6ConfigWidgets.so.6	kconfigwidgets
katomic	libKF6CoreAddons.so.6	kcoreaddons
katomic	libKF6Crash.so.6	kcrash
katomic	libKF6DBusAddons.so.6	kdbusaddons
katomic	libKF6GuiAddons.so.6	kguiaddons
katomic	libKF6I18n.so.6	ki18n
katomic	libKF6IconThemes.so.6	kiconthemes
katomic	libKF6NewStuffCore.so.6	knewstuff
katomic	libKF6NewStuffWidgets.so.6	knewstuff
katomic	libKF6WidgetsAddons.so.6	kwidgetsaddons
katomic	libKF6XmlGui.so.6	kxmlgui
katomic	libOpenGL.so.0	libglvnd
katomic	libQt6Core.so.6	qt6
katomic	libQt6DBus.so.6	qt6
katomic	libQt6Gui.so.6	qt6
katomic	libQt6Network.so.6	qt6
katomic	libQt6Qml.so.6	qt6
katomic	libQt6Widgets.so.6	qt6
katomic	libQt6Xml.so.6	qt6
katomic	libc.so.6	aaa_glibc-solibs
katomic	libc.so.6	glibc
katomic	libgcc_s.so.1	aaa_libraries
katomic	libgcc_s.so.1	gcc
katomic	libm.so.6	aaa_glibc-solibs
katomic	libm.so.6	glibc
katomic	libstdc++.so.6	aaa_libraries
katomic	libstdc++.so.6	gcc-g++
kauth	libGLX.so.0	libglvnd
kauth	libKF6CoreAddons.so.6	kcoreaddons
kauth	libKF6WindowSystem.so.6	kwindowsystem
kauth	libOpenGL.so.0	libglvnd
kauth	libQt6Core.so.6	qt6
kauth	libQt6DBus.so.6	qt6
kauth	libQt6Gui.so.6	qt6
kauth	libX11.so.6	libX11
kauth	libc.so.6	aaa_glibc-solibs
kauth	libc.so.6	glibc
kauth	libgcc_s.so.1	aaa_libraries
kauth	libgcc_s.so.1	gcc
kauth	libm.so.6	aaa_glibc-solibs
kauth	libm.so.6	glibc
kauth	libpolkit-qt6-core-1.so.1	polkit-qt-1
kauth	libstdc++.so.6	aaa_libraries
kauth	libstdc++.so.6	gcc-g++
kauth5	libKF5CoreAddons.so.5	kcoreaddons5
kauth5	libQt5Core.so.5	qt5
kauth5	libQt5DBus.so.5	qt5
kauth5	libQt5Gui.so.5	qt5
kauth5	libQt5Widgets.so.5	qt5
kauth5	libc.so.6	aaa_glibc-solibs
kauth5	libc.so.6	glibc
kauth5	libgcc_s.so.1	aaa_libraries
kauth5	libgcc_s.so.1	gcc
kauth5	libm.so.6	aaa_glibc-solibs
kauth5	libm.so.6	glibc
kauth5	libpolkit-qt5-core-1.so.1	polkit-qt-1
kauth5	libstdc++.so.6	aaa_libraries
kauth5	libstdc++.so.6	gcc-g++
kbackup	libGLX.so.0	libglvnd
kbackup	libKF6Archive.so.6	karchive
kbackup	libKF6Bookmarks.so.6	kbookmarks
kbackup	libKF6ColorScheme.so.6	kcolorscheme
kbackup	libKF6Completion.so.6	kcompletion
kbackup	libKF6ConfigCore.so.6	kconfig
kbackup	libKF6ConfigGui.so.6	kconfig
kbackup	libKF6ConfigWidgets.so.6	kconfigwidgets
kbackup	libKF6CoreAddons.so.6	kcoreaddons
kbackup	libKF6GuiAddons.so.6	kguiaddons
kbackup	libKF6I18n.so.6	ki18n
kbackup	libKF6IconThemes.so.6	kiconthemes
kbackup	libKF6ItemViews.so.6	kitemviews
kbackup	libKF6JobWidgets.so.6	kjobwidgets
kbackup	libKF6KIOCore.so.6	kio
kbackup	libKF6KIOFileWidgets.so.6	kio
kbackup	libKF6KIOGui.so.6	kio
kbackup	libKF6KIOWidgets.so.6	kio
kbackup	libKF6Notifications.so.6	knotifications
kbackup	libKF6Service.so.6	kservice
kbackup	libKF6Solid.so.6	solid
kbackup	libKF6StatusNotifierItem.so.6	kstatusnotifieritem
kbackup	libKF6WidgetsAddons.so.6	kwidgetsaddons
kbackup	libKF6XmlGui.so.6	kxmlgui
kbackup	libOpenGL.so.0	libglvnd
kbackup	libQt6Core.so.6	qt6
kbackup	libQt6Core5Compat.so.6	qt6
kbackup	libQt6DBus.so.6	qt6
kbackup	libQt6Gui.so.6	qt6
kbackup	libQt6Network.so.6	qt6
kbackup	libQt6Widgets.so.6	qt6
kbackup	libQt6Xml.so.6	qt6
kbackup	libarchive.so.13	libarchive
kbackup	libc.so.6	aaa_glibc-solibs
kbackup	libc.so.6	glibc
kbackup	libgcc_s.so.1	aaa_libraries
kbackup	libgcc_s.so.1	gcc
kbackup	libm.so.6	aaa_glibc-solibs
kbackup	libm.so.6	glibc
kbackup	libstdc++.so.6	aaa_libraries
kbackup	libstdc++.so.6	gcc-g++
kbd	libc.so.6	aaa_glibc-solibs
kbd	libc.so.6	glibc
kbd	libpam.so.0	pam
kbd	libpam_misc.so.0	pam
kbd	libxkbcommon.so.0	aaa_libraries
kbd	libxkbcommon.so.0	libxkbcommon
kblackbox	libGLX.so.0	libglvnd
kblackbox	libKDEGames6.so.6	libkdegames
kblackbox	libKF6Archive.so.6	karchive
kblackbox	libKF6ColorScheme.so.6	kcolorscheme
kblackbox	libKF6ConfigCore.so.6	kconfig
kblackbox	libKF6ConfigGui.so.6	kconfig
kblackbox	libKF6ConfigWidgets.so.6	kconfigwidgets
kblackbox	libKF6CoreAddons.so.6	kcoreaddons
kblackbox	libKF6Crash.so.6	kcrash
kblackbox	libKF6DBusAddons.so.6	kdbusaddons
kblackbox	libKF6GuiAddons.so.6	kguiaddons
kblackbox	libKF6I18n.so.6	ki18n
kblackbox	libKF6IconThemes.so.6	kiconthemes
kblackbox	libKF6SonnetUi.so.6	sonnet
kblackbox	libKF6TextWidgets.so.6	ktextwidgets
kblackbox	libKF6WidgetsAddons.so.6	kwidgetsaddons
kblackbox	libKF6XmlGui.so.6	kxmlgui
kblackbox	libOpenGL.so.0	libglvnd
kblackbox	libQt6Core.so.6	qt6
kblackbox	libQt6DBus.so.6	qt6
kblackbox	libQt6Gui.so.6	qt6
kblackbox	libQt6Network.so.6	qt6
kblackbox	libQt6Qml.so.6	qt6
kblackbox	libQt6Svg.so.6	qt6
kblackbox	libQt6SvgWidgets.so.6	qt6
kblackbox	libQt6Widgets.so.6	qt6
kblackbox	libQt6Xml.so.6	qt6
kblackbox	libc.so.6	aaa_glibc-solibs
kblackbox	libc.so.6	glibc
kblackbox	libgcc_s.so.1	aaa_libraries
kblackbox	libgcc_s.so.1	gcc
kblackbox	libm.so.6	aaa_glibc-solibs
kblackbox	libm.so.6	glibc
kblackbox	libstdc++.so.6	aaa_libraries
kblackbox	libstdc++.so.6	gcc-g++
kblocks	libGLX.so.0	libglvnd
kblocks	libKDEGames6.so.6	libkdegames
kblocks	libKF6ColorScheme.so.6	kcolorscheme
kblocks	libKF6ConfigCore.so.6	kconfig
kblocks	libKF6ConfigGui.so.6	kconfig
kblocks	libKF6ConfigWidgets.so.6	kconfigwidgets
kblocks	libKF6CoreAddons.so.6	kcoreaddons
kblocks	libKF6Crash.so.6	kcrash
kblocks	libKF6DBusAddons.so.6	kdbusaddons
kblocks	libKF6GuiAddons.so.6	kguiaddons
kblocks	libKF6I18n.so.6	ki18n
kblocks	libKF6IconThemes.so.6	kiconthemes
kblocks	libKF6WidgetsAddons.so.6	kwidgetsaddons
kblocks	libKF6XmlGui.so.6	kxmlgui
kblocks	libOpenGL.so.0	libglvnd
kblocks	libQt6Core.so.6	qt6
kblocks	libQt6DBus.so.6	qt6
kblocks	libQt6Gui.so.6	qt6
kblocks	libQt6Network.so.6	qt6
kblocks	libQt6Qml.so.6	qt6
kblocks	libQt6Svg.so.6	qt6
kblocks	libQt6SvgWidgets.so.6	qt6
kblocks	libQt6Widgets.so.6	qt6
kblocks	libQt6Xml.so.6	qt6
kblocks	libc.so.6	aaa_glibc-solibs
kblocks	libc.so.6	glibc
kblocks	libgcc_s.so.1	aaa_libraries
kblocks	libgcc_s.so.1	gcc
kblocks	libm.so.6	aaa_glibc-solibs
kblocks	libm.so.6	glibc
kblocks	libstdc++.so.6	aaa_libraries
kblocks	libstdc++.so.6	gcc-g++
kbookmarks	libGLX.so.0	libglvnd
kbookmarks	libKF6ConfigCore.so.6	kconfig
kbookmarks	libKF6ConfigGui.so.6	kconfig
kbookmarks	libKF6CoreAddons.so.6	kcoreaddons
kbookmarks	libKF6WidgetsAddons.so.6	kwidgetsaddons
kbookmarks	libOpenGL.so.0	libglvnd
kbookmarks	libQt6Core.so.6	qt6
kbookmarks	libQt6Gui.so.6	qt6
kbookmarks	libQt6Widgets.so.6	qt6
kbookmarks	libQt6Xml.so.6	qt6
kbookmarks	libc.so.6	aaa_glibc-solibs
kbookmarks	libc.so.6	glibc
kbookmarks	libgcc_s.so.1	aaa_libraries
kbookmarks	libgcc_s.so.1	gcc
kbookmarks	libm.so.6	aaa_glibc-solibs
kbookmarks	libm.so.6	glibc
kbookmarks	libstdc++.so.6	aaa_libraries
kbookmarks	libstdc++.so.6	gcc-g++
kbookmarks5	libKF5Auth.so.5	kauth5
kbookmarks5	libKF5AuthCore.so.5	kauth5
kbookmarks5	libKF5Codecs.so.5	kcodecs5
kbookmarks5	libKF5ConfigCore.so.5	kconfig5
kbookmarks5	libKF5ConfigGui.so.5	kconfig5
kbookmarks5	libKF5ConfigWidgets.so.5	kconfigwidgets5
kbookmarks5	libKF5CoreAddons.so.5	kcoreaddons5
kbookmarks5	libKF5WidgetsAddons.so.5	kwidgetsaddons5
kbookmarks5	libKF5XmlGui.so.5	kxmlgui5
kbookmarks5	libQt5Core.so.5	qt5
kbookmarks5	libQt5DBus.so.5	qt5
kbookmarks5	libQt5Gui.so.5	qt5
kbookmarks5	libQt5Widgets.so.5	qt5
kbookmarks5	libQt5Xml.so.5	qt5
kbookmarks5	libc.so.6	aaa_glibc-solibs
kbookmarks5	libc.so.6	glibc
kbookmarks5	libgcc_s.so.1	aaa_libraries
kbookmarks5	libgcc_s.so.1	gcc
kbookmarks5	libm.so.6	aaa_glibc-solibs
kbookmarks5	libm.so.6	glibc
kbookmarks5	libstdc++.so.6	aaa_libraries
kbookmarks5	libstdc++.so.6	gcc-g++
kbounce	libGLX.so.0	libglvnd
kbounce	libKDEGames6.so.6	libkdegames
kbounce	libKF6ColorScheme.so.6	kcolorscheme
kbounce	libKF6Completion.so.6	kcompletion
kbounce	libKF6ConfigCore.so.6	kconfig
kbounce	libKF6ConfigGui.so.6	kconfig
kbounce	libKF6ConfigWidgets.so.6	kconfigwidgets
kbounce	libKF6CoreAddons.so.6	kcoreaddons
kbounce	libKF6Crash.so.6	kcrash
kbounce	libKF6DBusAddons.so.6	kdbusaddons
kbounce	libKF6GuiAddons.so.6	kguiaddons
kbounce	libKF6I18n.so.6	ki18n
kbounce	libKF6IconThemes.so.6	kiconthemes
kbounce	libKF6JobWidgets.so.6	kjobwidgets
kbounce	libKF6KIOCore.so.6	kio
kbounce	libKF6KIOGui.so.6	kio
kbounce	libKF6KIOWidgets.so.6	kio
kbounce	libKF6Service.so.6	kservice
kbounce	libKF6WidgetsAddons.so.6	kwidgetsaddons
kbounce	libKF6XmlGui.so.6	kxmlgui
kbounce	libOpenGL.so.0	libglvnd
kbounce	libQt6Core.so.6	qt6
kbounce	libQt6DBus.so.6	qt6
kbounce	libQt6Gui.so.6	qt6
kbounce	libQt6Network.so.6	qt6
kbounce	libQt6Qml.so.6	qt6
kbounce	libQt6Svg.so.6	qt6
kbounce	libQt6Widgets.so.6	qt6
kbounce	libQt6Xml.so.6	qt6
kbounce	libc.so.6	aaa_glibc-solibs
kbounce	libc.so.6	glibc
kbounce	libgcc_s.so.1	aaa_libraries
kbounce	libgcc_s.so.1	gcc
kbounce	libm.so.6	aaa_glibc-solibs
kbounce	libm.so.6	glibc
kbounce	libstdc++.so.6	aaa_libraries
kbounce	libstdc++.so.6	gcc-g++
kbreakout	libGLX.so.0	libglvnd
kbreakout	libKDEGames6.so.6	libkdegames
kbreakout	libKF6ColorScheme.so.6	kcolorscheme
kbreakout	libKF6ConfigCore.so.6	kconfig
kbreakout	libKF6ConfigGui.so.6	kconfig
kbreakout	libKF6ConfigWidgets.so.6	kconfigwidgets
kbreakout	libKF6CoreAddons.so.6	kcoreaddons
kbreakout	libKF6Crash.so.6	kcrash
kbreakout	libKF6DBusAddons.so.6	kdbusaddons
kbreakout	libKF6GuiAddons.so.6	kguiaddons
kbreakout	libKF6I18n.so.6	ki18n
kbreakout	libKF6I18nQml.so.6	ki18n
kbreakout	libKF6IconThemes.so.6	kiconthemes
kbreakout	libKF6WidgetsAddons.so.6	kwidgetsaddons
kbreakout	libKF6XmlGui.so.6	kxmlgui
kbreakout	libOpenGL.so.0	libglvnd
kbreakout	libQt6Core.so.6	qt6
kbreakout	libQt6DBus.so.6	qt6
kbreakout	libQt6Gui.so.6	qt6
kbreakout	libQt6Network.so.6	qt6
kbreakout	libQt6OpenGL.so.6	qt6
kbreakout	libQt6Qml.so.6	qt6
kbreakout	libQt6Quick.so.6	qt6
kbreakout	libQt6QuickWidgets.so.6	qt6
kbreakout	libQt6Widgets.so.6	qt6
kbreakout	libQt6Xml.so.6	qt6
kbreakout	libc.so.6	aaa_glibc-solibs
kbreakout	libc.so.6	glibc
kbreakout	libgcc_s.so.1	aaa_libraries
kbreakout	libgcc_s.so.1	gcc
kbreakout	libm.so.6	aaa_glibc-solibs
kbreakout	libm.so.6	glibc
kbreakout	libstdc++.so.6	aaa_libraries
kbreakout	libstdc++.so.6	gcc-g++
kbruch	libGLX.so.0	libglvnd
kbruch	libKF6ColorScheme.so.6	kcolorscheme
kbruch	libKF6ConfigCore.so.6	kconfig
kbruch	libKF6ConfigGui.so.6	kconfig
kbruch	libKF6ConfigWidgets.so.6	kconfigwidgets
kbruch	libKF6CoreAddons.so.6	kcoreaddons
kbruch	libKF6Crash.so.6	kcrash
kbruch	libKF6GuiAddons.so.6	kguiaddons
kbruch	libKF6I18n.so.6	ki18n
kbruch	libKF6WidgetsAddons.so.6	kwidgetsaddons
kbruch	libKF6XmlGui.so.6	kxmlgui
kbruch	libOpenGL.so.0	libglvnd
kbruch	libQt6Core.so.6	qt6
kbruch	libQt6DBus.so.6	qt6
kbruch	libQt6Gui.so.6	qt6
kbruch	libQt6Widgets.so.6	qt6
kbruch	libQt6Xml.so.6	qt6
kbruch	libc.so.6	aaa_glibc-solibs
kbruch	libc.so.6	glibc
kbruch	libgcc_s.so.1	aaa_libraries
kbruch	libgcc_s.so.1	gcc
kbruch	libm.so.6	aaa_glibc-solibs
kbruch	libm.so.6	glibc
kbruch	libstdc++.so.6	aaa_libraries
kbruch	libstdc++.so.6	gcc-g++
kcachegrind	libGLX.so.0	libglvnd
kcachegrind	libKF6Archive.so.6	karchive
kcachegrind	libKF6ColorScheme.so.6	kcolorscheme
kcachegrind	libKF6Completion.so.6	kcompletion
kcachegrind	libKF6ConfigCore.so.6	kconfig
kcachegrind	libKF6ConfigGui.so.6	kconfig
kcachegrind	libKF6ConfigWidgets.so.6	kconfigwidgets
kcachegrind	libKF6CoreAddons.so.6	kcoreaddons
kcachegrind	libKF6DBusAddons.so.6	kdbusaddons
kcachegrind	libKF6GuiAddons.so.6	kguiaddons
kcachegrind	libKF6I18n.so.6	ki18n
kcachegrind	libKF6JobWidgets.so.6	kjobwidgets
kcachegrind	libKF6KIOCore.so.6	kio
kcachegrind	libKF6KIOGui.so.6	kio
kcachegrind	libKF6KIOWidgets.so.6	kio
kcachegrind	libKF6Service.so.6	kservice
kcachegrind	libKF6WidgetsAddons.so.6	kwidgetsaddons
kcachegrind	libKF6XmlGui.so.6	kxmlgui
kcachegrind	libOpenGL.so.0	libglvnd
kcachegrind	libQt6Core.so.6	qt6
kcachegrind	libQt6DBus.so.6	qt6
kcachegrind	libQt6Gui.so.6	qt6
kcachegrind	libQt6Network.so.6	qt6
kcachegrind	libQt6Widgets.so.6	qt6
kcachegrind	libQt6Xml.so.6	qt6
kcachegrind	libc.so.6	aaa_glibc-solibs
kcachegrind	libc.so.6	glibc
kcachegrind	libgcc_s.so.1	aaa_libraries
kcachegrind	libgcc_s.so.1	gcc
kcachegrind	libm.so.6	aaa_glibc-solibs
kcachegrind	libm.so.6	glibc
kcachegrind	libstdc++.so.6	aaa_libraries
kcachegrind	libstdc++.so.6	gcc-g++
kcalc	libGLX.so.0	libglvnd
kcalc	libKF6ColorScheme.so.6	kcolorscheme
kcalc	libKF6ConfigCore.so.6	kconfig
kcalc	libKF6ConfigGui.so.6	kconfig
kcalc	libKF6ConfigWidgets.so.6	kconfigwidgets
kcalc	libKF6CoreAddons.so.6	kcoreaddons
kcalc	libKF6Crash.so.6	kcrash
kcalc	libKF6GuiAddons.so.6	kguiaddons
kcalc	libKF6I18n.so.6	ki18n
kcalc	libKF6IconThemes.so.6	kiconthemes
kcalc	libKF6Notifications.so.6	knotifications
kcalc	libKF6WidgetsAddons.so.6	kwidgetsaddons
kcalc	libKF6XmlGui.so.6	kxmlgui
kcalc	libOpenGL.so.0	libglvnd
kcalc	libQt6Core.so.6	qt6
kcalc	libQt6DBus.so.6	qt6
kcalc	libQt6Gui.so.6	qt6
kcalc	libQt6Widgets.so.6	qt6
kcalc	libQt6Xml.so.6	qt6
kcalc	libc.so.6	aaa_glibc-solibs
kcalc	libc.so.6	glibc
kcalc	libgcc_s.so.1	aaa_libraries
kcalc	libgcc_s.so.1	gcc
kcalc	libgmp.so.10	aaa_libraries
kcalc	libgmp.so.10	gmp
kcalc	libm.so.6	aaa_glibc-solibs
kcalc	libm.so.6	glibc
kcalc	libmpc.so.3	aaa_libraries
kcalc	libmpc.so.3	libmpc
kcalc	libmpfr.so.6	aaa_libraries
kcalc	libmpfr.so.6	mpfr
kcalc	libstdc++.so.6	aaa_libraries
kcalc	libstdc++.so.6	gcc-g++
kcalendarcore	libGLX.so.0	libglvnd
kcalendarcore	libOpenGL.so.0	libglvnd
kcalendarcore	libQt6Core.so.6	qt6
kcalendarcore	libQt6Gui.so.6	qt6
kcalendarcore	libQt6Network.so.6	qt6
kcalendarcore	libQt6Qml.so.6	qt6
kcalendarcore	libc.so.6	aaa_glibc-solibs
kcalendarcore	libc.so.6	glibc
kcalendarcore	libgcc_s.so.1	aaa_libraries
kcalendarcore	libgcc_s.so.1	gcc
kcalendarcore	libical.so.3	libical
kcalendarcore	libicalss.so.3	libical
kcalendarcore	libicalvcal.so.3	libical
kcalendarcore	libm.so.6	aaa_glibc-solibs
kcalendarcore	libm.so.6	glibc
kcalendarcore	libstdc++.so.6	aaa_libraries
kcalendarcore	libstdc++.so.6	gcc-g++
kcalendarcore5	libQt5Core.so.5	qt5
kcalendarcore5	libQt5Gui.so.5	qt5
kcalendarcore5	libc.so.6	aaa_glibc-solibs
kcalendarcore5	libc.so.6	glibc
kcalendarcore5	libgcc_s.so.1	aaa_libraries
kcalendarcore5	libgcc_s.so.1	gcc
kcalendarcore5	libical.so.3	libical
kcalendarcore5	libicalss.so.3	libical
kcalendarcore5	libicalvcal.so.3	libical
kcalendarcore5	libm.so.6	aaa_glibc-solibs
kcalendarcore5	libm.so.6	glibc
kcalendarcore5	libstdc++.so.6	aaa_libraries
kcalendarcore5	libstdc++.so.6	gcc-g++
kcalutils	libGLX.so.0	libglvnd
kcalutils	libKF6CalendarCore.so.6	kcalendarcore
kcalutils	libKF6Codecs.so.6	kcodecs
kcalutils	libKF6CoreAddons.so.6	kcoreaddons
kcalutils	libKF6I18n.so.6	ki18n
kcalutils	libKF6IconThemes.so.6	kiconthemes
kcalutils	libKF6TextTemplate.so.6	ktexttemplate
kcalutils	libKF6WidgetsAddons.so.6	kwidgetsaddons
kcalutils	libKPim6IdentityManagementCore.so.6	kidentitymanagement
kcalutils	libOpenGL.so.0	libglvnd
kcalutils	libQt6Core.so.6	qt6
kcalutils	libQt6Gui.so.6	qt6
kcalutils	libQt6Widgets.so.6	qt6
kcalutils	libc.so.6	aaa_glibc-solibs
kcalutils	libc.so.6	glibc
kcalutils	libgcc_s.so.1	aaa_libraries
kcalutils	libgcc_s.so.1	gcc
kcalutils	libm.so.6	aaa_glibc-solibs
kcalutils	libm.so.6	glibc
kcalutils	libstdc++.so.6	aaa_libraries
kcalutils	libstdc++.so.6	gcc-g++
kcharselect	libGLX.so.0	libglvnd
kcharselect	libKF6Bookmarks.so.6	kbookmarks
kcharselect	libKF6BookmarksWidgets.so.6	kbookmarks
kcharselect	libKF6ColorScheme.so.6	kcolorscheme
kcharselect	libKF6ConfigCore.so.6	kconfig
kcharselect	libKF6ConfigGui.so.6	kconfig
kcharselect	libKF6ConfigWidgets.so.6	kconfigwidgets
kcharselect	libKF6CoreAddons.so.6	kcoreaddons
kcharselect	libKF6Crash.so.6	kcrash
kcharselect	libKF6GuiAddons.so.6	kguiaddons
kcharselect	libKF6I18n.so.6	ki18n
kcharselect	libKF6IconThemes.so.6	kiconthemes
kcharselect	libKF6WidgetsAddons.so.6	kwidgetsaddons
kcharselect	libKF6XmlGui.so.6	kxmlgui
kcharselect	libOpenGL.so.0	libglvnd
kcharselect	libQt6Core.so.6	qt6
kcharselect	libQt6DBus.so.6	qt6
kcharselect	libQt6Gui.so.6	qt6
kcharselect	libQt6Widgets.so.6	qt6
kcharselect	libQt6Xml.so.6	qt6
kcharselect	libc.so.6	aaa_glibc-solibs
kcharselect	libc.so.6	glibc
kcharselect	libgcc_s.so.1	aaa_libraries
kcharselect	libgcc_s.so.1	gcc
kcharselect	libm.so.6	aaa_glibc-solibs
kcharselect	libm.so.6	glibc
kcharselect	libstdc++.so.6	aaa_libraries
kcharselect	libstdc++.so.6	gcc-g++
kcmutils	libGLX.so.0	libglvnd
kcmutils	libKF6ColorScheme.so.6	kcolorscheme
kcmutils	libKF6ConfigCore.so.6	kconfig
kcmutils	libKF6ConfigGui.so.6	kconfig
kcmutils	libKF6ConfigWidgets.so.6	kconfigwidgets
kcmutils	libKF6CoreAddons.so.6	kcoreaddons
kcmutils	libKF6GuiAddons.so.6	kguiaddons
kcmutils	libKF6I18n.so.6	ki18n
kcmutils	libKF6I18nQml.so.6	ki18n
kcmutils	libKF6ItemViews.so.6	kitemviews
kcmutils	libKF6KIOCore.so.6	kio
kcmutils	libKF6KIOGui.so.6	kio
kcmutils	libKF6Service.so.6	kservice
kcmutils	libKF6WidgetsAddons.so.6	kwidgetsaddons
kcmutils	libKF6XmlGui.so.6	kxmlgui
kcmutils	libOpenGL.so.0	libglvnd
kcmutils	libQt6Core.so.6	qt6
kcmutils	libQt6DBus.so.6	qt6
kcmutils	libQt6Gui.so.6	qt6
kcmutils	libQt6Network.so.6	qt6
kcmutils	libQt6OpenGL.so.6	qt6
kcmutils	libQt6Qml.so.6	qt6
kcmutils	libQt6Quick.so.6	qt6
kcmutils	libQt6QuickWidgets.so.6	qt6
kcmutils	libQt6Widgets.so.6	qt6
kcmutils	libQt6Xml.so.6	qt6
kcmutils	libc.so.6	aaa_glibc-solibs
kcmutils	libc.so.6	glibc
kcmutils	libgcc_s.so.1	aaa_libraries
kcmutils	libgcc_s.so.1	gcc
kcmutils	libm.so.6	aaa_glibc-solibs
kcmutils	libm.so.6	glibc
kcmutils	libstdc++.so.6	aaa_libraries
kcmutils	libstdc++.so.6	gcc-g++
kcmutils5	libKF5Auth.so.5	kauth5
kcmutils5	libKF5AuthCore.so.5	kauth5
kcmutils5	libKF5Codecs.so.5	kcodecs5
kcmutils5	libKF5ConfigCore.so.5	kconfig5
kcmutils5	libKF5ConfigGui.so.5	kconfig5
kcmutils5	libKF5ConfigWidgets.so.5	kconfigwidgets5
kcmutils5	libKF5CoreAddons.so.5	kcoreaddons5
kcmutils5	libKF5Declarative.so.5	kdeclarative5
kcmutils5	libKF5GuiAddons.so.5	kguiaddons5
kcmutils5	libKF5I18n.so.5	ki18n5
kcmutils5	libKF5ItemViews.so.5	kitemviews5
kcmutils5	libKF5Package.so.5	kpackage5
kcmutils5	libKF5QuickAddons.so.5	kdeclarative5
kcmutils5	libKF5Service.so.5	kservice5
kcmutils5	libKF5WidgetsAddons.so.5	kwidgetsaddons5
kcmutils5	libKF5XmlGui.so.5	kxmlgui5
kcmutils5	libQt5Core.so.5	qt5
kcmutils5	libQt5DBus.so.5	qt5
kcmutils5	libQt5Gui.so.5	qt5
kcmutils5	libQt5Network.so.5	qt5
kcmutils5	libQt5Qml.so.5	qt5
kcmutils5	libQt5QmlModels.so.5	qt5
kcmutils5	libQt5Quick.so.5	qt5
kcmutils5	libQt5QuickWidgets.so.5	qt5
kcmutils5	libQt5Widgets.so.5	qt5
kcmutils5	libQt5Xml.so.5	qt5
kcmutils5	libc.so.6	aaa_glibc-solibs
kcmutils5	libc.so.6	glibc
kcmutils5	libgcc_s.so.1	aaa_libraries
kcmutils5	libgcc_s.so.1	gcc
kcmutils5	libm.so.6	aaa_glibc-solibs
kcmutils5	libm.so.6	glibc
kcmutils5	libstdc++.so.6	aaa_libraries
kcmutils5	libstdc++.so.6	gcc-g++
kcodecs	libQt6Core.so.6	qt6
kcodecs	libc.so.6	aaa_glibc-solibs
kcodecs	libc.so.6	glibc
kcodecs	libgcc_s.so.1	aaa_libraries
kcodecs	libgcc_s.so.1	gcc
kcodecs	libm.so.6	aaa_glibc-solibs
kcodecs	libm.so.6	glibc
kcodecs	libstdc++.so.6	aaa_libraries
kcodecs	libstdc++.so.6	gcc-g++
kcodecs5	libQt5Core.so.5	qt5
kcodecs5	libc.so.6	aaa_glibc-solibs
kcodecs5	libc.so.6	glibc
kcodecs5	libgcc_s.so.1	aaa_libraries
kcodecs5	libgcc_s.so.1	gcc
kcodecs5	libm.so.6	aaa_glibc-solibs
kcodecs5	libm.so.6	glibc
kcodecs5	libstdc++.so.6	aaa_libraries
kcodecs5	libstdc++.so.6	gcc-g++
kcolorchooser	libGLX.so.0	libglvnd
kcolorchooser	libKF6ColorScheme.so.6	kcolorscheme
kcolorchooser	libKF6ConfigCore.so.6	kconfig
kcolorchooser	libKF6ConfigGui.so.6	kconfig
kcolorchooser	libKF6ConfigWidgets.so.6	kconfigwidgets
kcolorchooser	libKF6CoreAddons.so.6	kcoreaddons
kcolorchooser	libKF6GuiAddons.so.6	kguiaddons
kcolorchooser	libKF6I18n.so.6	ki18n
kcolorchooser	libKF6WidgetsAddons.so.6	kwidgetsaddons
kcolorchooser	libKF6XmlGui.so.6	kxmlgui
kcolorchooser	libOpenGL.so.0	libglvnd
kcolorchooser	libQt6Core.so.6	qt6
kcolorchooser	libQt6DBus.so.6	qt6
kcolorchooser	libQt6Gui.so.6	qt6
kcolorchooser	libQt6Widgets.so.6	qt6
kcolorchooser	libQt6Xml.so.6	qt6
kcolorchooser	libc.so.6	aaa_glibc-solibs
kcolorchooser	libc.so.6	glibc
kcolorchooser	libgcc_s.so.1	aaa_libraries
kcolorchooser	libgcc_s.so.1	gcc
kcolorchooser	libm.so.6	aaa_glibc-solibs
kcolorchooser	libm.so.6	glibc
kcolorchooser	libstdc++.so.6	aaa_libraries
kcolorchooser	libstdc++.so.6	gcc-g++
kcolorscheme	ld-linux-x86-64.so.2	aaa_glibc-solibs
kcolorscheme	ld-linux-x86-64.so.2	glibc
kcolorscheme	libGLX.so.0	libglvnd
kcolorscheme	libKF6ConfigCore.so.6	kconfig
kcolorscheme	libKF6ConfigGui.so.6	kconfig
kcolorscheme	libKF6GuiAddons.so.6	kguiaddons
kcolorscheme	libKF6I18n.so.6	ki18n
kcolorscheme	libOpenGL.so.0	libglvnd
kcolorscheme	libQt6Core.so.6	qt6
kcolorscheme	libQt6Gui.so.6	qt6
kcolorscheme	libc.so.6	aaa_glibc-solibs
kcolorscheme	libc.so.6	glibc
kcolorscheme	libgcc_s.so.1	aaa_libraries
kcolorscheme	libgcc_s.so.1	gcc
kcolorscheme	libm.so.6	aaa_glibc-solibs
kcolorscheme	libm.so.6	glibc
kcolorscheme	libstdc++.so.6	aaa_libraries
kcolorscheme	libstdc++.so.6	gcc-g++
kcolorscheme	libxkbcommon.so.0	aaa_libraries
kcolorscheme	libxkbcommon.so.0	libxkbcommon
kcompletion	libGLX.so.0	libglvnd
kcompletion	libKF6Codecs.so.6	kcodecs
kcompletion	libKF6ConfigCore.so.6	kconfig
kcompletion	libKF6ConfigGui.so.6	kconfig
kcompletion	libKF6WidgetsAddons.so.6	kwidgetsaddons
kcompletion	libOpenGL.so.0	libglvnd
kcompletion	libQt6Core.so.6	qt6
kcompletion	libQt6Gui.so.6	qt6
kcompletion	libQt6Widgets.so.6	qt6
kcompletion	libc.so.6	aaa_glibc-solibs
kcompletion	libc.so.6	glibc
kcompletion	libgcc_s.so.1	aaa_libraries
kcompletion	libgcc_s.so.1	gcc
kcompletion	libm.so.6	aaa_glibc-solibs
kcompletion	libm.so.6	glibc
kcompletion	libstdc++.so.6	aaa_libraries
kcompletion	libstdc++.so.6	gcc-g++
kcompletion5	libKF5ConfigCore.so.5	kconfig5
kcompletion5	libKF5ConfigGui.so.5	kconfig5
kcompletion5	libKF5WidgetsAddons.so.5	kwidgetsaddons5
kcompletion5	libQt5Core.so.5	qt5
kcompletion5	libQt5Gui.so.5	qt5
kcompletion5	libQt5Widgets.so.5	qt5
kcompletion5	libQt5Xml.so.5	qt5
kcompletion5	libc.so.6	aaa_glibc-solibs
kcompletion5	libc.so.6	glibc
kcompletion5	libgcc_s.so.1	aaa_libraries
kcompletion5	libgcc_s.so.1	gcc
kcompletion5	libm.so.6	aaa_glibc-solibs
kcompletion5	libm.so.6	glibc
kcompletion5	libstdc++.so.6	aaa_libraries
kcompletion5	libstdc++.so.6	gcc-g++
kconfig	libGLX.so.0	libglvnd
kconfig	libOpenGL.so.0	libglvnd
kconfig	libQt6Core.so.6	qt6
kconfig	libQt6DBus.so.6	qt6
kconfig	libQt6Gui.so.6	qt6
kconfig	libQt6Network.so.6	qt6
kconfig	libQt6OpenGL.so.6	qt6
kconfig	libQt6Qml.so.6	qt6
kconfig	libQt6Quick.so.6	qt6
kconfig	libQt6Xml.so.6	qt6
kconfig	libc.so.6	aaa_glibc-solibs
kconfig	libc.so.6	glibc
kconfig	libgcc_s.so.1	aaa_libraries
kconfig	libgcc_s.so.1	gcc
kconfig	libm.so.6	aaa_glibc-solibs
kconfig	libm.so.6	glibc
kconfig	libstdc++.so.6	aaa_libraries
kconfig	libstdc++.so.6	gcc-g++
kconfig5	libQt5Core.so.5	qt5
kconfig5	libQt5DBus.so.5	qt5
kconfig5	libQt5Gui.so.5	qt5
kconfig5	libQt5Network.so.5	qt5
kconfig5	libQt5Qml.so.5	qt5
kconfig5	libQt5Xml.so.5	qt5
kconfig5	libc.so.6	aaa_glibc-solibs
kconfig5	libc.so.6	glibc
kconfig5	libgcc_s.so.1	aaa_libraries
kconfig5	libgcc_s.so.1	gcc
kconfig5	libm.so.6	aaa_glibc-solibs
kconfig5	libm.so.6	glibc
kconfig5	libstdc++.so.6	aaa_libraries
kconfig5	libstdc++.so.6	gcc-g++
kconfigwidgets	libGLX.so.0	libglvnd
kconfigwidgets	libKF6Codecs.so.6	kcodecs
kconfigwidgets	libKF6ColorScheme.so.6	kcolorscheme
kconfigwidgets	libKF6ConfigCore.so.6	kconfig
kconfigwidgets	libKF6ConfigGui.so.6	kconfig
kconfigwidgets	libKF6CoreAddons.so.6	kcoreaddons
kconfigwidgets	libKF6GuiAddons.so.6	kguiaddons
kconfigwidgets	libKF6I18n.so.6	ki18n
kconfigwidgets	libKF6WidgetsAddons.so.6	kwidgetsaddons
kconfigwidgets	libOpenGL.so.0	libglvnd
kconfigwidgets	libQt6Core.so.6	qt6
kconfigwidgets	libQt6DBus.so.6	qt6
kconfigwidgets	libQt6Gui.so.6	qt6
kconfigwidgets	libQt6Widgets.so.6	qt6
kconfigwidgets	libc.so.6	aaa_glibc-solibs
kconfigwidgets	libc.so.6	glibc
kconfigwidgets	libgcc_s.so.1	aaa_libraries
kconfigwidgets	libgcc_s.so.1	gcc
kconfigwidgets	libm.so.6	aaa_glibc-solibs
kconfigwidgets	libm.so.6	glibc
kconfigwidgets	libstdc++.so.6	aaa_libraries
kconfigwidgets	libstdc++.so.6	gcc-g++
kconfigwidgets	libxkbcommon.so.0	aaa_libraries
kconfigwidgets	libxkbcommon.so.0	libxkbcommon
kconfigwidgets5	ld-linux-x86-64.so.2	aaa_glibc-solibs
kconfigwidgets5	ld-linux-x86-64.so.2	glibc
kconfigwidgets5	libKF5Auth.so.5	kauth5
kconfigwidgets5	libKF5AuthCore.so.5	kauth5
kconfigwidgets5	libKF5Codecs.so.5	kcodecs5
kconfigwidgets5	libKF5ConfigCore.so.5	kconfig5
kconfigwidgets5	libKF5ConfigGui.so.5	kconfig5
kconfigwidgets5	libKF5CoreAddons.so.5	kcoreaddons5
kconfigwidgets5	libKF5GuiAddons.so.5	kguiaddons5
kconfigwidgets5	libKF5I18n.so.5	ki18n5
kconfigwidgets5	libKF5WidgetsAddons.so.5	kwidgetsaddons5
kconfigwidgets5	libQt5Core.so.5	qt5
kconfigwidgets5	libQt5DBus.so.5	qt5
kconfigwidgets5	libQt5Gui.so.5	qt5
kconfigwidgets5	libQt5Widgets.so.5	qt5
kconfigwidgets5	libQt5Xml.so.5	qt5
kconfigwidgets5	libc.so.6	aaa_glibc-solibs
kconfigwidgets5	libc.so.6	glibc
kconfigwidgets5	libgcc_s.so.1	aaa_libraries
kconfigwidgets5	libgcc_s.so.1	gcc
kconfigwidgets5	libm.so.6	aaa_glibc-solibs
kconfigwidgets5	libm.so.6	glibc
kconfigwidgets5	libstdc++.so.6	aaa_libraries
kconfigwidgets5	libstdc++.so.6	gcc-g++
kcontacts	libGLX.so.0	libglvnd
kcontacts	libKF6Codecs.so.6	kcodecs
kcontacts	libKF6ConfigCore.so.6	kconfig
kcontacts	libKF6I18n.so.6	ki18n
kcontacts	libKF6I18nLocaleData.so.6	ki18n
kcontacts	libOpenGL.so.0	libglvnd
kcontacts	libQt6Core.so.6	qt6
kcontacts	libQt6Gui.so.6	qt6
kcontacts	libQt6Network.so.6	qt6
kcontacts	libQt6Qml.so.6	qt6
kcontacts	libc.so.6	aaa_glibc-solibs
kcontacts	libc.so.6	glibc
kcontacts	libgcc_s.so.1	aaa_libraries
kcontacts	libgcc_s.so.1	gcc
kcontacts	libm.so.6	aaa_glibc-solibs
kcontacts	libm.so.6	glibc
kcontacts	libstdc++.so.6	aaa_libraries
kcontacts	libstdc++.so.6	gcc-g++
kcontacts5	libKF5Codecs.so.5	kcodecs5
kcontacts5	libKF5ConfigCore.so.5	kconfig5
kcontacts5	libKF5CoreAddons.so.5	kcoreaddons5
kcontacts5	libKF5I18n.so.5	ki18n5
kcontacts5	libKF5I18nLocaleData.so.5	ki18n5
kcontacts5	libQt5Core.so.5	qt5
kcontacts5	libQt5Gui.so.5	qt5
kcontacts5	libc.so.6	aaa_glibc-solibs
kcontacts5	libc.so.6	glibc
kcontacts5	libgcc_s.so.1	aaa_libraries
kcontacts5	libgcc_s.so.1	gcc
kcontacts5	libm.so.6	aaa_glibc-solibs
kcontacts5	libm.so.6	glibc
kcontacts5	libstdc++.so.6	aaa_libraries
kcontacts5	libstdc++.so.6	gcc-g++
kcoreaddons	libQt6Core.so.6	qt6
kcoreaddons	libQt6DBus.so.6	qt6
kcoreaddons	libQt6Network.so.6	qt6
kcoreaddons	libQt6Qml.so.6	qt6
kcoreaddons	libc.so.6	aaa_glibc-solibs
kcoreaddons	libc.so.6	glibc
kcoreaddons	libgcc_s.so.1	aaa_libraries
kcoreaddons	libgcc_s.so.1	gcc
kcoreaddons	libm.so.6	aaa_glibc-solibs
kcoreaddons	libm.so.6	glibc
kcoreaddons	libmount.so.1	util-linux
kcoreaddons	libstdc++.so.6	aaa_libraries
kcoreaddons	libstdc++.so.6	gcc-g++
kcoreaddons	libudev.so.1	aaa_libraries
kcoreaddons	libudev.so.1	eudev
kcoreaddons5	libQt5Core.so.5	qt5
kcoreaddons5	libQt5DBus.so.5	qt5
kcoreaddons5	libc.so.6	aaa_glibc-solibs
kcoreaddons5	libc.so.6	glibc
kcoreaddons5	libgcc_s.so.1	aaa_libraries
kcoreaddons5	libgcc_s.so.1	gcc
kcoreaddons5	libm.so.6	aaa_glibc-solibs
kcoreaddons5	libm.so.6	glibc
kcoreaddons5	libstdc++.so.6	aaa_libraries
kcoreaddons5	libstdc++.so.6	gcc-g++
kcoreaddons5	libudev.so.1	aaa_libraries
kcoreaddons5	libudev.so.1	eudev
kcrash	libGLX.so.0	libglvnd
kcrash	libKF6CoreAddons.so.6	kcoreaddons
kcrash	libOpenGL.so.0	libglvnd
kcrash	libQt6Core.so.6	qt6
kcrash	libQt6Gui.so.6	qt6
kcrash	libX11.so.6	libX11
kcrash	libc.so.6	aaa_glibc-solibs
kcrash	libc.so.6	glibc
kcrash	libgcc_s.so.1	aaa_libraries
kcrash	libgcc_s.so.1	gcc
kcrash	libm.so.6	aaa_glibc-solibs
kcrash	libm.so.6	glibc
kcrash	libstdc++.so.6	aaa_libraries
kcrash	libstdc++.so.6	gcc-g++
kcrash5	libKF5CoreAddons.so.5	kcoreaddons5
kcrash5	libQt5Core.so.5	qt5
kcrash5	libQt5Gui.so.5	qt5
kcrash5	libQt5X11Extras.so.5	qt5
kcrash5	libX11.so.6	libX11
kcrash5	libc.so.6	aaa_glibc-solibs
kcrash5	libc.so.6	glibc
kcrash5	libgcc_s.so.1	aaa_libraries
kcrash5	libgcc_s.so.1	gcc
kcrash5	libm.so.6	aaa_glibc-solibs
kcrash5	libm.so.6	glibc
kcrash5	libstdc++.so.6	aaa_libraries
kcrash5	libstdc++.so.6	gcc-g++
kcron	libGLX.so.0	libglvnd
kcron	libKF6AuthCore.so.6	kauth
kcron	libKF6ColorScheme.so.6	kcolorscheme
kcron	libKF6ConfigCore.so.6	kconfig
kcron	libKF6ConfigGui.so.6	kconfig
kcron	libKF6ConfigWidgets.so.6	kconfigwidgets
kcron	libKF6CoreAddons.so.6	kcoreaddons
kcron	libKF6I18n.so.6	ki18n
kcron	libKF6KCMUtils.so.6	kcmutils
kcron	libKF6KCMUtilsCore.so.6	kcmutils
kcron	libKF6KCMUtilsQuick.so.6	kcmutils
kcron	libKF6WidgetsAddons.so.6	kwidgetsaddons
kcron	libOpenGL.so.0	libglvnd
kcron	libQt6Core.so.6	qt6
kcron	libQt6Gui.so.6	qt6
kcron	libQt6Network.so.6	qt6
kcron	libQt6PrintSupport.so.6	qt6
kcron	libQt6Qml.so.6	qt6
kcron	libQt6Widgets.so.6	qt6
kcron	libc.so.6	aaa_glibc-solibs
kcron	libc.so.6	glibc
kcron	libgcc_s.so.1	aaa_libraries
kcron	libgcc_s.so.1	gcc
kcron	libm.so.6	aaa_glibc-solibs
kcron	libm.so.6	glibc
kcron	libstdc++.so.6	aaa_libraries
kcron	libstdc++.so.6	gcc-g++
kdav	libGLX.so.0	libglvnd
kdav	libKF6CoreAddons.so.6	kcoreaddons
kdav	libKF6I18n.so.6	ki18n
kdav	libOpenGL.so.0	libglvnd
kdav	libQt6Core.so.6	qt6
kdav	libQt6Gui.so.6	qt6
kdav	libQt6Network.so.6	qt6
kdav	libQt6Xml.so.6	qt6
kdav	libc.so.6	aaa_glibc-solibs
kdav	libc.so.6	glibc
kdav	libgcc_s.so.1	aaa_libraries
kdav	libgcc_s.so.1	gcc
kdav	libm.so.6	aaa_glibc-solibs
kdav	libm.so.6	glibc
kdav	libstdc++.so.6	aaa_libraries
kdav	libstdc++.so.6	gcc-g++
kdav5	libKF5ConfigCore.so.5	kconfig5
kdav5	libKF5CoreAddons.so.5	kcoreaddons5
kdav5	libKF5I18n.so.5	ki18n5
kdav5	libKF5KIOCore.so.5	kio5
kdav5	libKF5Service.so.5	kservice5
kdav5	libQt5Concurrent.so.5	qt5
kdav5	libQt5Core.so.5	qt5
kdav5	libQt5DBus.so.5	qt5
kdav5	libQt5Gui.so.5	qt5
kdav5	libQt5Network.so.5	qt5
kdav5	libQt5Xml.so.5	qt5
kdav5	libc.so.6	aaa_glibc-solibs
kdav5	libc.so.6	glibc
kdav5	libgcc_s.so.1	aaa_libraries
kdav5	libgcc_s.so.1	gcc
kdav5	libm.so.6	aaa_glibc-solibs
kdav5	libm.so.6	glibc
kdav5	libstdc++.so.6	aaa_libraries
kdav5	libstdc++.so.6	gcc-g++
kdbusaddons	libGLX.so.0	libglvnd
kdbusaddons	libOpenGL.so.0	libglvnd
kdbusaddons	libQt6Core.so.6	qt6
kdbusaddons	libQt6DBus.so.6	qt6
kdbusaddons	libQt6Gui.so.6	qt6
kdbusaddons	libc.so.6	aaa_glibc-solibs
kdbusaddons	libc.so.6	glibc
kdbusaddons	libgcc_s.so.1	aaa_libraries
kdbusaddons	libgcc_s.so.1	gcc
kdbusaddons	libm.so.6	aaa_glibc-solibs
kdbusaddons	libm.so.6	glibc
kdbusaddons	libstdc++.so.6	aaa_libraries
kdbusaddons	libstdc++.so.6	gcc-g++
kdbusaddons	libxkbcommon.so.0	aaa_libraries
kdbusaddons	libxkbcommon.so.0	libxkbcommon
kdbusaddons5	libQt5Core.so.5	qt5
kdbusaddons5	libQt5DBus.so.5	qt5
kdbusaddons5	libQt5Gui.so.5	qt5
kdbusaddons5	libQt5X11Extras.so.5	qt5
kdbusaddons5	libc.so.6	aaa_glibc-solibs
kdbusaddons5	libc.so.6	glibc
kdbusaddons5	libgcc_s.so.1	aaa_libraries
kdbusaddons5	libgcc_s.so.1	gcc
kdbusaddons5	libm.so.6	aaa_glibc-solibs
kdbusaddons5	libm.so.6	glibc
kdbusaddons5	libstdc++.so.6	aaa_libraries
kdbusaddons5	libstdc++.so.6	gcc-g++
kddockwidgets	libGLX.so.0	libglvnd
kddockwidgets	libOpenGL.so.0	libglvnd
kddockwidgets	libQt6Core.so.6	qt6
kddockwidgets	libQt6Gui.so.6	qt6
kddockwidgets	libQt6Network.so.6	qt6
kddockwidgets	libQt6OpenGL.so.6	qt6
kddockwidgets	libQt6Qml.so.6	qt6
kddockwidgets	libQt6QmlMeta.so.6	qt6
kddockwidgets	libQt6QmlModels.so.6	qt6
kddockwidgets	libQt6QmlWorkerScript.so.6	qt6
kddockwidgets	libQt6Quick.so.6	qt6
kddockwidgets	libQt6QuickControls2.so.6	qt6
kddockwidgets	libQt6Widgets.so.6	qt6
kddockwidgets	libc.so.6	aaa_glibc-solibs
kddockwidgets	libc.so.6	glibc
kddockwidgets	libfmt.so.12	fmt
kddockwidgets	libgcc_s.so.1	aaa_libraries
kddockwidgets	libgcc_s.so.1	gcc
kddockwidgets	libm.so.6	aaa_glibc-solibs
kddockwidgets	libm.so.6	glibc
kddockwidgets	libspdlog.so.1.17	spdlog
kddockwidgets	libstdc++.so.6	aaa_libraries
kddockwidgets	libstdc++.so.6	gcc-g++
kddockwidgets	libxkbcommon.so.0	aaa_libraries
kddockwidgets	libxkbcommon.so.0	libxkbcommon
kde-cli-tools	libGLX.so.0	libglvnd
kde-cli-tools	libKF6ColorScheme.so.6	kcolorscheme
kde-cli-tools	libKF6Completion.so.6	kcompletion
kde-cli-tools	libKF6ConfigCore.so.6	kconfig
kde-cli-tools	libKF6ConfigGui.so.6	kconfig
kde-cli-tools	libKF6ConfigWidgets.so.6	kconfigwidgets
kde-cli-tools	libKF6CoreAddons.so.6	kcoreaddons
kde-cli-tools	libKF6GuiAddons.so.6	kguiaddons
kde-cli-tools	libKF6I18n.so.6	ki18n
kde-cli-tools	libKF6IconThemes.so.6	kiconthemes
kde-cli-tools	libKF6IconWidgets.so.6	kiconthemes
kde-cli-tools	libKF6JobWidgets.so.6	kjobwidgets
kde-cli-tools	libKF6KCMUtils.so.6	kcmutils
kde-cli-tools	libKF6KCMUtilsCore.so.6	kcmutils
kde-cli-tools	libKF6KCMUtilsQuick.so.6	kcmutils
kde-cli-tools	libKF6KIOCore.so.6	kio
kde-cli-tools	libKF6KIOGui.so.6	kio
kde-cli-tools	libKF6KIOWidgets.so.6	kio
kde-cli-tools	libKF6Parts.so.6	kparts
kde-cli-tools	libKF6Pty.so.6	kpty
kde-cli-tools	libKF6Service.so.6	kservice
kde-cli-tools	libKF6Su.so.6	kdesu
kde-cli-tools	libKF6WidgetsAddons.so.6	kwidgetsaddons
kde-cli-tools	libKF6WindowSystem.so.6	kwindowsystem
kde-cli-tools	libKF6XmlGui.so.6	kxmlgui
kde-cli-tools	libOpenGL.so.0	libglvnd
kde-cli-tools	libQt6Core.so.6	qt6
kde-cli-tools	libQt6DBus.so.6	qt6
kde-cli-tools	libQt6Gui.so.6	qt6
kde-cli-tools	libQt6Network.so.6	qt6
kde-cli-tools	libQt6Qml.so.6	qt6
kde-cli-tools	libQt6Svg.so.6	qt6
kde-cli-tools	libQt6Widgets.so.6	qt6
kde-cli-tools	libQt6Xml.so.6	qt6
kde-cli-tools	libX11.so.6	libX11
kde-cli-tools	libc.so.6	aaa_glibc-solibs
kde-cli-tools	libc.so.6	glibc
kde-cli-tools	libgcc_s.so.1	aaa_libraries
kde-cli-tools	libgcc_s.so.1	gcc
kde-cli-tools	libm.so.6	aaa_glibc-solibs
kde-cli-tools	libm.so.6	glibc
kde-cli-tools	libstdc++.so.6	aaa_libraries
kde-cli-tools	libstdc++.so.6	gcc-g++
kde-cli-tools	libxkbcommon.so.0	aaa_libraries
kde-cli-tools	libxkbcommon.so.0	libxkbcommon
kde-dev-utils	libGLX.so.0	libglvnd
kde-dev-utils	libKF6ColorScheme.so.6	kcolorscheme
kde-dev-utils	libKF6ConfigCore.so.6	kconfig
kde-dev-utils	libKF6ConfigGui.so.6	kconfig
kde-dev-utils	libKF6ConfigWidgets.so.6	kconfigwidgets
kde-dev-utils	libKF6CoreAddons.so.6	kcoreaddons
kde-dev-utils	libKF6GuiAddons.so.6	kguiaddons
kde-dev-utils	libKF6I18n.so.6	ki18n
kde-dev-utils	libKF6KIOCore.so.6	kio
kde-dev-utils	libKF6KIOGui.so.6	kio
kde-dev-utils	libKF6Parts.so.6	kparts
kde-dev-utils	libKF6Service.so.6	kservice
kde-dev-utils	libKF6WidgetsAddons.so.6	kwidgetsaddons
kde-dev-utils	libKF6XmlGui.so.6	kxmlgui
kde-dev-utils	libOpenGL.so.0	libglvnd
kde-dev-utils	libQt6Core.so.6	qt6
kde-dev-utils	libQt6DBus.so.6	qt6
kde-dev-utils	libQt6Designer.so.6	qt6
kde-dev-utils	libQt6Gui.so.6	qt6
kde-dev-utils	libQt6Network.so.6	qt6
kde-dev-utils	libQt6OpenGL.so.6	qt6
kde-dev-utils	libQt6OpenGLWidgets.so.6	qt6
kde-dev-utils	libQt6UiTools.so.6	qt6
kde-dev-utils	libQt6Widgets.so.6	qt6
kde-dev-utils	libQt6Xml.so.6	qt6
kde-dev-utils	libc.so.6	aaa_glibc-solibs
kde-dev-utils	libc.so.6	glibc
kde-dev-utils	libgcc_s.so.1	aaa_libraries
kde-dev-utils	libgcc_s.so.1	gcc
kde-dev-utils	libm.so.6	aaa_glibc-solibs
kde-dev-utils	libm.so.6	glibc
kde-dev-utils	libstdc++.so.6	aaa_libraries
kde-dev-utils	libstdc++.so.6	gcc-g++
kde-gtk-config	libGLX.so.0	libglvnd
kde-gtk-config	libKF6ColorScheme.so.6	kcolorscheme
kde-gtk-config	libKF6ConfigCore.so.6	kconfig
kde-gtk-config	libKF6CoreAddons.so.6	kcoreaddons
kde-gtk-config	libKF6DBusAddons.so.6	kdbusaddons
kde-gtk-config	libKF6GuiAddons.so.6	kguiaddons
kde-gtk-config	libKF6WindowSystem.so.6	kwindowsystem
kde-gtk-config	libOpenGL.so.0	libglvnd
kde-gtk-config	libQt6Core.so.6	qt6
kde-gtk-config	libQt6DBus.so.6	qt6
kde-gtk-config	libQt6Gui.so.6	qt6
kde-gtk-config	libQt6Svg.so.6	qt6
kde-gtk-config	libX11.so.6	libX11
kde-gtk-config	libatk-1.0.so.0	at-spi2-core
kde-gtk-config	libc.so.6	aaa_glibc-solibs
kde-gtk-config	libc.so.6	glibc
kde-gtk-config	libcairo-gobject.so.2	cairo
kde-gtk-config	libcairo.so.2	cairo
kde-gtk-config	libgcc_s.so.1	aaa_libraries
kde-gtk-config	libgcc_s.so.1	gcc
kde-gtk-config	libgdk-3.so.0	gtk+3
kde-gtk-config	libgdk_pixbuf-2.0.so.0	gdk-pixbuf2
kde-gtk-config	libgio-2.0.so.0	glib2
kde-gtk-config	libglib-2.0.so.0	aaa_libraries
kde-gtk-config	libglib-2.0.so.0	glib2
kde-gtk-config	libgobject-2.0.so.0	aaa_libraries
kde-gtk-config	libgobject-2.0.so.0	glib2
kde-gtk-config	libgtk-3.so.0	gtk+3
kde-gtk-config	libharfbuzz.so.0	harfbuzz
kde-gtk-config	libkdecorations3.so.6	kdecoration
kde-gtk-config	libkdecorations3private.so.2	kdecoration
kde-gtk-config	libm.so.6	aaa_glibc-solibs
kde-gtk-config	libm.so.6	glibc
kde-gtk-config	libpango-1.0.so.0	pango
kde-gtk-config	libpangocairo-1.0.so.0	pango
kde-gtk-config	libstdc++.so.6	aaa_libraries
kde-gtk-config	libstdc++.so.6	gcc-g++
kde-gtk-config	libz.so.1	aaa_libraries
kde-gtk-config	libz.so.1	zlib
kde-inotify-survey	libGLX.so.0	libglvnd
kde-inotify-survey	libKF6AuthCore.so.6	kauth
kde-inotify-survey	libKF6CoreAddons.so.6	kcoreaddons
kde-inotify-survey	libKF6DBusAddons.so.6	kdbusaddons
kde-inotify-survey	libKF6I18n.so.6	ki18n
kde-inotify-survey	libKF6Notifications.so.6	knotifications
kde-inotify-survey	libOpenGL.so.0	libglvnd
kde-inotify-survey	libQt6Core.so.6	qt6
kde-inotify-survey	libQt6DBus.so.6	qt6
kde-inotify-survey	libQt6Gui.so.6	qt6
kde-inotify-survey	libc.so.6	aaa_glibc-solibs
kde-inotify-survey	libc.so.6	glibc
kde-inotify-survey	libgcc_s.so.1	aaa_libraries
kde-inotify-survey	libgcc_s.so.1	gcc
kde-inotify-survey	libm.so.6	aaa_glibc-solibs
kde-inotify-survey	libm.so.6	glibc
kde-inotify-survey	libstdc++.so.6	aaa_libraries
kde-inotify-survey	libstdc++.so.6	gcc-g++
kdebugsettings	libGLX.so.0	libglvnd
kdebugsettings	libKF6ColorScheme.so.6	kcolorscheme
kdebugsettings	libKF6Completion.so.6	kcompletion
kdebugsettings	libKF6ConfigCore.so.6	kconfig
kdebugsettings	libKF6ConfigGui.so.6	kconfig
kdebugsettings	libKF6ConfigWidgets.so.6	kconfigwidgets
kdebugsettings	libKF6CoreAddons.so.6	kcoreaddons
kdebugsettings	libKF6Crash.so.6	kcrash
kdebugsettings	libKF6DBusAddons.so.6	kdbusaddons
kdebugsettings	libKF6GuiAddons.so.6	kguiaddons
kdebugsettings	libKF6I18n.so.6	ki18n
kdebugsettings	libKF6IconThemes.so.6	kiconthemes
kdebugsettings	libKF6WidgetsAddons.so.6	kwidgetsaddons
kdebugsettings	libKF6WindowSystem.so.6	kwindowsystem
kdebugsettings	libKF6XmlGui.so.6	kxmlgui
kdebugsettings	libOpenGL.so.0	libglvnd
kdebugsettings	libQt6Core.so.6	qt6
kdebugsettings	libQt6DBus.so.6	qt6
kdebugsettings	libQt6Gui.so.6	qt6
kdebugsettings	libQt6Widgets.so.6	qt6
kdebugsettings	libQt6Xml.so.6	qt6
kdebugsettings	libX11.so.6	libX11
kdebugsettings	libc.so.6	aaa_glibc-solibs
kdebugsettings	libc.so.6	glibc
kdebugsettings	libgcc_s.so.1	aaa_libraries
kdebugsettings	libgcc_s.so.1	gcc
kdebugsettings	libm.so.6	aaa_glibc-solibs
kdebugsettings	libm.so.6	glibc
kdebugsettings	libstdc++.so.6	aaa_libraries
kdebugsettings	libstdc++.so.6	gcc-g++
kdeclarative	libGLX.so.0	libglvnd
kdeclarative	libKF6ConfigCore.so.6	kconfig
kdeclarative	libKF6ConfigGui.so.6	kconfig
kdeclarative	libKF6GlobalAccel.so.6	kglobalaccel
kdeclarative	libKF6GuiAddons.so.6	kguiaddons
kdeclarative	libKF6I18n.so.6	ki18n
kdeclarative	libKF6WidgetsAddons.so.6	kwidgetsaddons
kdeclarative	libOpenGL.so.0	libglvnd
kdeclarative	libQt6Core.so.6	qt6
kdeclarative	libQt6DBus.so.6	qt6
kdeclarative	libQt6Gui.so.6	qt6
kdeclarative	libQt6Network.so.6	qt6
kdeclarative	libQt6OpenGL.so.6	qt6
kdeclarative	libQt6Qml.so.6	qt6
kdeclarative	libQt6Quick.so.6	qt6
kdeclarative	libQt6Widgets.so.6	qt6
kdeclarative	libc.so.6	aaa_glibc-solibs
kdeclarative	libc.so.6	glibc
kdeclarative	libgcc_s.so.1	aaa_libraries
kdeclarative	libgcc_s.so.1	gcc
kdeclarative	libm.so.6	aaa_glibc-solibs
kdeclarative	libm.so.6	glibc
kdeclarative	libstdc++.so.6	aaa_libraries
kdeclarative	libstdc++.so.6	gcc-g++
kdeclarative5	libKF5Completion.so.5	kcompletion5
kdeclarative5	libKF5ConfigCore.so.5	kconfig5
kdeclarative5	libKF5ConfigGui.so.5	kconfig5
kdeclarative5	libKF5CoreAddons.so.5	kcoreaddons5
kdeclarative5	libKF5GlobalAccel.so.5	kglobalaccel5
kdeclarative5	libKF5GuiAddons.so.5	kguiaddons5
kdeclarative5	libKF5I18n.so.5	ki18n5
kdeclarative5	libKF5IconThemes.so.5	kiconthemes5
kdeclarative5	libKF5JobWidgets.so.5	kjobwidgets5
kdeclarative5	libKF5KIOCore.so.5	kio5
kdeclarative5	libKF5KIOGui.so.5	kio5
kdeclarative5	libKF5KIOWidgets.so.5	kio5
kdeclarative5	libKF5Notifications.so.5	knotifications5
kdeclarative5	libKF5Package.so.5	kpackage5
kdeclarative5	libKF5Service.so.5	kservice5
kdeclarative5	libKF5Solid.so.5	solid5
kdeclarative5	libKF5WidgetsAddons.so.5	kwidgetsaddons5
kdeclarative5	libKF5WindowSystem.so.5	kwindowsystem5
kdeclarative5	libQt5Concurrent.so.5	qt5
kdeclarative5	libQt5Core.so.5	qt5
kdeclarative5	libQt5DBus.so.5	qt5
kdeclarative5	libQt5Gui.so.5	qt5
kdeclarative5	libQt5Network.so.5	qt5
kdeclarative5	libQt5Qml.so.5	qt5
kdeclarative5	libQt5QmlModels.so.5	qt5
kdeclarative5	libQt5Quick.so.5	qt5
kdeclarative5	libQt5Widgets.so.5	qt5
kdeclarative5	libQt5Xml.so.5	qt5
kdeclarative5	libX11.so.6	libX11
kdeclarative5	libc.so.6	aaa_glibc-solibs
kdeclarative5	libc.so.6	glibc
kdeclarative5	libepoxy.so.0	libepoxy
kdeclarative5	libgcc_s.so.1	aaa_libraries
kdeclarative5	libgcc_s.so.1	gcc
kdeclarative5	libm.so.6	aaa_glibc-solibs
kdeclarative5	libm.so.6	glibc
kdeclarative5	libstdc++.so.6	aaa_libraries
kdeclarative5	libstdc++.so.6	gcc-g++
kdeconnect-kde	ld-linux-x86-64.so.2	aaa_glibc-solibs
kdeconnect-kde	ld-linux-x86-64.so.2	glibc
kdeconnect-kde	libGLX.so.0	libglvnd
kdeconnect-kde	libICE.so.6	libICE
kdeconnect-kde	libKF6Bookmarks.so.6	kbookmarks
kdeconnect-kde	libKF6ColorScheme.so.6	kcolorscheme
kdeconnect-kde	libKF6Completion.so.6	kcompletion
kdeconnect-kde	libKF6ConfigCore.so.6	kconfig
kdeconnect-kde	libKF6CoreAddons.so.6	kcoreaddons
kdeconnect-kde	libKF6Crash.so.6	kcrash
kdeconnect-kde	libKF6DBusAddons.so.6	kdbusaddons
kdeconnect-kde	libKF6GuiAddons.so.6	kguiaddons
kdeconnect-kde	libKF6I18n.so.6	ki18n
kdeconnect-kde	libKF6IconThemes.so.6	kiconthemes
kdeconnect-kde	libKF6ItemModels.so.6	kitemmodels
kdeconnect-kde	libKF6ItemViews.so.6	kitemviews
kdeconnect-kde	libKF6JobWidgets.so.6	kjobwidgets
kdeconnect-kde	libKF6KIOCore.so.6	kio
kdeconnect-kde	libKF6KIOFileWidgets.so.6	kio
kdeconnect-kde	libKF6KIOGui.so.6	kio
kdeconnect-kde	libKF6KIOWidgets.so.6	kio
kdeconnect-kde	libKF6ModemManagerQt.so.6	modemmanager-qt
kdeconnect-kde	libKF6Notifications.so.6	knotifications
kdeconnect-kde	libKF6People.so.6	kpeople
kdeconnect-kde	libKF6PulseAudioQt.so.5	pulseaudio-qt
kdeconnect-kde	libKF6Service.so.6	kservice
kdeconnect-kde	libKF6Solid.so.6	solid
kdeconnect-kde	libKF6StatusNotifierItem.so.6	kstatusnotifieritem
kdeconnect-kde	libKF6WidgetsAddons.so.6	kwidgetsaddons
kdeconnect-kde	libKF6WindowSystem.so.6	kwindowsystem
kdeconnect-kde	libOpenGL.so.0	libglvnd
kdeconnect-kde	libQt6Bluetooth.so.6	qt6
kdeconnect-kde	libQt6Core.so.6	qt6
kdeconnect-kde	libQt6DBus.so.6	qt6
kdeconnect-kde	libQt6Gui.so.6	qt6
kdeconnect-kde	libQt6Multimedia.so.6	qt6
kdeconnect-kde	libQt6Network.so.6	qt6
kdeconnect-kde	libQt6OpenGL.so.6	qt6
kdeconnect-kde	libQt6Qml.so.6	qt6
kdeconnect-kde	libQt6Quick.so.6	qt6
kdeconnect-kde	libQt6QuickControls2.so.6	qt6
kdeconnect-kde	libQt6WaylandClient.so.6	qt6
kdeconnect-kde	libQt6Widgets.so.6	qt6
kdeconnect-kde	libQt6Xml.so.6	qt6
kdeconnect-kde	libSM.so.6	libSM
kdeconnect-kde	libX11.so.6	libX11
kdeconnect-kde	libXext.so.6	libXext
kdeconnect-kde	libXtst.so.6	libXtst
kdeconnect-kde	libc.so.6	aaa_glibc-solibs
kdeconnect-kde	libc.so.6	glibc
kdeconnect-kde	libcrypto.so.3	openssl
kdeconnect-kde	libcrypto.so.3	openssl-solibs
kdeconnect-kde	libdbus-1.so.3	dbus
kdeconnect-kde	libei.so.1	libei
kdeconnect-kde	libevdev.so.2	libevdev
kdeconnect-kde	libfakekey.so.0	libfakekey
kdeconnect-kde	libgcc_s.so.1	aaa_libraries
kdeconnect-kde	libgcc_s.so.1	gcc
kdeconnect-kde	libm.so.6	aaa_glibc-solibs
kdeconnect-kde	libm.so.6	glibc
kdeconnect-kde	libstdc++.so.6	aaa_libraries
kdeconnect-kde	libstdc++.so.6	gcc-g++
kdeconnect-kde	libwayland-client.so.0	wayland
kdeconnect-kde	libwayland-cursor.so.0	wayland
kdeconnect-kde	libxkbcommon.so.0	aaa_libraries
kdeconnect-kde	libxkbcommon.so.0	libxkbcommon
kdecoration	libGLX.so.0	libglvnd
kdecoration	libKF6I18n.so.6	ki18n
kdecoration	libOpenGL.so.0	libglvnd
kdecoration	libQt6Core.so.6	qt6
kdecoration	libQt6Gui.so.6	qt6
kdecoration	libc.so.6	aaa_glibc-solibs
kdecoration	libc.so.6	glibc
kdecoration	libgcc_s.so.1	aaa_libraries
kdecoration	libgcc_s.so.1	gcc
kdecoration	libm.so.6	aaa_glibc-solibs
kdecoration	libm.so.6	glibc
kdecoration	libstdc++.so.6	aaa_libraries
kdecoration	libstdc++.so.6	gcc-g++
kded	libGLX.so.0	libglvnd
kded	libKF6ConfigCore.so.6	kconfig
kded	libKF6CoreAddons.so.6	kcoreaddons
kded	libKF6Crash.so.6	kcrash
kded	libKF6DBusAddons.so.6	kdbusaddons
kded	libKF6Service.so.6	kservice
kded	libOpenGL.so.0	libglvnd
kded	libQt6Core.so.6	qt6
kded	libQt6DBus.so.6	qt6
kded	libQt6Gui.so.6	qt6
kded	libQt6Widgets.so.6	qt6
kded	libc.so.6	aaa_glibc-solibs
kded	libc.so.6	glibc
kded	libgcc_s.so.1	aaa_libraries
kded	libgcc_s.so.1	gcc
kded	libm.so.6	aaa_glibc-solibs
kded	libm.so.6	glibc
kded	libstdc++.so.6	aaa_libraries
kded	libstdc++.so.6	gcc-g++
kded5	libKF5ConfigCore.so.5	kconfig5
kded5	libKF5CoreAddons.so.5	kcoreaddons5
kded5	libKF5Crash.so.5	kcrash5
kded5	libKF5DBusAddons.so.5	kdbusaddons5
kded5	libKF5Service.so.5	kservice5
kded5	libQt5Core.so.5	qt5
kded5	libQt5DBus.so.5	qt5
kded5	libQt5Gui.so.5	qt5
kded5	libQt5Widgets.so.5	qt5
kded5	libc.so.6	aaa_glibc-solibs
kded5	libc.so.6	glibc
kded5	libgcc_s.so.1	aaa_libraries
kded5	libgcc_s.so.1	gcc
kded5	libm.so.6	aaa_glibc-solibs
kded5	libm.so.6	glibc
kded5	libstdc++.so.6	aaa_libraries
kded5	libstdc++.so.6	gcc-g++
kdegraphics-mobipocket	libGLX.so.0	libglvnd
kdegraphics-mobipocket	libOpenGL.so.0	libglvnd
kdegraphics-mobipocket	libQt6Core.so.6	qt6
kdegraphics-mobipocket	libQt6Gui.so.6	qt6
kdegraphics-mobipocket	libc.so.6	aaa_glibc-solibs
kdegraphics-mobipocket	libc.so.6	glibc
kdegraphics-mobipocket	libgcc_s.so.1	aaa_libraries
kdegraphics-mobipocket	libgcc_s.so.1	gcc
kdegraphics-mobipocket	libm.so.6	aaa_glibc-solibs
kdegraphics-mobipocket	libm.so.6	glibc
kdegraphics-mobipocket	libstdc++.so.6	aaa_libraries
kdegraphics-mobipocket	libstdc++.so.6	gcc-g++
kdegraphics-thumbnailers	libGLX.so.0	libglvnd
kdegraphics-thumbnailers	libKDcrawQt6.so.5	libkdcraw
kdegraphics-thumbnailers	libKExiv2Qt6.so.0	libkexiv2
kdegraphics-thumbnailers	libKF6Archive.so.6	karchive
kdegraphics-thumbnailers	libKF6ConfigCore.so.6	kconfig
kdegraphics-thumbnailers	libKF6CoreAddons.so.6	kcoreaddons
kdegraphics-thumbnailers	libKF6KIOCore.so.6	kio
kdegraphics-thumbnailers	libKF6KIOGui.so.6	kio
kdegraphics-thumbnailers	libKF6Service.so.6	kservice
kdegraphics-thumbnailers	libOpenGL.so.0	libglvnd
kdegraphics-thumbnailers	libQMobipocket6.so.3	kdegraphics-mobipocket
kdegraphics-thumbnailers	libQt6Core.so.6	qt6
kdegraphics-thumbnailers	libQt6DBus.so.6	qt6
kdegraphics-thumbnailers	libQt6Gui.so.6	qt6
kdegraphics-thumbnailers	libQt6Network.so.6	qt6
kdegraphics-thumbnailers	libc.so.6	aaa_glibc-solibs
kdegraphics-thumbnailers	libc.so.6	glibc
kdegraphics-thumbnailers	libgcc_s.so.1	aaa_libraries
kdegraphics-thumbnailers	libgcc_s.so.1	gcc
kdegraphics-thumbnailers	libm.so.6	aaa_glibc-solibs
kdegraphics-thumbnailers	libm.so.6	glibc
kdegraphics-thumbnailers	libstdc++.so.6	aaa_libraries
kdegraphics-thumbnailers	libstdc++.so.6	gcc-g++
kdenetwork-filesharing	libGLX.so.0	libglvnd
kdenetwork-filesharing	libKF6AuthCore.so.6	kauth
kdenetwork-filesharing	libKF6Completion.so.6	kcompletion
kdenetwork-filesharing	libKF6ConfigCore.so.6	kconfig
kdenetwork-filesharing	libKF6CoreAddons.so.6	kcoreaddons
kdenetwork-filesharing	libKF6I18n.so.6	ki18n
kdenetwork-filesharing	libKF6JobWidgets.so.6	kjobwidgets
kdenetwork-filesharing	libKF6KIOCore.so.6	kio
kdenetwork-filesharing	libKF6KIOGui.so.6	kio
kdenetwork-filesharing	libKF6KIOWidgets.so.6	kio
kdenetwork-filesharing	libKF6Service.so.6	kservice
kdenetwork-filesharing	libKF6WidgetsAddons.so.6	kwidgetsaddons
kdenetwork-filesharing	libOpenGL.so.0	libglvnd
kdenetwork-filesharing	libQCoro6Core.so.0	qcoro
kdenetwork-filesharing	libQCoro6DBus.so.0	qcoro
kdenetwork-filesharing	libQt6Core.so.6	qt6
kdenetwork-filesharing	libQt6DBus.so.6	qt6
kdenetwork-filesharing	libQt6Gui.so.6	qt6
kdenetwork-filesharing	libQt6Network.so.6	qt6
kdenetwork-filesharing	libQt6OpenGL.so.6	qt6
kdenetwork-filesharing	libQt6Qml.so.6	qt6
kdenetwork-filesharing	libQt6Quick.so.6	qt6
kdenetwork-filesharing	libQt6QuickWidgets.so.6	qt6
kdenetwork-filesharing	libQt6Widgets.so.6	qt6
kdenetwork-filesharing	libc.so.6	aaa_glibc-solibs
kdenetwork-filesharing	libc.so.6	glibc
kdenetwork-filesharing	libgcc_s.so.1	aaa_libraries
kdenetwork-filesharing	libgcc_s.so.1	gcc
kdenetwork-filesharing	libm.so.6	aaa_glibc-solibs
kdenetwork-filesharing	libm.so.6	glibc
kdenetwork-filesharing	libstdc++.so.6	aaa_libraries
kdenetwork-filesharing	libstdc++.so.6	gcc-g++
kdenlive	ld-linux-x86-64.so.2	aaa_glibc-solibs
kdenlive	ld-linux-x86-64.so.2	glibc
kdenlive	libGLU.so.1	glu
kdenlive	libGLX.so.0	libglvnd
kdenlive	libImath-3_2.so.30	Imath
kdenlive	libKF6Archive.so.6	karchive
kdenlive	libKF6Attica.so.6	attica
kdenlive	libKF6Bookmarks.so.6	kbookmarks
kdenlive	libKF6Codecs.so.6	kcodecs
kdenlive	libKF6ColorScheme.so.6	kcolorscheme
kdenlive	libKF6Completion.so.6	kcompletion
kdenlive	libKF6ConfigCore.so.6	kconfig
kdenlive	libKF6ConfigGui.so.6	kconfig
kdenlive	libKF6ConfigWidgets.so.6	kconfigwidgets
kdenlive	libKF6CoreAddons.so.6	kcoreaddons
kdenlive	libKF6Crash.so.6	kcrash
kdenlive	libKF6DBusAddons.so.6	kdbusaddons
kdenlive	libKF6FileMetaData.so.3	kfilemetadata
kdenlive	libKF6GuiAddons.so.6	kguiaddons
kdenlive	libKF6I18n.so.6	ki18n
kdenlive	libKF6I18nQml.so.6	ki18n
kdenlive	libKF6IconThemes.so.6	kiconthemes
kdenlive	libKF6ItemViews.so.6	kitemviews
kdenlive	libKF6JobWidgets.so.6	kjobwidgets
kdenlive	libKF6KIOCore.so.6	kio
kdenlive	libKF6KIOFileWidgets.so.6	kio
kdenlive	libKF6KIOGui.so.6	kio
kdenlive	libKF6KIOWidgets.so.6	kio
kdenlive	libKF6NewStuffCore.so.6	knewstuff
kdenlive	libKF6NewStuffWidgets.so.6	knewstuff
kdenlive	libKF6Notifications.so.6	knotifications
kdenlive	libKF6NotifyConfig.so.6	knotifyconfig
kdenlive	libKF6Purpose.so.6	purpose
kdenlive	libKF6PurposeWidgets.so.6	purpose
kdenlive	libKF6Service.so.6	kservice
kdenlive	libKF6Solid.so.6	solid
kdenlive	libKF6SonnetUi.so.6	sonnet
kdenlive	libKF6TextWidgets.so.6	ktextwidgets
kdenlive	libKF6WidgetsAddons.so.6	kwidgetsaddons
kdenlive	libKF6XmlGui.so.6	kxmlgui
kdenlive	libOpenGL.so.0	libglvnd
kdenlive	libQt6Concurrent.so.6	qt6
kdenlive	libQt6Core.so.6	qt6
kdenlive	libQt6DBus.so.6	qt6
kdenlive	libQt6Gui.so.6	qt6
kdenlive	libQt6Multimedia.so.6	qt6
kdenlive	libQt6MultimediaWidgets.so.6	qt6
kdenlive	libQt6Network.so.6	qt6
kdenlive	libQt6NetworkAuth.so.6	qt6
kdenlive	libQt6OpenGL.so.6	qt6
kdenlive	libQt6Qml.so.6	qt6
kdenlive	libQt6Quick.so.6	qt6
kdenlive	libQt6QuickControls2.so.6	qt6
kdenlive	libQt6QuickWidgets.so.6	qt6
kdenlive	libQt6Svg.so.6	qt6
kdenlive	libQt6SvgWidgets.so.6	qt6
kdenlive	libQt6Widgets.so.6	qt6
kdenlive	libQt6Xml.so.6	qt6
kdenlive	libavcodec.so.63	ffmpeg
kdenlive	libavformat.so.63	ffmpeg
kdenlive	libavutil.so.61	ffmpeg
kdenlive	libc.so.6	aaa_glibc-solibs
kdenlive	libc.so.6	glibc
kdenlive	libgcc_s.so.1	aaa_libraries
kdenlive	libgcc_s.so.1	gcc
kdenlive	libkddockwidgets-qt6.so.3	kddockwidgets
kdenlive	libm.so.6	aaa_glibc-solibs
kdenlive	libm.so.6	glibc
kdenlive	libmlt++-7.so.7	mlt
kdenlive	libmlt-7.so.7	mlt
kdenlive	libopentime.so.18	opentimelineio
kdenlive	libopentimelineio.so.18	opentimelineio
kdenlive	libstdc++.so.6	aaa_libraries
kdenlive	libstdc++.so.6	gcc-g++
kdenlive	libswresample.so.7	ffmpeg
kdepim-addons	ld-linux-x86-64.so.2	aaa_glibc-solibs
kdepim-addons	ld-linux-x86-64.so.2	glibc
kdepim-addons	libGLX.so.0	libglvnd
kdepim-addons	libKF6Archive.so.6	karchive
kdepim-addons	libKF6CalendarCore.so.6	kcalendarcore
kdepim-addons	libKF6CalendarEvents.so.6	kdeclarative
kdepim-addons	libKF6Codecs.so.6	kcodecs
kdepim-addons	libKF6ColorScheme.so.6	kcolorscheme
kdepim-addons	libKF6Completion.so.6	kcompletion
kdepim-addons	libKF6ConfigCore.so.6	kconfig
kdepim-addons	libKF6ConfigGui.so.6	kconfig
kdepim-addons	libKF6ConfigWidgets.so.6	kconfigwidgets
kdepim-addons	libKF6Contacts.so.6	kcontacts
kdepim-addons	libKF6CoreAddons.so.6	kcoreaddons
kdepim-addons	libKF6GuiAddons.so.6	kguiaddons
kdepim-addons	libKF6Holidays.so.6	kholidays
kdepim-addons	libKF6I18n.so.6	ki18n
kdepim-addons	libKF6IconThemes.so.6	kiconthemes
kdepim-addons	libKF6ItemModels.so.6	kitemmodels
kdepim-addons	libKF6ItemViews.so.6	kitemviews
kdepim-addons	libKF6JobWidgets.so.6	kjobwidgets
kdepim-addons	libKF6KCMUtils.so.6	kcmutils
kdepim-addons	libKF6KCMUtilsCore.so.6	kcmutils
kdepim-addons	libKF6KCMUtilsQuick.so.6	kcmutils
kdepim-addons	libKF6KIOCore.so.6	kio
kdepim-addons	libKF6KIOGui.so.6	kio
kdepim-addons	libKF6KIOWidgets.so.6	kio
kdepim-addons	libKF6Mime.so.6	kmime
kdepim-addons	libKF6Prison.so.6	prison
kdepim-addons	libKF6Service.so.6	kservice
kdepim-addons	libKF6SonnetUi.so.6	sonnet
kdepim-addons	libKF6SyntaxHighlighting.so.6	syntax-highlighting
kdepim-addons	libKF6TextAddonsWidgets.so.1	ktextaddons
kdepim-addons	libKF6TextAutoCorrectionCore.so.1	ktextaddons
kdepim-addons	libKF6TextAutoCorrectionWidgets.so.1	ktextaddons
kdepim-addons	libKF6TextAutoGenerateText.so.1	ktextaddons
kdepim-addons	libKF6TextAutoGenerateTextMcpProtocolCore.so.1	ktextaddons
kdepim-addons	libKF6TextCustomEditor.so.1	ktextaddons
kdepim-addons	libKF6TextGrammarCheck.so.1	ktextaddons
kdepim-addons	libKF6TextTemplate.so.6	ktexttemplate
kdepim-addons	libKF6TextTranslator.so.1	ktextaddons
kdepim-addons	libKF6TextUtils.so.1	ktextaddons
kdepim-addons	libKF6WidgetsAddons.so.6	kwidgetsaddons
kdepim-addons	libKF6XmlGui.so.6	kxmlgui
kdepim-addons	libKPim6AddressbookImportExport.so.6	kaddressbook
kdepim-addons	libKPim6AkonadiCalendar.so.6	akonadi-calendar
kdepim-addons	libKPim6AkonadiCalendarCore.so.6	akonadi-calendar
kdepim-addons	libKPim6AkonadiContactCore.so.6	akonadi-contacts
kdepim-addons	libKPim6AkonadiContactWidgets.so.6	akonadi-contacts
kdepim-addons	libKPim6AkonadiCore.so.6	akonadi
kdepim-addons	libKPim6AkonadiMime.so.6	akonadi-mime
kdepim-addons	libKPim6AkonadiPrivate.so.6	akonadi
kdepim-addons	libKPim6AkonadiWidgets.so.6	akonadi
kdepim-addons	libKPim6CalendarSupport.so.6	calendarsupport
kdepim-addons	libKPim6CalendarUtils.so.6	kcalutils
kdepim-addons	libKPim6EventViews.so.6	eventviews
kdepim-addons	libKPim6GrantleeTheme.so.6	grantleetheme
kdepim-addons	libKPim6Gravatar.so.6	libgravatar
kdepim-addons	libKPim6IMAP.so.6	kimap
kdepim-addons	libKPim6IdentityManagementCore.so.6	kidentitymanagement
kdepim-addons	libKPim6IdentityManagementWidgets.so.6	kidentitymanagement
kdepim-addons	libKPim6ImportWizard.so.6	akonadi-import-wizard
kdepim-addons	libKPim6IncidenceEditor.so.6	incidenceeditor
kdepim-addons	libKPim6Itinerary.so.6	kitinerary
kdepim-addons	libKPim6KManageSieve.so.6	libksieve
kdepim-addons	libKPim6KSieve.so.6	libksieve
kdepim-addons	libKPim6KSieveCore.so.6	libksieve
kdepim-addons	libKPim6KSieveUi.so.6	libksieve
kdepim-addons	libKPim6LdapCore.so.6	kldap
kdepim-addons	libKPim6LdapWidgets.so.6	kldap
kdepim-addons	libKPim6Libkdepim.so.6	libkdepim
kdepim-addons	libKPim6Libkleo.so.6	libkleo
kdepim-addons	libKPim6MailCommon.so.6	mailcommon
kdepim-addons	libKPim6MailImporter.so.6	mailimporter
kdepim-addons	libKPim6MailImporterAkonadi.so.6	mailimporter
kdepim-addons	libKPim6MailTransport.so.6	kmailtransport
kdepim-addons	libKPim6MessageComposer.so.6	messagelib
kdepim-addons	libKPim6MessageCore.so.6	messagelib
kdepim-addons	libKPim6MessageList.so.6	messagelib
kdepim-addons	libKPim6MessageViewer.so.6	messagelib
kdepim-addons	libKPim6MimeTreeParser.so.6	messagelib
kdepim-addons	libKPim6PimCommon.so.6	pimcommon
kdepim-addons	libKPim6PimCommonActivities.so.6	pimcommon
kdepim-addons	libKPim6PimCommonAkonadi.so.6	pimcommon
kdepim-addons	libKPim6PkPass.so.6	kpkpass
kdepim-addons	libKPim6TemplateParser.so.6	messagelib
kdepim-addons	libKPim6TextEdit.so.6	kpimtextedit
kdepim-addons	libKPim6Tnef.so.6	ktnef
kdepim-addons	libKPim6WebEngineViewer.so.6	messagelib
kdepim-addons	libOpenGL.so.0	libglvnd
kdepim-addons	libPlasmaActivities.so.7	plasma-activities
kdepim-addons	libQt6Core.so.6	qt6
kdepim-addons	libQt6DBus.so.6	qt6
kdepim-addons	libQt6Gui.so.6	qt6
kdepim-addons	libQt6Network.so.6	qt6
kdepim-addons	libQt6OpenGL.so.6	qt6
kdepim-addons	libQt6Positioning.so.6	qt6
kdepim-addons	libQt6PrintSupport.so.6	qt6
kdepim-addons	libQt6Qml.so.6	qt6
kdepim-addons	libQt6Quick.so.6	qt6
kdepim-addons	libQt6Sql.so.6	qt6
kdepim-addons	libQt6WebChannel.so.6	qt6
kdepim-addons	libQt6WebEngineCore.so.6	qt6
kdepim-addons	libQt6WebEngineWidgets.so.6	qt6
kdepim-addons	libQt6Widgets.so.6	qt6
kdepim-addons	libQt6Xml.so.6	qt6
kdepim-addons	libc.so.6	aaa_glibc-solibs
kdepim-addons	libc.so.6	glibc
kdepim-addons	libgcc_s.so.1	aaa_libraries
kdepim-addons	libgcc_s.so.1	gcc
kdepim-addons	libgpg-error.so.0	aaa_libraries
kdepim-addons	libgpg-error.so.0	libgpg-error
kdepim-addons	libgpgme.so.45	gpgme
kdepim-addons	libgpgmepp.so.7	gpgmepp
kdepim-addons	libm.so.6	aaa_glibc-solibs
kdepim-addons	libm.so.6	glibc
kdepim-addons	libqgpgmeqt6.so.15	qgpgme
kdepim-addons	libstdc++.so.6	aaa_libraries
kdepim-addons	libstdc++.so.6	gcc-g++
kdepim-runtime	libGLX.so.0	libglvnd
kdepim-runtime	libKF6Bookmarks.so.6	kbookmarks
kdepim-runtime	libKF6CalendarCore.so.6	kcalendarcore
kdepim-runtime	libKF6Codecs.so.6	kcodecs
kdepim-runtime	libKF6ColorScheme.so.6	kcolorscheme
kdepim-runtime	libKF6Completion.so.6	kcompletion
kdepim-runtime	libKF6ConfigCore.so.6	kconfig
kdepim-runtime	libKF6ConfigGui.so.6	kconfig
kdepim-runtime	libKF6ConfigWidgets.so.6	kconfigwidgets
kdepim-runtime	libKF6Contacts.so.6	kcontacts
kdepim-runtime	libKF6CoreAddons.so.6	kcoreaddons
kdepim-runtime	libKF6DAV.so.6	kdav
kdepim-runtime	libKF6GuiAddons.so.6	kguiaddons
kdepim-runtime	libKF6I18n.so.6	ki18n
kdepim-runtime	libKF6ItemModels.so.6	kitemmodels
kdepim-runtime	libKF6ItemViews.so.6	kitemviews
kdepim-runtime	libKF6JobWidgets.so.6	kjobwidgets
kdepim-runtime	libKF6KCMUtils.so.6	kcmutils
kdepim-runtime	libKF6KCMUtilsCore.so.6	kcmutils
kdepim-runtime	libKF6KCMUtilsQuick.so.6	kcmutils
kdepim-runtime	libKF6KIOCore.so.6	kio
kdepim-runtime	libKF6KIOFileWidgets.so.6	kio
kdepim-runtime	libKF6KIOGui.so.6	kio
kdepim-runtime	libKF6KIOWidgets.so.6	kio
kdepim-runtime	libKF6Mime.so.6	kmime
kdepim-runtime	libKF6Notifications.so.6	knotifications
kdepim-runtime	libKF6NotifyConfig.so.6	knotifyconfig
kdepim-runtime	libKF6Service.so.6	kservice
kdepim-runtime	libKF6Solid.so.6	solid
kdepim-runtime	libKF6SonnetUi.so.6	sonnet
kdepim-runtime	libKF6SyntaxHighlighting.so.6	syntax-highlighting
kdepim-runtime	libKF6TextAddonsWidgets.so.1	ktextaddons
kdepim-runtime	libKF6TextAutoCorrectionCore.so.1	ktextaddons
kdepim-runtime	libKF6TextAutoCorrectionWidgets.so.1	ktextaddons
kdepim-runtime	libKF6TextCustomEditor.so.1	ktextaddons
kdepim-runtime	libKF6TextTemplate.so.6	ktexttemplate
kdepim-runtime	libKF6WidgetsAddons.so.6	kwidgetsaddons
kdepim-runtime	libKF6WindowSystem.so.6	kwindowsystem
kdepim-runtime	libKF6XmlGui.so.6	kxmlgui
kdepim-runtime	libKPim6AkonadiAgentBase.so.6	akonadi
kdepim-runtime	libKPim6AkonadiAgentWidgetBase.so.6	akonadi
kdepim-runtime	libKPim6AkonadiCalendar.so.6	akonadi-calendar
kdepim-runtime	libKPim6AkonadiCalendarCore.so.6	akonadi-calendar
kdepim-runtime	libKPim6AkonadiContactCore.so.6	akonadi-contacts
kdepim-runtime	libKPim6AkonadiContactWidgets.so.6	akonadi-contacts
kdepim-runtime	libKPim6AkonadiCore.so.6	akonadi
kdepim-runtime	libKPim6AkonadiMime.so.6	akonadi-mime
kdepim-runtime	libKPim6AkonadiPrivate.so.6	akonadi
kdepim-runtime	libKPim6AkonadiWidgets.so.6	akonadi
kdepim-runtime	libKPim6GAPICalendar.so.6	libkgapi
kdepim-runtime	libKPim6GAPICore.so.6	libkgapi
kdepim-runtime	libKPim6GAPIPeople.so.6	libkgapi
kdepim-runtime	libKPim6GAPITasks.so.6	libkgapi
kdepim-runtime	libKPim6GrantleeTheme.so.6	grantleetheme
kdepim-runtime	libKPim6IMAP.so.6	kimap
kdepim-runtime	libKPim6IdentityManagementCore.so.6	kidentitymanagement
kdepim-runtime	libKPim6IdentityManagementWidgets.so.6	kidentitymanagement
kdepim-runtime	libKPim6LdapCore.so.6	kldap
kdepim-runtime	libKPim6LdapWidgets.so.6	kldap
kdepim-runtime	libKPim6Libkdepim.so.6	libkdepim
kdepim-runtime	libKPim6MailTransport.so.6	kmailtransport
kdepim-runtime	libKPim6Mbox.so.6	kmbox
kdepim-runtime	libKPim6PimCommon.so.6	pimcommon
kdepim-runtime	libKPim6PimCommonActivities.so.6	pimcommon
kdepim-runtime	libKPim6PimCommonAkonadi.so.6	pimcommon
kdepim-runtime	libOpenGL.so.0	libglvnd
kdepim-runtime	libPlasmaActivities.so.7	plasma-activities
kdepim-runtime	libQt6Core.so.6	qt6
kdepim-runtime	libQt6DBus.so.6	qt6
kdepim-runtime	libQt6Gui.so.6	qt6
kdepim-runtime	libQt6Multimedia.so.6	qt6
kdepim-runtime	libQt6Network.so.6	qt6
kdepim-runtime	libQt6NetworkAuth.so.6	qt6
kdepim-runtime	libQt6OpenGL.so.6	qt6
kdepim-runtime	libQt6Positioning.so.6	qt6
kdepim-runtime	libQt6PrintSupport.so.6	qt6
kdepim-runtime	libQt6Qml.so.6	qt6
kdepim-runtime	libQt6Quick.so.6	qt6
kdepim-runtime	libQt6TextToSpeech.so.6	qt6
kdepim-runtime	libQt6WebChannel.so.6	qt6
kdepim-runtime	libQt6WebEngineCore.so.6	qt6
kdepim-runtime	libQt6WebEngineWidgets.so.6	qt6
kdepim-runtime	libQt6Widgets.so.6	qt6
kdepim-runtime	libQt6Xml.so.6	qt6
kdepim-runtime	libX11.so.6	libX11
kdepim-runtime	libc.so.6	aaa_glibc-solibs
kdepim-runtime	libc.so.6	glibc
kdepim-runtime	libgcc_s.so.1	aaa_libraries
kdepim-runtime	libgcc_s.so.1	gcc
kdepim-runtime	libm.so.6	aaa_glibc-solibs
kdepim-runtime	libm.so.6	glibc
kdepim-runtime	libqca-qt6.so.2	qca
kdepim-runtime	libqt6keychain.so.1	qtkeychain
kdepim-runtime	libsasl2.so.3	cyrus-sasl
kdepim-runtime	libstdc++.so.6	aaa_libraries
kdepim-runtime	libstdc++.so.6	gcc-g++
kdeplasma-addons	ld-linux-x86-64.so.2	aaa_glibc-solibs
kdeplasma-addons	ld-linux-x86-64.so.2	glibc
kdeplasma-addons	libGLX.so.0	libglvnd
kdeplasma-addons	libKF6AuthCore.so.6	kauth
kdeplasma-addons	libKF6CalendarEvents.so.6	kdeclarative
kdeplasma-addons	libKF6ColorScheme.so.6	kcolorscheme
kdeplasma-addons	libKF6Completion.so.6	kcompletion
kdeplasma-addons	libKF6ConfigCore.so.6	kconfig
kdeplasma-addons	libKF6ConfigGui.so.6	kconfig
kdeplasma-addons	libKF6ConfigWidgets.so.6	kconfigwidgets
kdeplasma-addons	libKF6CoreAddons.so.6	kcoreaddons
kdeplasma-addons	libKF6DBusAddons.so.6	kdbusaddons
kdeplasma-addons	libKF6GlobalAccel.so.6	kglobalaccel
kdeplasma-addons	libKF6GuiAddons.so.6	kguiaddons
kdeplasma-addons	libKF6Holidays.so.6	kholidays
kdeplasma-addons	libKF6I18n.so.6	ki18n
kdeplasma-addons	libKF6JobWidgets.so.6	kjobwidgets
kdeplasma-addons	libKF6KCMUtils.so.6	kcmutils
kdeplasma-addons	libKF6KCMUtilsCore.so.6	kcmutils
kdeplasma-addons	libKF6KCMUtilsQuick.so.6	kcmutils
kdeplasma-addons	libKF6KIOCore.so.6	kio
kdeplasma-addons	libKF6KIOGui.so.6	kio
kdeplasma-addons	libKF6KIOWidgets.so.6	kio
kdeplasma-addons	libKF6Notifications.so.6	knotifications
kdeplasma-addons	libKF6Package.so.6	kpackage
kdeplasma-addons	libKF6Runner.so.6	krunner
kdeplasma-addons	libKF6Service.so.6	kservice
kdeplasma-addons	libKF6SonnetCore.so.6	sonnet
kdeplasma-addons	libKF6Svg.so.6	ksvg
kdeplasma-addons	libKF6UnitConversion.so.6	kunitconversion
kdeplasma-addons	libKF6WidgetsAddons.so.6	kwidgetsaddons
kdeplasma-addons	libKF6XmlGui.so.6	kxmlgui
kdeplasma-addons	libKirigamiPlatform.so.6	kirigami
kdeplasma-addons	libOpenGL.so.0	libglvnd
kdeplasma-addons	libPlasma.so.7	libplasma
kdeplasma-addons	libQt6Core.so.6	qt6
kdeplasma-addons	libQt6DBus.so.6	qt6
kdeplasma-addons	libQt6Gui.so.6	qt6
kdeplasma-addons	libQt6Network.so.6	qt6
kdeplasma-addons	libQt6OpenGL.so.6	qt6
kdeplasma-addons	libQt6Positioning.so.6	qt6
kdeplasma-addons	libQt6Qml.so.6	qt6
kdeplasma-addons	libQt6Quick.so.6	qt6
kdeplasma-addons	libQt6WebChannel.so.6	qt6
kdeplasma-addons	libQt6WebChannelQuick.so.6	qt6
kdeplasma-addons	libQt6WebEngineCore.so.6	qt6
kdeplasma-addons	libQt6WebEngineQuick.so.6	qt6
kdeplasma-addons	libQt6Widgets.so.6	qt6
kdeplasma-addons	libQt6Xml.so.6	qt6
kdeplasma-addons	libc.so.6	aaa_glibc-solibs
kdeplasma-addons	libc.so.6	glibc
kdeplasma-addons	libgcc_s.so.1	aaa_libraries
kdeplasma-addons	libgcc_s.so.1	gcc
kdeplasma-addons	libicui18n.so.78	icu4c
kdeplasma-addons	libicuuc.so.78	icu4c
kdeplasma-addons	libm.so.6	aaa_glibc-solibs
kdeplasma-addons	libm.so.6	glibc
kdeplasma-addons	libstdc++.so.6	aaa_libraries
kdeplasma-addons	libstdc++.so.6	gcc-g++
kdeplasma-addons	libudev.so.1	aaa_libraries
kdeplasma-addons	libudev.so.1	eudev
kdesdk-kio	libKF6CoreAddons.so.6	kcoreaddons
kdesdk-kio	libKF6I18n.so.6	ki18n
kdesdk-kio	libKF6KIOCore.so.6	kio
kdesdk-kio	libQt6Core.so.6	qt6
kdesdk-kio	libQt6DBus.so.6	qt6
kdesdk-kio	libQt6Network.so.6	qt6
kdesdk-kio	libc.so.6	aaa_glibc-solibs
kdesdk-kio	libc.so.6	glibc
kdesdk-kio	libgcc_s.so.1	aaa_libraries
kdesdk-kio	libgcc_s.so.1	gcc
kdesdk-kio	libm.so.6	aaa_glibc-solibs
kdesdk-kio	libm.so.6	glibc
kdesdk-kio	libstdc++.so.6	aaa_libraries
kdesdk-kio	libstdc++.so.6	gcc-g++
kdesdk-thumbnailers	libGLX.so.0	libglvnd
kdesdk-thumbnailers	libKF6ConfigCore.so.6	kconfig
kdesdk-thumbnailers	libKF6CoreAddons.so.6	kcoreaddons
kdesdk-thumbnailers	libKF6KIOCore.so.6	kio
kdesdk-thumbnailers	libKF6KIOGui.so.6	kio
kdesdk-thumbnailers	libKF6Service.so.6	kservice
kdesdk-thumbnailers	libOpenGL.so.0	libglvnd
kdesdk-thumbnailers	libQt6Core.so.6	qt6
kdesdk-thumbnailers	libQt6DBus.so.6	qt6
kdesdk-thumbnailers	libQt6Gui.so.6	qt6
kdesdk-thumbnailers	libQt6Network.so.6	qt6
kdesdk-thumbnailers	libc.so.6	aaa_glibc-solibs
kdesdk-thumbnailers	libc.so.6	glibc
kdesdk-thumbnailers	libgcc_s.so.1	aaa_libraries
kdesdk-thumbnailers	libgcc_s.so.1	gcc
kdesdk-thumbnailers	libgettextpo.so.0	gettext-tools
kdesdk-thumbnailers	libm.so.6	aaa_glibc-solibs
kdesdk-thumbnailers	libm.so.6	glibc
kdesdk-thumbnailers	libstdc++.so.6	aaa_libraries
kdesdk-thumbnailers	libstdc++.so.6	gcc-g++
kdesignerplugin5	libKF5ConfigCore.so.5	kconfig5
kdesignerplugin5	libKF5CoreAddons.so.5	kcoreaddons5
kdesignerplugin5	libQt5Core.so.5	qt5
kdesignerplugin5	libc.so.6	aaa_glibc-solibs
kdesignerplugin5	libc.so.6	glibc
kdesignerplugin5	libgcc_s.so.1	aaa_libraries
kdesignerplugin5	libgcc_s.so.1	gcc
kdesignerplugin5	libm.so.6	aaa_glibc-solibs
kdesignerplugin5	libm.so.6	glibc
kdesignerplugin5	libstdc++.so.6	aaa_libraries
kdesignerplugin5	libstdc++.so.6	gcc-g++
kdesu	libICE.so.6	libICE
kdesu	libKF6ConfigCore.so.6	kconfig
kdesu	libKF6CoreAddons.so.6	kcoreaddons
kdesu	libKF6I18n.so.6	ki18n
kdesu	libKF6Pty.so.6	kpty
kdesu	libQt6Core.so.6	qt6
kdesu	libSM.so.6	libSM
kdesu	libX11.so.6	libX11
kdesu	libXext.so.6	libXext
kdesu	libc.so.6	aaa_glibc-solibs
kdesu	libc.so.6	glibc
kdesu	libgcc_s.so.1	aaa_libraries
kdesu	libgcc_s.so.1	gcc
kdesu	libm.so.6	aaa_glibc-solibs
kdesu	libm.so.6	glibc
kdesu	libstdc++.so.6	aaa_libraries
kdesu	libstdc++.so.6	gcc-g++
kdesu5	libICE.so.6	libICE
kdesu5	libKF5ConfigCore.so.5	kconfig5
kdesu5	libKF5CoreAddons.so.5	kcoreaddons5
kdesu5	libKF5I18n.so.5	ki18n5
kdesu5	libKF5Pty.so.5	kpty5
kdesu5	libQt5Core.so.5	qt5
kdesu5	libSM.so.6	libSM
kdesu5	libX11.so.6	libX11
kdesu5	libXext.so.6	libXext
kdesu5	libc.so.6	aaa_glibc-solibs
kdesu5	libc.so.6	glibc
kdesu5	libgcc_s.so.1	aaa_libraries
kdesu5	libgcc_s.so.1	gcc
kdesu5	libm.so.6	aaa_glibc-solibs
kdesu5	libm.so.6	glibc
kdesu5	libstdc++.so.6	aaa_libraries
kdesu5	libstdc++.so.6	gcc-g++
kdev-php	ld-linux-x86-64.so.2	aaa_glibc-solibs
kdev-php	ld-linux-x86-64.so.2	glibc
kdev-php	libGLX.so.0	libglvnd
kdev-php	libKDevPlatformDocumentation.so.66	kdevelop
kdev-php	libKDevPlatformInterfaces.so.66	kdevelop
kdev-php	libKDevPlatformLanguage.so.66	kdevelop
kdev-php	libKDevPlatformOutputView.so.66	kdevelop
kdev-php	libKDevPlatformProject.so.66	kdevelop
kdev-php	libKDevPlatformSerialization.so.66	kdevelop
kdev-php	libKDevPlatformShell.so.66	kdevelop
kdev-php	libKDevPlatformSublime.so.66	kdevelop
kdev-php	libKDevPlatformUtil.so.66	kdevelop
kdev-php	libKDevPlatformVcs.so.66	kdevelop
kdev-php	libKF6ColorScheme.so.6	kcolorscheme
kdev-php	libKF6Completion.so.6	kcompletion
kdev-php	libKF6ConfigCore.so.6	kconfig
kdev-php	libKF6ConfigGui.so.6	kconfig
kdev-php	libKF6ConfigWidgets.so.6	kconfigwidgets
kdev-php	libKF6CoreAddons.so.6	kcoreaddons
kdev-php	libKF6GuiAddons.so.6	kguiaddons
kdev-php	libKF6I18n.so.6	ki18n
kdev-php	libKF6JobWidgets.so.6	kjobwidgets
kdev-php	libKF6KIOCore.so.6	kio
kdev-php	libKF6KIOGui.so.6	kio
kdev-php	libKF6KIOWidgets.so.6	kio
kdev-php	libKF6Parts.so.6	kparts
kdev-php	libKF6Service.so.6	kservice
kdev-php	libKF6SyntaxHighlighting.so.6	syntax-highlighting
kdev-php	libKF6TextEditor.so.6	ktexteditor
kdev-php	libKF6ThreadWeaver.so.6	threadweaver
kdev-php	libKF6WidgetsAddons.so.6	kwidgetsaddons
kdev-php	libKF6XmlGui.so.6	kxmlgui
kdev-php	libOpenGL.so.0	libglvnd
kdev-php	libQt6Core.so.6	qt6
kdev-php	libQt6Core5Compat.so.6	qt6
kdev-php	libQt6DBus.so.6	qt6
kdev-php	libQt6Gui.so.6	qt6
kdev-php	libQt6Network.so.6	qt6
kdev-php	libQt6OpenGL.so.6	qt6
kdev-php	libQt6Positioning.so.6	qt6
kdev-php	libQt6PrintSupport.so.6	qt6
kdev-php	libQt6Qml.so.6	qt6
kdev-php	libQt6Quick.so.6	qt6
kdev-php	libQt6WebChannel.so.6	qt6
kdev-php	libQt6WebEngineCore.so.6	qt6
kdev-php	libQt6WebEngineWidgets.so.6	qt6
kdev-php	libQt6Widgets.so.6	qt6
kdev-php	libQt6Xml.so.6	qt6
kdev-php	libc.so.6	aaa_glibc-solibs
kdev-php	libc.so.6	glibc
kdev-php	libgcc_s.so.1	aaa_libraries
kdev-php	libgcc_s.so.1	gcc
kdev-php	libm.so.6	aaa_glibc-solibs
kdev-php	libm.so.6	glibc
kdev-php	libstdc++.so.6	aaa_libraries
kdev-php	libstdc++.so.6	gcc-g++
kdev-python	libGLX.so.0	libglvnd
kdev-python	libKDevPlatformDebugger.so.66	kdevelop
kdev-python	libKDevPlatformInterfaces.so.66	kdevelop
kdev-python	libKDevPlatformLanguage.so.66	kdevelop
kdev-python	libKDevPlatformOutputView.so.66	kdevelop
kdev-python	libKDevPlatformProject.so.66	kdevelop
kdev-python	libKDevPlatformSerialization.so.66	kdevelop
kdev-python	libKDevPlatformUtil.so.66	kdevelop
kdev-python	libKDevPlatformVcs.so.66	kdevelop
kdev-python	libKF6ColorScheme.so.6	kcolorscheme
kdev-python	libKF6Completion.so.6	kcompletion
kdev-python	libKF6ConfigCore.so.6	kconfig
kdev-python	libKF6ConfigGui.so.6	kconfig
kdev-python	libKF6ConfigWidgets.so.6	kconfigwidgets
kdev-python	libKF6CoreAddons.so.6	kcoreaddons
kdev-python	libKF6GuiAddons.so.6	kguiaddons
kdev-python	libKF6I18n.so.6	ki18n
kdev-python	libKF6KIOCore.so.6	kio
kdev-python	libKF6Parts.so.6	kparts
kdev-python	libKF6Service.so.6	kservice
kdev-python	libKF6SyntaxHighlighting.so.6	syntax-highlighting
kdev-python	libKF6TextEditor.so.6	ktexteditor
kdev-python	libKF6ThreadWeaver.so.6	threadweaver
kdev-python	libKF6WidgetsAddons.so.6	kwidgetsaddons
kdev-python	libKF6XmlGui.so.6	kxmlgui
kdev-python	libOpenGL.so.0	libglvnd
kdev-python	libQt6Core.so.6	qt6
kdev-python	libQt6Core5Compat.so.6	qt6
kdev-python	libQt6DBus.so.6	qt6
kdev-python	libQt6Gui.so.6	qt6
kdev-python	libQt6Network.so.6	qt6
kdev-python	libQt6Widgets.so.6	qt6
kdev-python	libQt6Xml.so.6	qt6
kdev-python	libc.so.6	aaa_glibc-solibs
kdev-python	libc.so.6	glibc
kdev-python	libgcc_s.so.1	aaa_libraries
kdev-python	libgcc_s.so.1	gcc
kdev-python	libm.so.6	aaa_glibc-solibs
kdev-python	libm.so.6	glibc
kdev-python	libpython3.12.so.1.0	python3
kdev-python	libstdc++.so.6	aaa_libraries
kdev-python	libstdc++.so.6	gcc-g++
kdevelop	ld-linux-x86-64.so.2	aaa_glibc-solibs
kdevelop	ld-linux-x86-64.so.2	glibc
kdevelop	libGLX.so.0	libglvnd
kdevelop	libKF6Archive.so.6	karchive
kdevelop	libKF6Attica.so.6	attica
kdevelop	libKF6Bookmarks.so.6	kbookmarks
kdevelop	libKF6BookmarksWidgets.so.6	kbookmarks
kdevelop	libKF6Codecs.so.6	kcodecs
kdevelop	libKF6ColorScheme.so.6	kcolorscheme
kdevelop	libKF6Completion.so.6	kcompletion
kdevelop	libKF6ConfigCore.so.6	kconfig
kdevelop	libKF6ConfigGui.so.6	kconfig
kdevelop	libKF6ConfigWidgets.so.6	kconfigwidgets
kdevelop	libKF6CoreAddons.so.6	kcoreaddons
kdevelop	libKF6Crash.so.6	kcrash
kdevelop	libKF6GuiAddons.so.6	kguiaddons
kdevelop	libKF6I18n.so.6	ki18n
kdevelop	libKF6IconThemes.so.6	kiconthemes
kdevelop	libKF6IconWidgets.so.6	kiconthemes
kdevelop	libKF6ItemModels.so.6	kitemmodels
kdevelop	libKF6ItemViews.so.6	kitemviews
kdevelop	libKF6JobWidgets.so.6	kjobwidgets
kdevelop	libKF6KCMUtils.so.6	kcmutils
kdevelop	libKF6KCMUtilsCore.so.6	kcmutils
kdevelop	libKF6KCMUtilsQuick.so.6	kcmutils
kdevelop	libKF6KIOCore.so.6	kio
kdevelop	libKF6KIOFileWidgets.so.6	kio
kdevelop	libKF6KIOGui.so.6	kio
kdevelop	libKF6KIOWidgets.so.6	kio
kdevelop	libKF6NewStuffCore.so.6	knewstuff
kdevelop	libKF6NewStuffWidgets.so.6	knewstuff
kdevelop	libKF6Notifications.so.6	knotifications
kdevelop	libKF6NotifyConfig.so.6	knotifyconfig
kdevelop	libKF6Parts.so.6	kparts
kdevelop	libKF6Purpose.so.6	purpose
kdevelop	libKF6PurposeWidgets.so.6	purpose
kdevelop	libKF6Runner.so.6	krunner
kdevelop	libKF6Service.so.6	kservice
kdevelop	libKF6Solid.so.6	solid
kdevelop	libKF6SonnetUi.so.6	sonnet
kdevelop	libKF6SyntaxHighlighting.so.6	syntax-highlighting
kdevelop	libKF6TextEditor.so.6	ktexteditor
kdevelop	libKF6TextTemplate.so.6	ktexttemplate
kdevelop	libKF6TextWidgets.so.6	ktextwidgets
kdevelop	libKF6ThreadWeaver.so.6	threadweaver
kdevelop	libKF6WidgetsAddons.so.6	kwidgetsaddons
kdevelop	libKF6WindowSystem.so.6	kwindowsystem
kdevelop	libKF6XmlGui.so.6	kxmlgui
kdevelop	libKSysGuardFormatter.so.2	libksysguard
kdevelop	libKirigamiPlatform.so.6	kirigami
kdevelop	libOpenGL.so.0	libglvnd
kdevelop	libPlasma.so.7	libplasma
kdevelop	libQt6Concurrent.so.6	qt6
kdevelop	libQt6Core.so.6	qt6
kdevelop	libQt6Core5Compat.so.6	qt6
kdevelop	libQt6DBus.so.6	qt6
kdevelop	libQt6Gui.so.6	qt6
kdevelop	libQt6Help.so.6	qt6
kdevelop	libQt6Network.so.6	qt6
kdevelop	libQt6OpenGL.so.6	qt6
kdevelop	libQt6Positioning.so.6	qt6
kdevelop	libQt6PrintSupport.so.6	qt6
kdevelop	libQt6Qml.so.6	qt6
kdevelop	libQt6Quick.so.6	qt6
kdevelop	libQt6Sql.so.6	qt6
kdevelop	libQt6WebChannel.so.6	qt6
kdevelop	libQt6WebEngineCore.so.6	qt6
kdevelop	libQt6WebEngineWidgets.so.6	qt6
kdevelop	libQt6Widgets.so.6	qt6
kdevelop	libQt6Xml.so.6	qt6
kdevelop	libX11.so.6	libX11
kdevelop	libapr-1.so.0	apr
kdevelop	libaprutil-1.so.0	apr-util
kdevelop	libc.so.6	aaa_glibc-solibs
kdevelop	libc.so.6	glibc
kdevelop	libclang.so.23.1	llvm
kdevelop	libgcc_s.so.1	aaa_libraries
kdevelop	libgcc_s.so.1	gcc
kdevelop	libkomparediff2.so.6	libkomparediff2
kdevelop	libm.so.6	aaa_glibc-solibs
kdevelop	libm.so.6	glibc
kdevelop	libprocesscore.so.11	libksysguard
kdevelop	libstdc++.so.6	aaa_libraries
kdevelop	libstdc++.so.6	gcc-g++
kdevelop	libsvn_client-1.so.0	subversion
kdevelop	libsvn_fs-1.so.0	subversion
kdevelop	libsvn_ra-1.so.0	subversion
kdevelop	libsvn_repos-1.so.0	subversion
kdevelop	libsvn_subr-1.so.0	subversion
kdevelop	libsvn_wc-1.so.0	subversion
kdevelop-pg-qt	libQt6Core.so.6	qt6
kdevelop-pg-qt	libc.so.6	aaa_glibc-solibs
kdevelop-pg-qt	libc.so.6	glibc
kdevelop-pg-qt	libgcc_s.so.1	aaa_libraries
kdevelop-pg-qt	libgcc_s.so.1	gcc
kdevelop-pg-qt	libm.so.6	aaa_glibc-solibs
kdevelop-pg-qt	libm.so.6	glibc
kdevelop-pg-qt	libstdc++.so.6	aaa_libraries
kdevelop-pg-qt	libstdc++.so.6	gcc-g++
kdf	libGLX.so.0	libglvnd
kdf	libKF6ColorScheme.so.6	kcolorscheme
kdf	libKF6Completion.so.6	kcompletion
kdf	libKF6ConfigCore.so.6	kconfig
kdf	libKF6ConfigGui.so.6	kconfig
kdf	libKF6ConfigWidgets.so.6	kconfigwidgets
kdf	libKF6CoreAddons.so.6	kcoreaddons
kdf	libKF6Crash.so.6	kcrash
kdf	libKF6GuiAddons.so.6	kguiaddons
kdf	libKF6I18n.so.6	ki18n
kdf	libKF6IconThemes.so.6	kiconthemes
kdf	libKF6IconWidgets.so.6	kiconthemes
kdf	libKF6JobWidgets.so.6	kjobwidgets
kdf	libKF6KCMUtils.so.6	kcmutils
kdf	libKF6KCMUtilsCore.so.6	kcmutils
kdf	libKF6KCMUtilsQuick.so.6	kcmutils
kdf	libKF6KIOCore.so.6	kio
kdf	libKF6KIOGui.so.6	kio
kdf	libKF6KIOWidgets.so.6	kio
kdf	libKF6Notifications.so.6	knotifications
kdf	libKF6Service.so.6	kservice
kdf	libKF6StatusNotifierItem.so.6	kstatusnotifieritem
kdf	libKF6WidgetsAddons.so.6	kwidgetsaddons
kdf	libKF6XmlGui.so.6	kxmlgui
kdf	libOpenGL.so.0	libglvnd
kdf	libQt6Core.so.6	qt6
kdf	libQt6DBus.so.6	qt6
kdf	libQt6Gui.so.6	qt6
kdf	libQt6Network.so.6	qt6
kdf	libQt6Qml.so.6	qt6
kdf	libQt6Widgets.so.6	qt6
kdf	libQt6Xml.so.6	qt6
kdf	libc.so.6	aaa_glibc-solibs
kdf	libc.so.6	glibc
kdf	libgcc_s.so.1	aaa_libraries
kdf	libgcc_s.so.1	gcc
kdf	libm.so.6	aaa_glibc-solibs
kdf	libm.so.6	glibc
kdf	libstdc++.so.6	aaa_libraries
kdf	libstdc++.so.6	gcc-g++
kdiagram	libGLX.so.0	libglvnd
kdiagram	libOpenGL.so.0	libglvnd
kdiagram	libQt6Core.so.6	qt6
kdiagram	libQt6Gui.so.6	qt6
kdiagram	libQt6PrintSupport.so.6	qt6
kdiagram	libQt6Svg.so.6	qt6
kdiagram	libQt6Widgets.so.6	qt6
kdiagram	libc.so.6	aaa_glibc-solibs
kdiagram	libc.so.6	glibc
kdiagram	libgcc_s.so.1	aaa_libraries
kdiagram	libgcc_s.so.1	gcc
kdiagram	libm.so.6	aaa_glibc-solibs
kdiagram	libm.so.6	glibc
kdiagram	libstdc++.so.6	aaa_libraries
kdiagram	libstdc++.so.6	gcc-g++
kdiagram5	libQt5Core.so.5	qt5
kdiagram5	libQt5Gui.so.5	qt5
kdiagram5	libQt5PrintSupport.so.5	qt5
kdiagram5	libQt5Svg.so.5	qt5
kdiagram5	libQt5Widgets.so.5	qt5
kdiagram5	libc.so.6	aaa_glibc-solibs
kdiagram5	libc.so.6	glibc
kdiagram5	libgcc_s.so.1	aaa_libraries
kdiagram5	libgcc_s.so.1	gcc
kdiagram5	libm.so.6	aaa_glibc-solibs
kdiagram5	libm.so.6	glibc
kdiagram5	libstdc++.so.6	aaa_libraries
kdiagram5	libstdc++.so.6	gcc-g++
kdialog	libGLX.so.0	libglvnd
kdialog	libKF6Completion.so.6	kcompletion
kdialog	libKF6ConfigCore.so.6	kconfig
kdialog	libKF6CoreAddons.so.6	kcoreaddons
kdialog	libKF6DBusAddons.so.6	kdbusaddons
kdialog	libKF6GuiAddons.so.6	kguiaddons
kdialog	libKF6I18n.so.6	ki18n
kdialog	libKF6IconThemes.so.6	kiconthemes
kdialog	libKF6IconWidgets.so.6	kiconthemes
kdialog	libKF6JobWidgets.so.6	kjobwidgets
kdialog	libKF6KIOCore.so.6	kio
kdialog	libKF6KIOGui.so.6	kio
kdialog	libKF6KIOWidgets.so.6	kio
kdialog	libKF6Notifications.so.6	knotifications
kdialog	libKF6Service.so.6	kservice
kdialog	libKF6SonnetUi.so.6	sonnet
kdialog	libKF6TextWidgets.so.6	ktextwidgets
kdialog	libKF6WidgetsAddons.so.6	kwidgetsaddons
kdialog	libKF6WindowSystem.so.6	kwindowsystem
kdialog	libOpenGL.so.0	libglvnd
kdialog	libQt6Core.so.6	qt6
kdialog	libQt6DBus.so.6	qt6
kdialog	libQt6Gui.so.6	qt6
kdialog	libQt6Network.so.6	qt6
kdialog	libQt6Widgets.so.6	qt6
kdialog	libX11.so.6	libX11
kdialog	libc.so.6	aaa_glibc-solibs
kdialog	libc.so.6	glibc
kdialog	libgcc_s.so.1	aaa_libraries
kdialog	libgcc_s.so.1	gcc
kdialog	libm.so.6	aaa_glibc-solibs
kdialog	libm.so.6	glibc
kdialog	libstdc++.so.6	aaa_libraries
kdialog	libstdc++.so.6	gcc-g++
kdiamond	libGLX.so.0	libglvnd
kdiamond	libKDEGames6.so.6	libkdegames
kdiamond	libKF6ColorScheme.so.6	kcolorscheme
kdiamond	libKF6ConfigCore.so.6	kconfig
kdiamond	libKF6ConfigGui.so.6	kconfig
kdiamond	libKF6ConfigWidgets.so.6	kconfigwidgets
kdiamond	libKF6CoreAddons.so.6	kcoreaddons
kdiamond	libKF6Crash.so.6	kcrash
kdiamond	libKF6DBusAddons.so.6	kdbusaddons
kdiamond	libKF6GuiAddons.so.6	kguiaddons
kdiamond	libKF6I18n.so.6	ki18n
kdiamond	libKF6IconThemes.so.6	kiconthemes
kdiamond	libKF6Notifications.so.6	knotifications
kdiamond	libKF6NotifyConfig.so.6	knotifyconfig
kdiamond	libKF6WidgetsAddons.so.6	kwidgetsaddons
kdiamond	libKF6XmlGui.so.6	kxmlgui
kdiamond	libOpenGL.so.0	libglvnd
kdiamond	libQt6Core.so.6	qt6
kdiamond	libQt6DBus.so.6	qt6
kdiamond	libQt6Gui.so.6	qt6
kdiamond	libQt6Network.so.6	qt6
kdiamond	libQt6Qml.so.6	qt6
kdiamond	libQt6Widgets.so.6	qt6
kdiamond	libQt6Xml.so.6	qt6
kdiamond	libc.so.6	aaa_glibc-solibs
kdiamond	libc.so.6	glibc
kdiamond	libgcc_s.so.1	aaa_libraries
kdiamond	libgcc_s.so.1	gcc
kdiamond	libm.so.6	aaa_glibc-solibs
kdiamond	libm.so.6	glibc
kdiamond	libstdc++.so.6	aaa_libraries
kdiamond	libstdc++.so.6	gcc-g++
kdnssd	libQt6Core.so.6	qt6
kdnssd	libQt6DBus.so.6	qt6
kdnssd	libQt6Network.so.6	qt6
kdnssd	libc.so.6	aaa_glibc-solibs
kdnssd	libc.so.6	glibc
kdnssd	libgcc_s.so.1	aaa_libraries
kdnssd	libgcc_s.so.1	gcc
kdnssd	libm.so.6	aaa_glibc-solibs
kdnssd	libm.so.6	glibc
kdnssd	libstdc++.so.6	aaa_libraries
kdnssd	libstdc++.so.6	gcc-g++
kdnssd5	libQt5Core.so.5	qt5
kdnssd5	libQt5DBus.so.5	qt5
kdnssd5	libQt5Network.so.5	qt5
kdnssd5	libc.so.6	aaa_glibc-solibs
kdnssd5	libc.so.6	glibc
kdnssd5	libgcc_s.so.1	aaa_libraries
kdnssd5	libgcc_s.so.1	gcc
kdnssd5	libm.so.6	aaa_glibc-solibs
kdnssd5	libm.so.6	glibc
kdnssd5	libstdc++.so.6	aaa_libraries
kdnssd5	libstdc++.so.6	gcc-g++
kdoctools	libKF6Archive.so.6	karchive
kdoctools	libQt6Core.so.6	qt6
kdoctools	libc.so.6	aaa_glibc-solibs
kdoctools	libc.so.6	glibc
kdoctools	libexslt.so.0	libxslt
kdoctools	libgcc_s.so.1	aaa_libraries
kdoctools	libgcc_s.so.1	gcc
kdoctools	libm.so.6	aaa_glibc-solibs
kdoctools	libm.so.6	glibc
kdoctools	libstdc++.so.6	aaa_libraries
kdoctools	libstdc++.so.6	gcc-g++
kdoctools	libxml2.so.16	libxml2
kdoctools	libxslt.so.1	libxslt
kdoctools5	libKF5Archive.so.5	karchive5
kdoctools5	libQt5Core.so.5	qt5
kdoctools5	libc.so.6	aaa_glibc-solibs
kdoctools5	libc.so.6	glibc
kdoctools5	libexslt.so.0	libxslt
kdoctools5	libgcc_s.so.1	aaa_libraries
kdoctools5	libgcc_s.so.1	gcc
kdoctools5	libm.so.6	aaa_glibc-solibs
kdoctools5	libm.so.6	glibc
kdoctools5	libstdc++.so.6	aaa_libraries
kdoctools5	libstdc++.so.6	gcc-g++
kdoctools5	libxml2.so.16	libxml2
kdoctools5	libxslt.so.1	libxslt
kdominate	libGLX.so.0	libglvnd
kdominate	libKDEGames6.so.6	libkdegames
kdominate	libKF6ColorScheme.so.6	kcolorscheme
kdominate	libKF6ConfigCore.so.6	kconfig
kdominate	libKF6ConfigGui.so.6	kconfig
kdominate	libKF6ConfigWidgets.so.6	kconfigwidgets
kdominate	libKF6CoreAddons.so.6	kcoreaddons
kdominate	libKF6Crash.so.6	kcrash
kdominate	libKF6DBusAddons.so.6	kdbusaddons
kdominate	libKF6GuiAddons.so.6	kguiaddons
kdominate	libKF6I18n.so.6	ki18n
kdominate	libKF6IconThemes.so.6	kiconthemes
kdominate	libKF6WidgetsAddons.so.6	kwidgetsaddons
kdominate	libKF6XmlGui.so.6	kxmlgui
kdominate	libOpenGL.so.0	libglvnd
kdominate	libQt6Core.so.6	qt6
kdominate	libQt6DBus.so.6	qt6
kdominate	libQt6Gui.so.6	qt6
kdominate	libQt6Network.so.6	qt6
kdominate	libQt6Qml.so.6	qt6
kdominate	libQt6Svg.so.6	qt6
kdominate	libQt6Widgets.so.6	qt6
kdominate	libQt6Xml.so.6	qt6
kdominate	libc.so.6	aaa_glibc-solibs
kdominate	libc.so.6	glibc
kdominate	libgcc_s.so.1	aaa_libraries
kdominate	libgcc_s.so.1	gcc
kdominate	libm.so.6	aaa_glibc-solibs
kdominate	libm.so.6	glibc
kdominate	libstdc++.so.6	aaa_libraries
kdominate	libstdc++.so.6	gcc-g++
kdsingleapplication	libQt6Core.so.6	qt6
kdsingleapplication	libQt6Network.so.6	qt6
kdsingleapplication	libc.so.6	aaa_glibc-solibs
kdsingleapplication	libc.so.6	glibc
kdsingleapplication	libgcc_s.so.1	aaa_libraries
kdsingleapplication	libgcc_s.so.1	gcc
kdsingleapplication	libm.so.6	aaa_glibc-solibs
kdsingleapplication	libm.so.6	glibc
kdsingleapplication	libstdc++.so.6	aaa_libraries
kdsingleapplication	libstdc++.so.6	gcc-g++
kdsoap	libQt6Core.so.6	qt6
kdsoap	libQt6Network.so.6	qt6
kdsoap	libQt6Xml.so.6	qt6
kdsoap	libc.so.6	aaa_glibc-solibs
kdsoap	libc.so.6	glibc
kdsoap	libgcc_s.so.1	aaa_libraries
kdsoap	libgcc_s.so.1	gcc
kdsoap	libm.so.6	aaa_glibc-solibs
kdsoap	libm.so.6	glibc
kdsoap	libstdc++.so.6	aaa_libraries
kdsoap	libstdc++.so.6	gcc-g++
kdsoap-ws-discovery-client	libQt6Core.so.6	qt6
kdsoap-ws-discovery-client	libQt6Network.so.6	qt6
kdsoap-ws-discovery-client	libc.so.6	aaa_glibc-solibs
kdsoap-ws-discovery-client	libc.so.6	glibc
kdsoap-ws-discovery-client	libgcc_s.so.1	aaa_libraries
kdsoap-ws-discovery-client	libgcc_s.so.1	gcc
kdsoap-ws-discovery-client	libkdsoap-qt6.so.2	kdsoap
kdsoap-ws-discovery-client	libm.so.6	aaa_glibc-solibs
kdsoap-ws-discovery-client	libm.so.6	glibc
kdsoap-ws-discovery-client	libstdc++.so.6	aaa_libraries
kdsoap-ws-discovery-client	libstdc++.so.6	gcc-g++
kea	ld-linux-x86-64.so.2	aaa_glibc-solibs
kea	ld-linux-x86-64.so.2	glibc
kea	libc.so.6	aaa_glibc-solibs
kea	libc.so.6	glibc
kea	libcrypto.so.3	openssl
kea	libcrypto.so.3	openssl-solibs
kea	libgcc_s.so.1	aaa_libraries
kea	libgcc_s.so.1	gcc
kea	libgssapi_krb5.so.2	aaa_libraries
kea	libgssapi_krb5.so.2	krb5
kea	liblog4cplus-2.2.so.11	log4cplus
kea	libm.so.6	aaa_glibc-solibs
kea	libm.so.6	glibc
kea	libmariadb.so.3	mariadb
kea	libssl.so.3	openssl
kea	libssl.so.3	openssl-solibs
kea	libstdc++.so.6	aaa_libraries
kea	libstdc++.so.6	gcc-g++
keditbookmarks	libGLX.so.0	libglvnd
keditbookmarks	libKF6Bookmarks.so.6	kbookmarks
keditbookmarks	libKF6Codecs.so.6	kcodecs
keditbookmarks	libKF6ColorScheme.so.6	kcolorscheme
keditbookmarks	libKF6Completion.so.6	kcompletion
keditbookmarks	libKF6ConfigCore.so.6	kconfig
keditbookmarks	libKF6ConfigGui.so.6	kconfig
keditbookmarks	libKF6ConfigWidgets.so.6	kconfigwidgets
keditbookmarks	libKF6CoreAddons.so.6	kcoreaddons
keditbookmarks	libKF6Crash.so.6	kcrash
keditbookmarks	libKF6GuiAddons.so.6	kguiaddons
keditbookmarks	libKF6I18n.so.6	ki18n
keditbookmarks	libKF6IconThemes.so.6	kiconthemes
keditbookmarks	libKF6IconWidgets.so.6	kiconthemes
keditbookmarks	libKF6KIOCore.so.6	kio
keditbookmarks	libKF6KIOGui.so.6	kio
keditbookmarks	libKF6Parts.so.6	kparts
keditbookmarks	libKF6Service.so.6	kservice
keditbookmarks	libKF6WidgetsAddons.so.6	kwidgetsaddons
keditbookmarks	libKF6WindowSystem.so.6	kwindowsystem
keditbookmarks	libKF6XmlGui.so.6	kxmlgui
keditbookmarks	libOpenGL.so.0	libglvnd
keditbookmarks	libQt6Core.so.6	qt6
keditbookmarks	libQt6DBus.so.6	qt6
keditbookmarks	libQt6Gui.so.6	qt6
keditbookmarks	libQt6Network.so.6	qt6
keditbookmarks	libQt6Widgets.so.6	qt6
keditbookmarks	libQt6Xml.so.6	qt6
keditbookmarks	libX11.so.6	libX11
keditbookmarks	libc.so.6	aaa_glibc-solibs
keditbookmarks	libc.so.6	glibc
keditbookmarks	libgcc_s.so.1	aaa_libraries
keditbookmarks	libgcc_s.so.1	gcc
keditbookmarks	libm.so.6	aaa_glibc-solibs
keditbookmarks	libm.so.6	glibc
keditbookmarks	libstdc++.so.6	aaa_libraries
keditbookmarks	libstdc++.so.6	gcc-g++
keepsecret	libGLX.so.0	libglvnd
keepsecret	libKF6ConfigCore.so.6	kconfig
keepsecret	libKF6ConfigGui.so.6	kconfig
keepsecret	libKF6CoreAddons.so.6	kcoreaddons
keepsecret	libKF6Crash.so.6	kcrash
keepsecret	libKF6DBusAddons.so.6	kdbusaddons
keepsecret	libKF6I18n.so.6	ki18n
keepsecret	libKF6I18nQml.so.6	ki18n
keepsecret	libKirigamiActionCollection.so.6	kirigami-app-components
keepsecret	libOpenGL.so.0	libglvnd
keepsecret	libQt6Core.so.6	qt6
keepsecret	libQt6DBus.so.6	qt6
keepsecret	libQt6Gui.so.6	qt6
keepsecret	libQt6Network.so.6	qt6
keepsecret	libQt6OpenGL.so.6	qt6
keepsecret	libQt6Qml.so.6	qt6
keepsecret	libQt6Quick.so.6	qt6
keepsecret	libQt6QuickControls2.so.6	qt6
keepsecret	libQt6Svg.so.6	qt6
keepsecret	libQt6Widgets.so.6	qt6
keepsecret	libQt6Xml.so.6	qt6
keepsecret	libc.so.6	aaa_glibc-solibs
keepsecret	libc.so.6	glibc
keepsecret	libgcc_s.so.1	aaa_libraries
keepsecret	libgcc_s.so.1	gcc
keepsecret	libgio-2.0.so.0	glib2
keepsecret	libglib-2.0.so.0	aaa_libraries
keepsecret	libglib-2.0.so.0	glib2
keepsecret	libgobject-2.0.so.0	aaa_libraries
keepsecret	libgobject-2.0.so.0	glib2
keepsecret	libm.so.6	aaa_glibc-solibs
keepsecret	libm.so.6	glibc
keepsecret	libsecret-1.so.0	libsecret
keepsecret	libstdc++.so.6	aaa_libraries
keepsecret	libstdc++.so.6	gcc-g++
kemoticons5	libKF5Archive.so.5	karchive5
kemoticons5	libKF5ConfigCore.so.5	kconfig5
kemoticons5	libKF5CoreAddons.so.5	kcoreaddons5
kemoticons5	libKF5Service.so.5	kservice5
kemoticons5	libQt5Core.so.5	qt5
kemoticons5	libQt5DBus.so.5	qt5
kemoticons5	libQt5Gui.so.5	qt5
kemoticons5	libQt5Xml.so.5	qt5
kemoticons5	libc.so.6	aaa_glibc-solibs
kemoticons5	libc.so.6	glibc
kemoticons5	libgcc_s.so.1	aaa_libraries
kemoticons5	libgcc_s.so.1	gcc
kemoticons5	libm.so.6	aaa_glibc-solibs
kemoticons5	libm.so.6	glibc
kemoticons5	libstdc++.so.6	aaa_libraries
kemoticons5	libstdc++.so.6	gcc-g++
keybinder3	libX11.so.6	libX11
keybinder3	libXext.so.6	libXext
keybinder3	libXrender.so.1	libXrender
keybinder3	libatk-1.0.so.0	at-spi2-core
keybinder3	libc.so.6	aaa_glibc-solibs
keybinder3	libc.so.6	glibc
keybinder3	libcairo-gobject.so.2	cairo
keybinder3	libcairo.so.2	cairo
keybinder3	libgdk-3.so.0	gtk+3
keybinder3	libgdk_pixbuf-2.0.so.0	gdk-pixbuf2
keybinder3	libgio-2.0.so.0	glib2
keybinder3	libglib-2.0.so.0	aaa_libraries
keybinder3	libglib-2.0.so.0	glib2
keybinder3	libgobject-2.0.so.0	aaa_libraries
keybinder3	libgobject-2.0.so.0	glib2
keybinder3	libgtk-3.so.0	gtk+3
keybinder3	libharfbuzz.so.0	harfbuzz
keybinder3	libpango-1.0.so.0	pango
keybinder3	libpangocairo-1.0.so.0	pango
keybinder3	libz.so.1	aaa_libraries
keybinder3	libz.so.1	zlib
keysmith	libGLX.so.0	libglvnd
keysmith	libKF6ConfigCore.so.6	kconfig
keysmith	libKF6ConfigGui.so.6	kconfig
keysmith	libKF6CoreAddons.so.6	kcoreaddons
keysmith	libKF6DBusAddons.so.6	kdbusaddons
keysmith	libKF6I18n.so.6	ki18n
keysmith	libKF6I18nQml.so.6	ki18n
keysmith	libKF6WindowSystem.so.6	kwindowsystem
keysmith	libOpenGL.so.0	libglvnd
keysmith	libQt6Concurrent.so.6	qt6
keysmith	libQt6Core.so.6	qt6
keysmith	libQt6DBus.so.6	qt6
keysmith	libQt6Gui.so.6	qt6
keysmith	libQt6Network.so.6	qt6
keysmith	libQt6OpenGL.so.6	qt6
keysmith	libQt6Qml.so.6	qt6
keysmith	libQt6Quick.so.6	qt6
keysmith	libQt6QuickControls2.so.6	qt6
keysmith	libQt6Svg.so.6	qt6
keysmith	libQt6Widgets.so.6	qt6
keysmith	libX11.so.6	libX11
keysmith	libc.so.6	aaa_glibc-solibs
keysmith	libc.so.6	glibc
keysmith	libcrypto.so.3	openssl
keysmith	libcrypto.so.3	openssl-solibs
keysmith	libgcc_s.so.1	aaa_libraries
keysmith	libgcc_s.so.1	gcc
keysmith	libm.so.6	aaa_glibc-solibs
keysmith	libm.so.6	glibc
keysmith	libsodium.so.26	libsodium
keysmith	libssl.so.3	openssl
keysmith	libssl.so.3	openssl-solibs
keysmith	libstdc++.so.6	aaa_libraries
keysmith	libstdc++.so.6	gcc-g++
keyutils	libc.so.6	aaa_glibc-solibs
keyutils	libc.so.6	glibc
keyutils	libkeyutils.so.1	aaa_libraries
keyutils	libresolv.so.2	aaa_glibc-solibs
keyutils	libresolv.so.2	glibc
kfilemetadata	libGLX.so.0	libglvnd
kfilemetadata	libKF6Archive.so.6	karchive
kfilemetadata	libKF6Codecs.so.6	kcodecs
kfilemetadata	libKF6CoreAddons.so.6	kcoreaddons
kfilemetadata	libKF6I18n.so.6	ki18n
kfilemetadata	libOpenGL.so.0	libglvnd
kfilemetadata	libQMobipocket6.so.3	kdegraphics-mobipocket
kfilemetadata	libQt6Core.so.6	qt6
kfilemetadata	libQt6Gui.so.6	qt6
kfilemetadata	libQt6Xml.so.6	qt6
kfilemetadata	libavcodec.so.63	ffmpeg
kfilemetadata	libavformat.so.63	ffmpeg
kfilemetadata	libavutil.so.61	ffmpeg
kfilemetadata	libc.so.6	aaa_glibc-solibs
kfilemetadata	libc.so.6	glibc
kfilemetadata	libepub.so.0	ebook-tools
kfilemetadata	libexiv2.so.28	exiv2
kfilemetadata	libgcc_s.so.1	aaa_libraries
kfilemetadata	libgcc_s.so.1	gcc
kfilemetadata	libm.so.6	aaa_glibc-solibs
kfilemetadata	libm.so.6	glibc
kfilemetadata	libpoppler-qt6.so.3	poppler
kfilemetadata	libpoppler.so.165	poppler
kfilemetadata	libstdc++.so.6	aaa_libraries
kfilemetadata	libstdc++.so.6	gcc-g++
kfilemetadata	libtag.so.2	taglib
kfilemetadata	libxml2.so.16	libxml2
kfilemetadata	libzip.so.5	libzip
kfilemetadata5	libKF5Archive.so.5	karchive5
kfilemetadata5	libKF5CoreAddons.so.5	kcoreaddons5
kfilemetadata5	libKF5I18n.so.5	ki18n5
kfilemetadata5	libQt5Core.so.5	qt5
kfilemetadata5	libQt5Gui.so.5	qt5
kfilemetadata5	libQt5Xml.so.5	qt5
kfilemetadata5	libavcodec.so.63	ffmpeg
kfilemetadata5	libavformat.so.63	ffmpeg
kfilemetadata5	libavutil.so.61	ffmpeg
kfilemetadata5	libc.so.6	aaa_glibc-solibs
kfilemetadata5	libc.so.6	glibc
kfilemetadata5	libepub.so.0	ebook-tools
kfilemetadata5	libexiv2.so.28	exiv2
kfilemetadata5	libgcc_s.so.1	aaa_libraries
kfilemetadata5	libgcc_s.so.1	gcc
kfilemetadata5	libm.so.6	aaa_glibc-solibs
kfilemetadata5	libm.so.6	glibc
kfilemetadata5	libpoppler-qt5.so.1	poppler
kfilemetadata5	libpoppler.so.165	poppler
kfilemetadata5	libstdc++.so.6	aaa_libraries
kfilemetadata5	libstdc++.so.6	gcc-g++
kfilemetadata5	libtag.so.2	taglib
kfind	libGLX.so.0	libglvnd
kfind	libKF6Archive.so.6	karchive
kfind	libKF6ColorScheme.so.6	kcolorscheme
kfind	libKF6Completion.so.6	kcompletion
kfind	libKF6ConfigCore.so.6	kconfig
kfind	libKF6ConfigGui.so.6	kconfig
kfind	libKF6ConfigWidgets.so.6	kconfigwidgets
kfind	libKF6CoreAddons.so.6	kcoreaddons
kfind	libKF6Crash.so.6	kcrash
kfind	libKF6FileMetaData.so.3	kfilemetadata
kfind	libKF6GuiAddons.so.6	kguiaddons
kfind	libKF6I18n.so.6	ki18n
kfind	libKF6JobWidgets.so.6	kjobwidgets
kfind	libKF6KIOCore.so.6	kio
kfind	libKF6KIOGui.so.6	kio
kfind	libKF6KIOWidgets.so.6	kio
kfind	libKF6Service.so.6	kservice
kfind	libKF6WidgetsAddons.so.6	kwidgetsaddons
kfind	libKF6XmlGui.so.6	kxmlgui
kfind	libOpenGL.so.0	libglvnd
kfind	libQt6Concurrent.so.6	qt6
kfind	libQt6Core.so.6	qt6
kfind	libQt6Core5Compat.so.6	qt6
kfind	libQt6DBus.so.6	qt6
kfind	libQt6Gui.so.6	qt6
kfind	libQt6Network.so.6	qt6
kfind	libQt6Widgets.so.6	qt6
kfind	libQt6Xml.so.6	qt6
kfind	libc.so.6	aaa_glibc-solibs
kfind	libc.so.6	glibc
kfind	libgcc_s.so.1	aaa_libraries
kfind	libgcc_s.so.1	gcc
kfind	libm.so.6	aaa_glibc-solibs
kfind	libm.so.6	glibc
kfind	libstdc++.so.6	aaa_libraries
kfind	libstdc++.so.6	gcc-g++
kfourinline	libGLX.so.0	libglvnd
kfourinline	libKDEGames6.so.6	libkdegames
kfourinline	libKDEGames6Private.so.6	libkdegames
kfourinline	libKF6ColorScheme.so.6	kcolorscheme
kfourinline	libKF6Completion.so.6	kcompletion
kfourinline	libKF6ConfigCore.so.6	kconfig
kfourinline	libKF6ConfigGui.so.6	kconfig
kfourinline	libKF6ConfigWidgets.so.6	kconfigwidgets
kfourinline	libKF6CoreAddons.so.6	kcoreaddons
kfourinline	libKF6Crash.so.6	kcrash
kfourinline	libKF6DBusAddons.so.6	kdbusaddons
kfourinline	libKF6DNSSD.so.6	kdnssd
kfourinline	libKF6GuiAddons.so.6	kguiaddons
kfourinline	libKF6I18n.so.6	ki18n
kfourinline	libKF6IconThemes.so.6	kiconthemes
kfourinline	libKF6WidgetsAddons.so.6	kwidgetsaddons
kfourinline	libKF6XmlGui.so.6	kxmlgui
kfourinline	libOpenGL.so.0	libglvnd
kfourinline	libQt6Core.so.6	qt6
kfourinline	libQt6DBus.so.6	qt6
kfourinline	libQt6Gui.so.6	qt6
kfourinline	libQt6Network.so.6	qt6
kfourinline	libQt6Qml.so.6	qt6
kfourinline	libQt6Svg.so.6	qt6
kfourinline	libQt6Widgets.so.6	qt6
kfourinline	libQt6Xml.so.6	qt6
kfourinline	libc.so.6	aaa_glibc-solibs
kfourinline	libc.so.6	glibc
kfourinline	libgcc_s.so.1	aaa_libraries
kfourinline	libgcc_s.so.1	gcc
kfourinline	libm.so.6	aaa_glibc-solibs
kfourinline	libm.so.6	glibc
kfourinline	libstdc++.so.6	aaa_libraries
kfourinline	libstdc++.so.6	gcc-g++
kgamma	libGLX.so.0	libglvnd
kgamma	libICE.so.6	libICE
kgamma	libKF6ColorScheme.so.6	kcolorscheme
kgamma	libKF6ConfigCore.so.6	kconfig
kgamma	libKF6ConfigGui.so.6	kconfig
kgamma	libKF6ConfigWidgets.so.6	kconfigwidgets
kgamma	libKF6CoreAddons.so.6	kcoreaddons
kgamma	libKF6I18n.so.6	ki18n
kgamma	libKF6KCMUtils.so.6	kcmutils
kgamma	libKF6KCMUtilsCore.so.6	kcmutils
kgamma	libKF6KCMUtilsQuick.so.6	kcmutils
kgamma	libKF6WidgetsAddons.so.6	kwidgetsaddons
kgamma	libOpenGL.so.0	libglvnd
kgamma	libQt6Core.so.6	qt6
kgamma	libQt6Gui.so.6	qt6
kgamma	libQt6Network.so.6	qt6
kgamma	libQt6Qml.so.6	qt6
kgamma	libQt6Widgets.so.6	qt6
kgamma	libSM.so.6	libSM
kgamma	libX11.so.6	libX11
kgamma	libXext.so.6	libXext
kgamma	libXxf86vm.so.1	libXxf86vm
kgamma	libc.so.6	aaa_glibc-solibs
kgamma	libc.so.6	glibc
kgamma	libgcc_s.so.1	aaa_libraries
kgamma	libgcc_s.so.1	gcc
kgamma	libm.so.6	aaa_glibc-solibs
kgamma	libm.so.6	glibc
kgamma	libstdc++.so.6	aaa_libraries
kgamma	libstdc++.so.6	gcc-g++
kgeography	libGLX.so.0	libglvnd
kgeography	libKF6ColorScheme.so.6	kcolorscheme
kgeography	libKF6ConfigCore.so.6	kconfig
kgeography	libKF6ConfigGui.so.6	kconfig
kgeography	libKF6ConfigWidgets.so.6	kconfigwidgets
kgeography	libKF6CoreAddons.so.6	kcoreaddons
kgeography	libKF6Crash.so.6	kcrash
kgeography	libKF6GuiAddons.so.6	kguiaddons
kgeography	libKF6I18n.so.6	ki18n
kgeography	libKF6IconThemes.so.6	kiconthemes
kgeography	libKF6ItemViews.so.6	kitemviews
kgeography	libKF6WidgetsAddons.so.6	kwidgetsaddons
kgeography	libKF6XmlGui.so.6	kxmlgui
kgeography	libOpenGL.so.0	libglvnd
kgeography	libQt6Core.so.6	qt6
kgeography	libQt6DBus.so.6	qt6
kgeography	libQt6Gui.so.6	qt6
kgeography	libQt6Widgets.so.6	qt6
kgeography	libQt6Xml.so.6	qt6
kgeography	libc.so.6	aaa_glibc-solibs
kgeography	libc.so.6	glibc
kgeography	libgcc_s.so.1	aaa_libraries
kgeography	libgcc_s.so.1	gcc
kgeography	libm.so.6	aaa_glibc-solibs
kgeography	libm.so.6	glibc
kgeography	libstdc++.so.6	aaa_libraries
kgeography	libstdc++.so.6	gcc-g++
kget	libGLX.so.0	libglvnd
kget	libKF6Archive.so.6	karchive
kget	libKF6ColorScheme.so.6	kcolorscheme
kget	libKF6Completion.so.6	kcompletion
kget	libKF6ConfigCore.so.6	kconfig
kget	libKF6ConfigGui.so.6	kconfig
kget	libKF6ConfigWidgets.so.6	kconfigwidgets
kget	libKF6CoreAddons.so.6	kcoreaddons
kget	libKF6Crash.so.6	kcrash
kget	libKF6DBusAddons.so.6	kdbusaddons
kget	libKF6GuiAddons.so.6	kguiaddons
kget	libKF6I18n.so.6	ki18n
kget	libKF6I18nLocaleData.so.6	ki18n
kget	libKF6IconThemes.so.6	kiconthemes
kget	libKF6IconWidgets.so.6	kiconthemes
kget	libKF6ItemViews.so.6	kitemviews
kget	libKF6JobWidgets.so.6	kjobwidgets
kget	libKF6KCMUtils.so.6	kcmutils
kget	libKF6KCMUtilsCore.so.6	kcmutils
kget	libKF6KCMUtilsQuick.so.6	kcmutils
kget	libKF6KIOCore.so.6	kio
kget	libKF6KIOGui.so.6	kio
kget	libKF6KIOWidgets.so.6	kio
kget	libKF6Notifications.so.6	knotifications
kget	libKF6NotifyConfig.so.6	knotifyconfig
kget	libKF6Service.so.6	kservice
kget	libKF6Solid.so.6	solid
kget	libKF6StatusNotifierItem.so.6	kstatusnotifieritem
kget	libKF6Wallet.so.6	kwallet
kget	libKF6WidgetsAddons.so.6	kwidgetsaddons
kget	libKF6WindowSystem.so.6	kwindowsystem
kget	libKF6XmlGui.so.6	kxmlgui
kget	libKTorrent6.so.6	libktorrent
kget	libOpenGL.so.0	libglvnd
kget	libQt6Core.so.6	qt6
kget	libQt6DBus.so.6	qt6
kget	libQt6Gui.so.6	qt6
kget	libQt6Network.so.6	qt6
kget	libQt6Qml.so.6	qt6
kget	libQt6Sql.so.6	qt6
kget	libQt6Widgets.so.6	qt6
kget	libQt6Xml.so.6	qt6
kget	libX11.so.6	libX11
kget	libc.so.6	aaa_glibc-solibs
kget	libc.so.6	glibc
kget	libcrypto.so.3	openssl
kget	libcrypto.so.3	openssl-solibs
kget	libgcc_s.so.1	aaa_libraries
kget	libgcc_s.so.1	gcc
kget	libgmp.so.10	aaa_libraries
kget	libgmp.so.10	gmp
kget	libgpg-error.so.0	aaa_libraries
kget	libgpg-error.so.0	libgpg-error
kget	libgpgme.so.45	gpgme
kget	libgpgmepp.so.7	gpgmepp
kget	libm.so.6	aaa_glibc-solibs
kget	libm.so.6	glibc
kget	libqgpgmeqt6.so.15	qgpgme
kget	libstdc++.so.6	aaa_libraries
kget	libstdc++.so.6	gcc-g++
kglobalaccel	libGLX.so.0	libglvnd
kglobalaccel	libOpenGL.so.0	libglvnd
kglobalaccel	libQt6Core.so.6	qt6
kglobalaccel	libQt6DBus.so.6	qt6
kglobalaccel	libQt6Gui.so.6	qt6
kglobalaccel	libQt6Widgets.so.6	qt6
kglobalaccel	libc.so.6	aaa_glibc-solibs
kglobalaccel	libc.so.6	glibc
kglobalaccel	libgcc_s.so.1	aaa_libraries
kglobalaccel	libgcc_s.so.1	gcc
kglobalaccel	libm.so.6	aaa_glibc-solibs
kglobalaccel	libm.so.6	glibc
kglobalaccel	libstdc++.so.6	aaa_libraries
kglobalaccel	libstdc++.so.6	gcc-g++
kglobalaccel	libxkbcommon.so.0	aaa_libraries
kglobalaccel	libxkbcommon.so.0	libxkbcommon
kglobalaccel5	libKF5ConfigCore.so.5	kconfig5
kglobalaccel5	libKF5CoreAddons.so.5	kcoreaddons5
kglobalaccel5	libKF5WindowSystem.so.5	kwindowsystem5
kglobalaccel5	libQt5Core.so.5	qt5
kglobalaccel5	libQt5DBus.so.5	qt5
kglobalaccel5	libQt5Gui.so.5	qt5
kglobalaccel5	libQt5Widgets.so.5	qt5
kglobalaccel5	libQt5X11Extras.so.5	qt5
kglobalaccel5	libX11.so.6	libX11
kglobalaccel5	libc.so.6	aaa_glibc-solibs
kglobalaccel5	libc.so.6	glibc
kglobalaccel5	libgcc_s.so.1	aaa_libraries
kglobalaccel5	libgcc_s.so.1	gcc
kglobalaccel5	libm.so.6	aaa_glibc-solibs
kglobalaccel5	libm.so.6	glibc
kglobalaccel5	libstdc++.so.6	aaa_libraries
kglobalaccel5	libstdc++.so.6	gcc-g++
kglobalacceld	libGLX.so.0	libglvnd
kglobalacceld	libKF6ConfigCore.so.6	kconfig
kglobalacceld	libKF6CoreAddons.so.6	kcoreaddons
kglobalacceld	libKF6Crash.so.6	kcrash
kglobalacceld	libKF6DBusAddons.so.6	kdbusaddons
kglobalacceld	libKF6GlobalAccel.so.6	kglobalaccel
kglobalacceld	libKF6JobWidgets.so.6	kjobwidgets
kglobalacceld	libKF6KIOCore.so.6	kio
kglobalacceld	libKF6KIOGui.so.6	kio
kglobalacceld	libKF6Service.so.6	kservice
kglobalacceld	libKF6WindowSystem.so.6	kwindowsystem
kglobalacceld	libOpenGL.so.0	libglvnd
kglobalacceld	libQt6Core.so.6	qt6
kglobalacceld	libQt6DBus.so.6	qt6
kglobalacceld	libQt6Gui.so.6	qt6
kglobalacceld	libQt6Network.so.6	qt6
kglobalacceld	libQt6Widgets.so.6	qt6
kglobalacceld	libX11.so.6	libX11
kglobalacceld	libc.so.6	aaa_glibc-solibs
kglobalacceld	libc.so.6	glibc
kglobalacceld	libgcc_s.so.1	aaa_libraries
kglobalacceld	libgcc_s.so.1	gcc
kglobalacceld	libm.so.6	aaa_glibc-solibs
kglobalacceld	libm.so.6	glibc
kglobalacceld	libstdc++.so.6	aaa_libraries
kglobalacceld	libstdc++.so.6	gcc-g++
kglobalacceld	libxcb-keysyms.so.1	xcb-util-keysyms
kglobalacceld	libxcb-record.so.0	libxcb
kglobalacceld	libxcb-xkb.so.1	libxcb
kglobalacceld	libxcb.so.1	libxcb
kglobalacceld	libxkbcommon.so.0	aaa_libraries
kglobalacceld	libxkbcommon.so.0	libxkbcommon
kgoldrunner	libGLX.so.0	libglvnd
kgoldrunner	libKDEGames6.so.6	libkdegames
kgoldrunner	libKF6ColorScheme.so.6	kcolorscheme
kgoldrunner	libKF6ConfigCore.so.6	kconfig
kgoldrunner	libKF6ConfigGui.so.6	kconfig
kgoldrunner	libKF6ConfigWidgets.so.6	kconfigwidgets
kgoldrunner	libKF6CoreAddons.so.6	kcoreaddons
kgoldrunner	libKF6Crash.so.6	kcrash
kgoldrunner	libKF6DBusAddons.so.6	kdbusaddons
kgoldrunner	libKF6GuiAddons.so.6	kguiaddons
kgoldrunner	libKF6I18n.so.6	ki18n
kgoldrunner	libKF6IconThemes.so.6	kiconthemes
kgoldrunner	libKF6KIOCore.so.6	kio
kgoldrunner	libKF6WidgetsAddons.so.6	kwidgetsaddons
kgoldrunner	libKF6XmlGui.so.6	kxmlgui
kgoldrunner	libOpenGL.so.0	libglvnd
kgoldrunner	libQt6Core.so.6	qt6
kgoldrunner	libQt6DBus.so.6	qt6
kgoldrunner	libQt6Gui.so.6	qt6
kgoldrunner	libQt6Network.so.6	qt6
kgoldrunner	libQt6Qml.so.6	qt6
kgoldrunner	libQt6Widgets.so.6	qt6
kgoldrunner	libQt6Xml.so.6	qt6
kgoldrunner	libc.so.6	aaa_glibc-solibs
kgoldrunner	libc.so.6	glibc
kgoldrunner	libgcc_s.so.1	aaa_libraries
kgoldrunner	libgcc_s.so.1	gcc
kgoldrunner	libm.so.6	aaa_glibc-solibs
kgoldrunner	libm.so.6	glibc
kgoldrunner	libstdc++.so.6	aaa_libraries
kgoldrunner	libstdc++.so.6	gcc-g++
kgpg	libGLX.so.0	libglvnd
kgpg	libKF6Archive.so.6	karchive
kgpg	libKF6Bookmarks.so.6	kbookmarks
kgpg	libKF6Codecs.so.6	kcodecs
kgpg	libKF6ColorScheme.so.6	kcolorscheme
kgpg	libKF6Completion.so.6	kcompletion
kgpg	libKF6ConfigCore.so.6	kconfig
kgpg	libKF6ConfigGui.so.6	kconfig
kgpg	libKF6ConfigWidgets.so.6	kconfigwidgets
kgpg	libKF6Contacts.so.6	kcontacts
kgpg	libKF6CoreAddons.so.6	kcoreaddons
kgpg	libKF6Crash.so.6	kcrash
kgpg	libKF6DBusAddons.so.6	kdbusaddons
kgpg	libKF6GuiAddons.so.6	kguiaddons
kgpg	libKF6I18n.so.6	ki18n
kgpg	libKF6ItemModels.so.6	kitemmodels
kgpg	libKF6ItemViews.so.6	kitemviews
kgpg	libKF6JobWidgets.so.6	kjobwidgets
kgpg	libKF6KIOCore.so.6	kio
kgpg	libKF6KIOFileWidgets.so.6	kio
kgpg	libKF6KIOGui.so.6	kio
kgpg	libKF6KIOWidgets.so.6	kio
kgpg	libKF6Notifications.so.6	knotifications
kgpg	libKF6Service.so.6	kservice
kgpg	libKF6Solid.so.6	solid
kgpg	libKF6SonnetUi.so.6	sonnet
kgpg	libKF6StatusNotifierItem.so.6	kstatusnotifieritem
kgpg	libKF6TextTemplate.so.6	ktexttemplate
kgpg	libKF6TextWidgets.so.6	ktextwidgets
kgpg	libKF6WidgetsAddons.so.6	kwidgetsaddons
kgpg	libKF6WindowSystem.so.6	kwindowsystem
kgpg	libKF6XmlGui.so.6	kxmlgui
kgpg	libKPim6AkonadiContactCore.so.6	akonadi-contacts
kgpg	libKPim6AkonadiContactWidgets.so.6	akonadi-contacts
kgpg	libKPim6AkonadiCore.so.6	akonadi
kgpg	libKPim6AkonadiPrivate.so.6	akonadi
kgpg	libKPim6GrantleeTheme.so.6	grantleetheme
kgpg	libOpenGL.so.0	libglvnd
kgpg	libQt6Core.so.6	qt6
kgpg	libQt6DBus.so.6	qt6
kgpg	libQt6Gui.so.6	qt6
kgpg	libQt6Network.so.6	qt6
kgpg	libQt6PrintSupport.so.6	qt6
kgpg	libQt6Widgets.so.6	qt6
kgpg	libQt6Xml.so.6	qt6
kgpg	libX11.so.6	libX11
kgpg	libc.so.6	aaa_glibc-solibs
kgpg	libc.so.6	glibc
kgpg	libgcc_s.so.1	aaa_libraries
kgpg	libgcc_s.so.1	gcc
kgpg	libm.so.6	aaa_glibc-solibs
kgpg	libm.so.6	glibc
kgpg	libstdc++.so.6	aaa_libraries
kgpg	libstdc++.so.6	gcc-g++
kgraphviewer	libGLX.so.0	libglvnd
kgraphviewer	libKF6ColorScheme.so.6	kcolorscheme
kgraphviewer	libKF6ConfigCore.so.6	kconfig
kgraphviewer	libKF6ConfigGui.so.6	kconfig
kgraphviewer	libKF6ConfigWidgets.so.6	kconfigwidgets
kgraphviewer	libKF6CoreAddons.so.6	kcoreaddons
kgraphviewer	libKF6GuiAddons.so.6	kguiaddons
kgraphviewer	libKF6I18n.so.6	ki18n
kgraphviewer	libKF6KIOCore.so.6	kio
kgraphviewer	libKF6Parts.so.6	kparts
kgraphviewer	libKF6WidgetsAddons.so.6	kwidgetsaddons
kgraphviewer	libKF6XmlGui.so.6	kxmlgui
kgraphviewer	libOpenGL.so.0	libglvnd
kgraphviewer	libQt6Core.so.6	qt6
kgraphviewer	libQt6Core5Compat.so.6	qt6
kgraphviewer	libQt6DBus.so.6	qt6
kgraphviewer	libQt6Gui.so.6	qt6
kgraphviewer	libQt6Network.so.6	qt6
kgraphviewer	libQt6PrintSupport.so.6	qt6
kgraphviewer	libQt6Svg.so.6	qt6
kgraphviewer	libQt6Widgets.so.6	qt6
kgraphviewer	libQt6Xml.so.6	qt6
kgraphviewer	libc.so.6	aaa_glibc-solibs
kgraphviewer	libc.so.6	glibc
kgraphviewer	libcdt.so.6	graphviz
kgraphviewer	libcgraph.so.10	graphviz
kgraphviewer	libgcc_s.so.1	aaa_libraries
kgraphviewer	libgcc_s.so.1	gcc
kgraphviewer	libgvc.so.7	graphviz
kgraphviewer	libm.so.6	aaa_glibc-solibs
kgraphviewer	libm.so.6	glibc
kgraphviewer	libpathplan.so.4	graphviz
kgraphviewer	libstdc++.so.6	aaa_libraries
kgraphviewer	libstdc++.so.6	gcc-g++
kguiaddons	libGLX.so.0	libglvnd
kguiaddons	libOpenGL.so.0	libglvnd
kguiaddons	libQt6Core.so.6	qt6
kguiaddons	libQt6DBus.so.6	qt6
kguiaddons	libQt6Gui.so.6	qt6
kguiaddons	libQt6Network.so.6	qt6
kguiaddons	libQt6Qml.so.6	qt6
kguiaddons	libQt6WaylandClient.so.6	qt6
kguiaddons	libX11.so.6	libX11
kguiaddons	libc.so.6	aaa_glibc-solibs
kguiaddons	libc.so.6	glibc
kguiaddons	libgcc_s.so.1	aaa_libraries
kguiaddons	libgcc_s.so.1	gcc
kguiaddons	libm.so.6	aaa_glibc-solibs
kguiaddons	libm.so.6	glibc
kguiaddons	libstdc++.so.6	aaa_libraries
kguiaddons	libstdc++.so.6	gcc-g++
kguiaddons	libwayland-client.so.0	wayland
kguiaddons	libwayland-cursor.so.0	wayland
kguiaddons	libxcb.so.1	libxcb
kguiaddons	libxkbcommon.so.0	aaa_libraries
kguiaddons	libxkbcommon.so.0	libxkbcommon
kguiaddons5	libQt5Core.so.5	qt5
kguiaddons5	libQt5DBus.so.5	qt5
kguiaddons5	libQt5Gui.so.5	qt5
kguiaddons5	libQt5WaylandClient.so.5	qt5
kguiaddons5	libQt5X11Extras.so.5	qt5
kguiaddons5	libX11.so.6	libX11
kguiaddons5	libc.so.6	aaa_glibc-solibs
kguiaddons5	libc.so.6	glibc
kguiaddons5	libgcc_s.so.1	aaa_libraries
kguiaddons5	libgcc_s.so.1	gcc
kguiaddons5	libm.so.6	aaa_glibc-solibs
kguiaddons5	libm.so.6	glibc
kguiaddons5	libstdc++.so.6	aaa_libraries
kguiaddons5	libstdc++.so.6	gcc-g++
kguiaddons5	libwayland-client.so.0	wayland
kguiaddons5	libxcb.so.1	libxcb
khangman	libGLX.so.0	libglvnd
khangman	libKEduVocDocument.so.5	libkeduvocdocument
khangman	libKF6Attica.so.6	attica
khangman	libKF6ConfigCore.so.6	kconfig
khangman	libKF6CoreAddons.so.6	kcoreaddons
khangman	libKF6Crash.so.6	kcrash
khangman	libKF6I18n.so.6	ki18n
khangman	libKF6I18nQml.so.6	ki18n
khangman	libKF6NewStuffCore.so.6	knewstuff
khangman	libKF6WidgetsAddons.so.6	kwidgetsaddons
khangman	libOpenGL.so.0	libglvnd
khangman	libQt6Core.so.6	qt6
khangman	libQt6Gui.so.6	qt6
khangman	libQt6Network.so.6	qt6
khangman	libQt6Qml.so.6	qt6
khangman	libQt6Widgets.so.6	qt6
khangman	libQt6Xml.so.6	qt6
khangman	libc.so.6	aaa_glibc-solibs
khangman	libc.so.6	glibc
khangman	libgcc_s.so.1	aaa_libraries
khangman	libgcc_s.so.1	gcc
khangman	libm.so.6	aaa_glibc-solibs
khangman	libm.so.6	glibc
khangman	libstdc++.so.6	aaa_libraries
khangman	libstdc++.so.6	gcc-g++
khealthcertificate	libKF6Archive.so.6	karchive
khealthcertificate	libKF6Codecs.so.6	kcodecs
khealthcertificate	libKF6I18nLocaleData.so.6	ki18n
khealthcertificate	libQt6Core.so.6	qt6
khealthcertificate	libQt6Network.so.6	qt6
khealthcertificate	libQt6Qml.so.6	qt6
khealthcertificate	libc.so.6	aaa_glibc-solibs
khealthcertificate	libc.so.6	glibc
khealthcertificate	libcrypto.so.3	openssl
khealthcertificate	libcrypto.so.3	openssl-solibs
khealthcertificate	libgcc_s.so.1	aaa_libraries
khealthcertificate	libgcc_s.so.1	gcc
khealthcertificate	libm.so.6	aaa_glibc-solibs
khealthcertificate	libm.so.6	glibc
khealthcertificate	libstdc++.so.6	aaa_libraries
khealthcertificate	libstdc++.so.6	gcc-g++
khealthcertificate	libz.so.1	aaa_libraries
khealthcertificate	libz.so.1	zlib
khelpcenter	libGLX.so.0	libglvnd
khelpcenter	libKF6Archive.so.6	karchive
khelpcenter	libKF6Bookmarks.so.6	kbookmarks
khelpcenter	libKF6BookmarksWidgets.so.6	kbookmarks
khelpcenter	libKF6ColorScheme.so.6	kcolorscheme
khelpcenter	libKF6Completion.so.6	kcompletion
khelpcenter	libKF6ConfigCore.so.6	kconfig
khelpcenter	libKF6ConfigGui.so.6	kconfig
khelpcenter	libKF6ConfigWidgets.so.6	kconfigwidgets
khelpcenter	libKF6CoreAddons.so.6	kcoreaddons
khelpcenter	libKF6DBusAddons.so.6	kdbusaddons
khelpcenter	libKF6DocTools.so.6	kdoctools
khelpcenter	libKF6GuiAddons.so.6	kguiaddons
khelpcenter	libKF6I18n.so.6	ki18n
khelpcenter	libKF6JobWidgets.so.6	kjobwidgets
khelpcenter	libKF6KIOCore.so.6	kio
khelpcenter	libKF6KIOGui.so.6	kio
khelpcenter	libKF6KIOWidgets.so.6	kio
khelpcenter	libKF6Service.so.6	kservice
khelpcenter	libKF6TextTemplate.so.6	ktexttemplate
khelpcenter	libKF6WidgetsAddons.so.6	kwidgetsaddons
khelpcenter	libKF6WindowSystem.so.6	kwindowsystem
khelpcenter	libKF6XmlGui.so.6	kxmlgui
khelpcenter	libOpenGL.so.0	libglvnd
khelpcenter	libQt6Core.so.6	qt6
khelpcenter	libQt6DBus.so.6	qt6
khelpcenter	libQt6Gui.so.6	qt6
khelpcenter	libQt6Network.so.6	qt6
khelpcenter	libQt6OpenGL.so.6	qt6
khelpcenter	libQt6Positioning.so.6	qt6
khelpcenter	libQt6PrintSupport.so.6	qt6
khelpcenter	libQt6Qml.so.6	qt6
khelpcenter	libQt6Quick.so.6	qt6
khelpcenter	libQt6WebChannel.so.6	qt6
khelpcenter	libQt6WebEngineCore.so.6	qt6
khelpcenter	libQt6WebEngineWidgets.so.6	qt6
khelpcenter	libQt6Widgets.so.6	qt6
khelpcenter	libQt6Xml.so.6	qt6
khelpcenter	libX11.so.6	libX11
khelpcenter	libc.so.6	aaa_glibc-solibs
khelpcenter	libc.so.6	glibc
khelpcenter	libgcc_s.so.1	aaa_libraries
khelpcenter	libgcc_s.so.1	gcc
khelpcenter	libm.so.6	aaa_glibc-solibs
khelpcenter	libm.so.6	glibc
khelpcenter	libstdc++.so.6	aaa_libraries
khelpcenter	libstdc++.so.6	gcc-g++
khelpcenter	libxapian.so.45	xapian-core
khelpcenter	libxml2.so.16	libxml2
kholidays	libQt6Core.so.6	qt6
kholidays	libQt6Network.so.6	qt6
kholidays	libQt6Qml.so.6	qt6
kholidays	libc.so.6	aaa_glibc-solibs
kholidays	libc.so.6	glibc
kholidays	libgcc_s.so.1	aaa_libraries
kholidays	libgcc_s.so.1	gcc
kholidays	libm.so.6	aaa_glibc-solibs
kholidays	libm.so.6	glibc
kholidays	libstdc++.so.6	aaa_libraries
kholidays	libstdc++.so.6	gcc-g++
kholidays5	libQt5Core.so.5	qt5
kholidays5	libQt5Network.so.5	qt5
kholidays5	libQt5Qml.so.5	qt5
kholidays5	libc.so.6	aaa_glibc-solibs
kholidays5	libc.so.6	glibc
kholidays5	libgcc_s.so.1	aaa_libraries
kholidays5	libgcc_s.so.1	gcc
kholidays5	libm.so.6	aaa_glibc-solibs
kholidays5	libm.so.6	glibc
kholidays5	libstdc++.so.6	aaa_libraries
kholidays5	libstdc++.so.6	gcc-g++
khtml5	libICE.so.6	libICE
khtml5	libKF5Archive.so.5	karchive5
khtml5	libKF5Auth.so.5	kauth5
khtml5	libKF5AuthCore.so.5	kauth5
khtml5	libKF5Bookmarks.so.5	kbookmarks5
khtml5	libKF5Codecs.so.5	kcodecs5
khtml5	libKF5Completion.so.5	kcompletion5
khtml5	libKF5ConfigCore.so.5	kconfig5
khtml5	libKF5ConfigGui.so.5	kconfig5
khtml5	libKF5ConfigWidgets.so.5	kconfigwidgets5
khtml5	libKF5CoreAddons.so.5	kcoreaddons5
khtml5	libKF5GlobalAccel.so.5	kglobalaccel5
khtml5	libKF5I18n.so.5	ki18n5
khtml5	libKF5IconThemes.so.5	kiconthemes5
khtml5	libKF5JS.so.5	kjs5
khtml5	libKF5JobWidgets.so.5	kjobwidgets5
khtml5	libKF5KIOCore.so.5	kio5
khtml5	libKF5KIOGui.so.5	kio5
khtml5	libKF5KIOWidgets.so.5	kio5
khtml5	libKF5Notifications.so.5	knotifications5
khtml5	libKF5Parts.so.5	kparts5
khtml5	libKF5Service.so.5	kservice5
khtml5	libKF5Solid.so.5	solid5
khtml5	libKF5SonnetCore.so.5	sonnet5
khtml5	libKF5SonnetUi.so.5	sonnet5
khtml5	libKF5TextWidgets.so.5	ktextwidgets5
khtml5	libKF5Wallet.so.5	kwallet5
khtml5	libKF5WidgetsAddons.so.5	kwidgetsaddons5
khtml5	libKF5WindowSystem.so.5	kwindowsystem5
khtml5	libKF5XmlGui.so.5	kxmlgui5
khtml5	libQt5Concurrent.so.5	qt5
khtml5	libQt5Core.so.5	qt5
khtml5	libQt5DBus.so.5	qt5
khtml5	libQt5Gui.so.5	qt5
khtml5	libQt5Network.so.5	qt5
khtml5	libQt5PrintSupport.so.5	qt5
khtml5	libQt5Widgets.so.5	qt5
khtml5	libQt5X11Extras.so.5	qt5
khtml5	libQt5Xml.so.5	qt5
khtml5	libSM.so.6	libSM
khtml5	libX11.so.6	libX11
khtml5	libXext.so.6	libXext
khtml5	libc.so.6	aaa_glibc-solibs
khtml5	libc.so.6	glibc
khtml5	libgcc_s.so.1	aaa_libraries
khtml5	libgcc_s.so.1	gcc
khtml5	libgif.so.7	giflib
khtml5	libjpeg.so.62	aaa_libraries
khtml5	libjpeg.so.62	libjpeg-turbo
khtml5	libm.so.6	aaa_glibc-solibs
khtml5	libm.so.6	glibc
khtml5	libphonon4qt5.so.4	phonon
khtml5	libphonon4qt5experimental.so.4	phonon
khtml5	libpng16.so.16	aaa_libraries
khtml5	libpng16.so.16	libpng
khtml5	libstdc++.so.6	aaa_libraries
khtml5	libstdc++.so.6	gcc-g++
khtml5	libz.so.1	aaa_libraries
khtml5	libz.so.1	zlib
ki18n	libQt6Core.so.6	qt6
ki18n	libQt6Network.so.6	qt6
ki18n	libQt6Qml.so.6	qt6
ki18n	libc.so.6	aaa_glibc-solibs
ki18n	libc.so.6	glibc
ki18n	libgcc_s.so.1	aaa_libraries
ki18n	libgcc_s.so.1	gcc
ki18n	libm.so.6	aaa_glibc-solibs
ki18n	libm.so.6	glibc
ki18n	libstdc++.so.6	aaa_libraries
ki18n	libstdc++.so.6	gcc-g++
ki18n5	libQt5Core.so.5	qt5
ki18n5	libQt5Network.so.5	qt5
ki18n5	libQt5Qml.so.5	qt5
ki18n5	libc.so.6	aaa_glibc-solibs
ki18n5	libc.so.6	glibc
ki18n5	libgcc_s.so.1	aaa_libraries
ki18n5	libgcc_s.so.1	gcc
ki18n5	libm.so.6	aaa_glibc-solibs
ki18n5	libm.so.6	glibc
ki18n5	libstdc++.so.6	aaa_libraries
ki18n5	libstdc++.so.6	gcc-g++
kiconthemes	ld-linux-x86-64.so.2	aaa_glibc-solibs
kiconthemes	ld-linux-x86-64.so.2	glibc
kiconthemes	libGLX.so.0	libglvnd
kiconthemes	libKF6Archive.so.6	karchive
kiconthemes	libKF6BreezeIcons.so.6	breeze-icons
kiconthemes	libKF6ColorScheme.so.6	kcolorscheme
kiconthemes	libKF6ConfigCore.so.6	kconfig
kiconthemes	libKF6ConfigGui.so.6	kconfig
kiconthemes	libKF6I18n.so.6	ki18n
kiconthemes	libKF6WidgetsAddons.so.6	kwidgetsaddons
kiconthemes	libOpenGL.so.0	libglvnd
kiconthemes	libQt6Core.so.6	qt6
kiconthemes	libQt6DBus.so.6	qt6
kiconthemes	libQt6Gui.so.6	qt6
kiconthemes	libQt6Network.so.6	qt6
kiconthemes	libQt6OpenGL.so.6	qt6
kiconthemes	libQt6Qml.so.6	qt6
kiconthemes	libQt6Quick.so.6	qt6
kiconthemes	libQt6Svg.so.6	qt6
kiconthemes	libQt6Widgets.so.6	qt6
kiconthemes	libc.so.6	aaa_glibc-solibs
kiconthemes	libc.so.6	glibc
kiconthemes	libgcc_s.so.1	aaa_libraries
kiconthemes	libgcc_s.so.1	gcc
kiconthemes	libm.so.6	aaa_glibc-solibs
kiconthemes	libm.so.6	glibc
kiconthemes	libstdc++.so.6	aaa_libraries
kiconthemes	libstdc++.so.6	gcc-g++
kiconthemes	libxkbcommon.so.0	aaa_libraries
kiconthemes	libxkbcommon.so.0	libxkbcommon
kiconthemes5	libKF5Archive.so.5	karchive5
kiconthemes5	libKF5Auth.so.5	kauth5
kiconthemes5	libKF5AuthCore.so.5	kauth5
kiconthemes5	libKF5Codecs.so.5	kcodecs5
kiconthemes5	libKF5ConfigCore.so.5	kconfig5
kiconthemes5	libKF5ConfigGui.so.5	kconfig5
kiconthemes5	libKF5ConfigWidgets.so.5	kconfigwidgets5
kiconthemes5	libKF5CoreAddons.so.5	kcoreaddons5
kiconthemes5	libKF5I18n.so.5	ki18n5
kiconthemes5	libKF5WidgetsAddons.so.5	kwidgetsaddons5
kiconthemes5	libQt5Core.so.5	qt5
kiconthemes5	libQt5DBus.so.5	qt5
kiconthemes5	libQt5Gui.so.5	qt5
kiconthemes5	libQt5Svg.so.5	qt5
kiconthemes5	libQt5Widgets.so.5	qt5
kiconthemes5	libQt5Xml.so.5	qt5
kiconthemes5	libc.so.6	aaa_glibc-solibs
kiconthemes5	libc.so.6	glibc
kiconthemes5	libgcc_s.so.1	aaa_libraries
kiconthemes5	libgcc_s.so.1	gcc
kiconthemes5	libm.so.6	aaa_glibc-solibs
kiconthemes5	libm.so.6	glibc
kiconthemes5	libstdc++.so.6	aaa_libraries
kiconthemes5	libstdc++.so.6	gcc-g++
kid3	libFLAC++.so.11	flac
kid3	libFLAC.so.14	flac
kid3	libGLX.so.0	libglvnd
kid3	libKF6ColorScheme.so.6	kcolorscheme
kid3	libKF6ConfigCore.so.6	kconfig
kid3	libKF6ConfigGui.so.6	kconfig
kid3	libKF6ConfigWidgets.so.6	kconfigwidgets
kid3	libKF6CoreAddons.so.6	kcoreaddons
kid3	libKF6GuiAddons.so.6	kguiaddons
kid3	libKF6KIOCore.so.6	kio
kid3	libKF6WidgetsAddons.so.6	kwidgetsaddons
kid3	libKF6XmlGui.so.6	kxmlgui
kid3	libOpenGL.so.0	libglvnd
kid3	libQt6Core.so.6	qt6
kid3	libQt6DBus.so.6	qt6
kid3	libQt6Gui.so.6	qt6
kid3	libQt6Multimedia.so.6	qt6
kid3	libQt6Network.so.6	qt6
kid3	libQt6OpenGL.so.6	qt6
kid3	libQt6Qml.so.6	qt6
kid3	libQt6Quick.so.6	qt6
kid3	libQt6Widgets.so.6	qt6
kid3	libQt6Xml.so.6	qt6
kid3	libc.so.6	aaa_glibc-solibs
kid3	libc.so.6	glibc
kid3	libgcc_s.so.1	aaa_libraries
kid3	libgcc_s.so.1	gcc
kid3	libid3-3.8.so.3	id3lib
kid3	libm.so.6	aaa_glibc-solibs
kid3	libm.so.6	glibc
kid3	libogg.so.0	libogg
kid3	libreadline.so.8	aaa_libraries
kid3	libreadline.so.8	readline
kid3	libstdc++.so.6	aaa_libraries
kid3	libstdc++.so.6	gcc-g++
kid3	libtag.so.2	taglib
kid3	libvorbis.so.0	libvorbis
kid3	libvorbisfile.so.3	libvorbis
kid3	libz.so.1	aaa_libraries
kid3	libz.so.1	zlib
kidentitymanagement	libGLX.so.0	libglvnd
kidentitymanagement	libKF6Codecs.so.6	kcodecs
kidentitymanagement	libKF6ColorScheme.so.6	kcolorscheme
kidentitymanagement	libKF6Completion.so.6	kcompletion
kidentitymanagement	libKF6ConfigCore.so.6	kconfig
kidentitymanagement	libKF6ConfigGui.so.6	kconfig
kidentitymanagement	libKF6ConfigWidgets.so.6	kconfigwidgets
kidentitymanagement	libKF6CoreAddons.so.6	kcoreaddons
kidentitymanagement	libKF6GuiAddons.so.6	kguiaddons
kidentitymanagement	libKF6I18n.so.6	ki18n
kidentitymanagement	libKF6JobWidgets.so.6	kjobwidgets
kidentitymanagement	libKF6KIOCore.so.6	kio
kidentitymanagement	libKF6KIOGui.so.6	kio
kidentitymanagement	libKF6KIOWidgets.so.6	kio
kidentitymanagement	libKF6Service.so.6	kservice
kidentitymanagement	libKF6SonnetUi.so.6	sonnet
kidentitymanagement	libKF6SyntaxHighlighting.so.6	syntax-highlighting
kidentitymanagement	libKF6TextCustomEditor.so.1	ktextaddons
kidentitymanagement	libKF6WidgetsAddons.so.6	kwidgetsaddons
kidentitymanagement	libKF6XmlGui.so.6	kxmlgui
kidentitymanagement	libKPim6TextEdit.so.6	kpimtextedit
kidentitymanagement	libOpenGL.so.0	libglvnd
kidentitymanagement	libQt6Core.so.6	qt6
kidentitymanagement	libQt6DBus.so.6	qt6
kidentitymanagement	libQt6Gui.so.6	qt6
kidentitymanagement	libQt6Network.so.6	qt6
kidentitymanagement	libQt6OpenGL.so.6	qt6
kidentitymanagement	libQt6Qml.so.6	qt6
kidentitymanagement	libQt6Quick.so.6	qt6
kidentitymanagement	libQt6Widgets.so.6	qt6
kidentitymanagement	libQt6Xml.so.6	qt6
kidentitymanagement	libc.so.6	aaa_glibc-solibs
kidentitymanagement	libc.so.6	glibc
kidentitymanagement	libgcc_s.so.1	aaa_libraries
kidentitymanagement	libgcc_s.so.1	gcc
kidentitymanagement	libm.so.6	aaa_glibc-solibs
kidentitymanagement	libm.so.6	glibc
kidentitymanagement	libstdc++.so.6	aaa_libraries
kidentitymanagement	libstdc++.so.6	gcc-g++
kidletime	libGLX.so.0	libglvnd
kidletime	libICE.so.6	libICE
kidletime	libOpenGL.so.0	libglvnd
kidletime	libQt6Core.so.6	qt6
kidletime	libQt6DBus.so.6	qt6
kidletime	libQt6Gui.so.6	qt6
kidletime	libQt6WaylandClient.so.6	qt6
kidletime	libSM.so.6	libSM
kidletime	libX11-xcb.so.1	libX11
kidletime	libX11.so.6	libX11
kidletime	libXext.so.6	libXext
kidletime	libXss.so.1	libXScrnSaver
kidletime	libc.so.6	aaa_glibc-solibs
kidletime	libc.so.6	glibc
kidletime	libgcc_s.so.1	aaa_libraries
kidletime	libgcc_s.so.1	gcc
kidletime	libm.so.6	aaa_glibc-solibs
kidletime	libm.so.6	glibc
kidletime	libstdc++.so.6	aaa_libraries
kidletime	libstdc++.so.6	gcc-g++
kidletime	libwayland-client.so.0	wayland
kidletime	libwayland-cursor.so.0	wayland
kidletime	libxcb-sync.so.1	libxcb
kidletime	libxcb.so.1	libxcb
kidletime5	libICE.so.6	libICE
kidletime5	libQt5Core.so.5	qt5
kidletime5	libQt5DBus.so.5	qt5
kidletime5	libQt5Gui.so.5	qt5
kidletime5	libQt5WaylandClient.so.5	qt5
kidletime5	libQt5X11Extras.so.5	qt5
kidletime5	libSM.so.6	libSM
kidletime5	libX11-xcb.so.1	libX11
kidletime5	libX11.so.6	libX11
kidletime5	libXext.so.6	libXext
kidletime5	libXss.so.1	libXScrnSaver
kidletime5	libc.so.6	aaa_glibc-solibs
kidletime5	libc.so.6	glibc
kidletime5	libgcc_s.so.1	aaa_libraries
kidletime5	libgcc_s.so.1	gcc
kidletime5	libm.so.6	aaa_glibc-solibs
kidletime5	libm.so.6	glibc
kidletime5	libstdc++.so.6	aaa_libraries
kidletime5	libstdc++.so.6	gcc-g++
kidletime5	libwayland-client.so.0	wayland
kidletime5	libxcb-sync.so.1	libxcb
kidletime5	libxcb.so.1	libxcb
kig	libGLX.so.0	libglvnd
kig	libKF6Archive.so.6	karchive
kig	libKF6ColorScheme.so.6	kcolorscheme
kig	libKF6Completion.so.6	kcompletion
kig	libKF6ConfigCore.so.6	kconfig
kig	libKF6ConfigGui.so.6	kconfig
kig	libKF6ConfigWidgets.so.6	kconfigwidgets
kig	libKF6CoreAddons.so.6	kcoreaddons
kig	libKF6Crash.so.6	kcrash
kig	libKF6GuiAddons.so.6	kguiaddons
kig	libKF6I18n.so.6	ki18n
kig	libKF6IconThemes.so.6	kiconthemes
kig	libKF6IconWidgets.so.6	kiconthemes
kig	libKF6KIOCore.so.6	kio
kig	libKF6Parts.so.6	kparts
kig	libKF6SyntaxHighlighting.so.6	syntax-highlighting
kig	libKF6TextEditor.so.6	ktexteditor
kig	libKF6WidgetsAddons.so.6	kwidgetsaddons
kig	libKF6XmlGui.so.6	kxmlgui
kig	libOpenGL.so.0	libglvnd
kig	libQt6Core.so.6	qt6
kig	libQt6DBus.so.6	qt6
kig	libQt6Gui.so.6	qt6
kig	libQt6Network.so.6	qt6
kig	libQt6PrintSupport.so.6	qt6
kig	libQt6Svg.so.6	qt6
kig	libQt6Widgets.so.6	qt6
kig	libQt6Xml.so.6	qt6
kig	libboost_atomic.so.1.92.0	boost
kig	libboost_chrono.so.1.92.0	boost
kig	libboost_container.so.1.92.0	boost
kig	libboost_date_time.so.1.92.0	boost
kig	libboost_graph.so.1.92.0	boost
kig	libboost_math_tr1.so.1.92.0	boost
kig	libboost_python312.so.1.92.0	boost
kig	libboost_random.so.1.92.0	boost
kig	libboost_serialization.so.1.92.0	boost
kig	libboost_thread.so.1.92.0	boost
kig	libc.so.6	aaa_glibc-solibs
kig	libc.so.6	glibc
kig	libgcc_s.so.1	aaa_libraries
kig	libgcc_s.so.1	gcc
kig	libm.so.6	aaa_glibc-solibs
kig	libm.so.6	glibc
kig	libpython3.12.so.1.0	python3
kig	libstdc++.so.6	aaa_libraries
kig	libstdc++.so.6	gcc-g++
kigo	libGLX.so.0	libglvnd
kigo	libKDEGames6.so.6	libkdegames
kigo	libKF6Attica.so.6	attica
kigo	libKF6ColorScheme.so.6	kcolorscheme
kigo	libKF6Completion.so.6	kcompletion
kigo	libKF6ConfigCore.so.6	kconfig
kigo	libKF6ConfigGui.so.6	kconfig
kigo	libKF6ConfigWidgets.so.6	kconfigwidgets
kigo	libKF6CoreAddons.so.6	kcoreaddons
kigo	libKF6Crash.so.6	kcrash
kigo	libKF6DBusAddons.so.6	kdbusaddons
kigo	libKF6GuiAddons.so.6	kguiaddons
kigo	libKF6I18n.so.6	ki18n
kigo	libKF6IconThemes.so.6	kiconthemes
kigo	libKF6JobWidgets.so.6	kjobwidgets
kigo	libKF6KIOCore.so.6	kio
kigo	libKF6KIOGui.so.6	kio
kigo	libKF6KIOWidgets.so.6	kio
kigo	libKF6NewStuffCore.so.6	knewstuff
kigo	libKF6NewStuffWidgets.so.6	knewstuff
kigo	libKF6Service.so.6	kservice
kigo	libKF6SonnetUi.so.6	sonnet
kigo	libKF6TextWidgets.so.6	ktextwidgets
kigo	libKF6WidgetsAddons.so.6	kwidgetsaddons
kigo	libKF6XmlGui.so.6	kxmlgui
kigo	libOpenGL.so.0	libglvnd
kigo	libQt6Core.so.6	qt6
kigo	libQt6DBus.so.6	qt6
kigo	libQt6Gui.so.6	qt6
kigo	libQt6Network.so.6	qt6
kigo	libQt6Qml.so.6	qt6
kigo	libQt6Svg.so.6	qt6
kigo	libQt6Widgets.so.6	qt6
kigo	libQt6Xml.so.6	qt6
kigo	libc.so.6	aaa_glibc-solibs
kigo	libc.so.6	glibc
kigo	libgcc_s.so.1	aaa_libraries
kigo	libgcc_s.so.1	gcc
kigo	libm.so.6	aaa_glibc-solibs
kigo	libm.so.6	glibc
kigo	libstdc++.so.6	aaa_libraries
kigo	libstdc++.so.6	gcc-g++
kile	libGLX.so.0	libglvnd
kile	libKF6Bookmarks.so.6	kbookmarks
kile	libKF6Codecs.so.6	kcodecs
kile	libKF6ColorScheme.so.6	kcolorscheme
kile	libKF6Completion.so.6	kcompletion
kile	libKF6ConfigCore.so.6	kconfig
kile	libKF6ConfigGui.so.6	kconfig
kile	libKF6ConfigWidgets.so.6	kconfigwidgets
kile	libKF6CoreAddons.so.6	kcoreaddons
kile	libKF6Crash.so.6	kcrash
kile	libKF6DBusAddons.so.6	kdbusaddons
kile	libKF6GuiAddons.so.6	kguiaddons
kile	libKF6I18n.so.6	ki18n
kile	libKF6IconThemes.so.6	kiconthemes
kile	libKF6IconWidgets.so.6	kiconthemes
kile	libKF6ItemViews.so.6	kitemviews
kile	libKF6JobWidgets.so.6	kjobwidgets
kile	libKF6KIOCore.so.6	kio
kile	libKF6KIOFileWidgets.so.6	kio
kile	libKF6KIOGui.so.6	kio
kile	libKF6KIOWidgets.so.6	kio
kile	libKF6Parts.so.6	kparts
kile	libKF6Service.so.6	kservice
kile	libKF6Solid.so.6	solid
kile	libKF6SonnetUi.so.6	sonnet
kile	libKF6SyntaxHighlighting.so.6	syntax-highlighting
kile	libKF6TextEditor.so.6	ktexteditor
kile	libKF6TextWidgets.so.6	ktextwidgets
kile	libKF6WidgetsAddons.so.6	kwidgetsaddons
kile	libKF6WindowSystem.so.6	kwindowsystem
kile	libKF6XmlGui.so.6	kxmlgui
kile	libOpenGL.so.0	libglvnd
kile	libQt6Core.so.6	qt6
kile	libQt6Core5Compat.so.6	qt6
kile	libQt6DBus.so.6	qt6
kile	libQt6Gui.so.6	qt6
kile	libQt6Network.so.6	qt6
kile	libQt6Qml.so.6	qt6
kile	libQt6Widgets.so.6	qt6
kile	libQt6Xml.so.6	qt6
kile	libX11.so.6	libX11
kile	libc.so.6	aaa_glibc-solibs
kile	libc.so.6	glibc
kile	libgcc_s.so.1	aaa_libraries
kile	libgcc_s.so.1	gcc
kile	libm.so.6	aaa_glibc-solibs
kile	libm.so.6	glibc
kile	libpoppler-qt6.so.3	poppler
kile	libpoppler.so.165	poppler
kile	libstdc++.so.6	aaa_libraries
kile	libstdc++.so.6	gcc-g++
killbots	libGLX.so.0	libglvnd
killbots	libKDEGames6.so.6	libkdegames
killbots	libKF6ColorScheme.so.6	kcolorscheme
killbots	libKF6Completion.so.6	kcompletion
killbots	libKF6ConfigCore.so.6	kconfig
killbots	libKF6ConfigGui.so.6	kconfig
killbots	libKF6ConfigWidgets.so.6	kconfigwidgets
killbots	libKF6CoreAddons.so.6	kcoreaddons
killbots	libKF6Crash.so.6	kcrash
killbots	libKF6DBusAddons.so.6	kdbusaddons
killbots	libKF6GuiAddons.so.6	kguiaddons
killbots	libKF6I18n.so.6	ki18n
killbots	libKF6IconThemes.so.6	kiconthemes
killbots	libKF6WidgetsAddons.so.6	kwidgetsaddons
killbots	libKF6XmlGui.so.6	kxmlgui
killbots	libOpenGL.so.0	libglvnd
killbots	libQt6Core.so.6	qt6
killbots	libQt6DBus.so.6	qt6
killbots	libQt6Gui.so.6	qt6
killbots	libQt6Network.so.6	qt6
killbots	libQt6Qml.so.6	qt6
killbots	libQt6Widgets.so.6	qt6
killbots	libQt6Xml.so.6	qt6
killbots	libc.so.6	aaa_glibc-solibs
killbots	libc.so.6	glibc
killbots	libgcc_s.so.1	aaa_libraries
killbots	libgcc_s.so.1	gcc
killbots	libm.so.6	aaa_glibc-solibs
killbots	libm.so.6	glibc
killbots	libstdc++.so.6	aaa_libraries
killbots	libstdc++.so.6	gcc-g++
kimageformats	libGLX.so.0	libglvnd
kimageformats	libIex-3_5.so.34	openexr
kimageformats	libIlmThread-3_5.so.34	openexr
kimageformats	libImath-3_2.so.30	Imath
kimageformats	libKF6Archive.so.6	karchive
kimageformats	libOpenEXR-3_5.so.34	openexr
kimageformats	libOpenEXRCore-3_5.so.34	openexr
kimageformats	libOpenGL.so.0	libglvnd
kimageformats	libQt6Core.so.6	qt6
kimageformats	libQt6Gui.so.6	qt6
kimageformats	libQt6PrintSupport.so.6	qt6
kimageformats	libQt6Widgets.so.6	qt6
kimageformats	libc.so.6	aaa_glibc-solibs
kimageformats	libc.so.6	glibc
kimageformats	libgcc_s.so.1	aaa_libraries
kimageformats	libgcc_s.so.1	gcc
kimageformats	libjxl.so.0.12	libjxl
kimageformats	libjxl_cms.so.0.12	libjxl
kimageformats	libjxl_threads.so.0.12	libjxl
kimageformats	libm.so.6	aaa_glibc-solibs
kimageformats	libm.so.6	glibc
kimageformats	libopenjp2.so.7	openjpeg
kimageformats	libraw.so.25	LibRaw
kimageformats	libstdc++.so.6	aaa_libraries
kimageformats	libstdc++.so.6	gcc-g++
kimageformats5	libIex-3_5.so.34	openexr
kimageformats5	libIlmThread-3_5.so.34	openexr
kimageformats5	libImath-3_2.so.30	Imath
kimageformats5	libKF5Archive.so.5	karchive5
kimageformats5	libOpenEXR-3_5.so.34	openexr
kimageformats5	libOpenEXRCore-3_5.so.34	openexr
kimageformats5	libQt5Core.so.5	qt5
kimageformats5	libQt5Gui.so.5	qt5
kimageformats5	libQt5PrintSupport.so.5	qt5
kimageformats5	libQt5Widgets.so.5	qt5
kimageformats5	libc.so.6	aaa_glibc-solibs
kimageformats5	libc.so.6	glibc
kimageformats5	libgcc_s.so.1	aaa_libraries
kimageformats5	libgcc_s.so.1	gcc
kimageformats5	libjxl.so.0.12	libjxl
kimageformats5	libjxl_threads.so.0.12	libjxl
kimageformats5	libm.so.6	aaa_glibc-solibs
kimageformats5	libm.so.6	glibc
kimageformats5	libraw.so.25	LibRaw
kimageformats5	libstdc++.so.6	aaa_libraries
kimageformats5	libstdc++.so.6	gcc-g++
kimagemapeditor	libGLX.so.0	libglvnd
kimagemapeditor	libKF6ColorScheme.so.6	kcolorscheme
kimagemapeditor	libKF6ConfigCore.so.6	kconfig
kimagemapeditor	libKF6ConfigGui.so.6	kconfig
kimagemapeditor	libKF6ConfigWidgets.so.6	kconfigwidgets
kimagemapeditor	libKF6CoreAddons.so.6	kcoreaddons
kimagemapeditor	libKF6GuiAddons.so.6	kguiaddons
kimagemapeditor	libKF6I18n.so.6	ki18n
kimagemapeditor	libKF6KIOCore.so.6	kio
kimagemapeditor	libKF6Parts.so.6	kparts
kimagemapeditor	libKF6WidgetsAddons.so.6	kwidgetsaddons
kimagemapeditor	libKF6XmlGui.so.6	kxmlgui
kimagemapeditor	libOpenGL.so.0	libglvnd
kimagemapeditor	libQt6Core.so.6	qt6
kimagemapeditor	libQt6DBus.so.6	qt6
kimagemapeditor	libQt6Gui.so.6	qt6
kimagemapeditor	libQt6Network.so.6	qt6
kimagemapeditor	libQt6OpenGL.so.6	qt6
kimagemapeditor	libQt6Positioning.so.6	qt6
kimagemapeditor	libQt6PrintSupport.so.6	qt6
kimagemapeditor	libQt6Qml.so.6	qt6
kimagemapeditor	libQt6Quick.so.6	qt6
kimagemapeditor	libQt6WebChannel.so.6	qt6
kimagemapeditor	libQt6WebEngineCore.so.6	qt6
kimagemapeditor	libQt6WebEngineWidgets.so.6	qt6
kimagemapeditor	libQt6Widgets.so.6	qt6
kimagemapeditor	libQt6Xml.so.6	qt6
kimagemapeditor	libc.so.6	aaa_glibc-solibs
kimagemapeditor	libc.so.6	glibc
kimagemapeditor	libgcc_s.so.1	aaa_libraries
kimagemapeditor	libgcc_s.so.1	gcc
kimagemapeditor	libm.so.6	aaa_glibc-solibs
kimagemapeditor	libm.so.6	glibc
kimagemapeditor	libstdc++.so.6	aaa_libraries
kimagemapeditor	libstdc++.so.6	gcc-g++
kimap	libKF6CoreAddons.so.6	kcoreaddons
kimap	libKF6I18n.so.6	ki18n
kimap	libKF6KIOCore.so.6	kio
kimap	libKF6Mime.so.6	kmime
kimap	libQt6Core.so.6	qt6
kimap	libQt6DBus.so.6	qt6
kimap	libQt6Network.so.6	qt6
kimap	libc.so.6	aaa_glibc-solibs
kimap	libc.so.6	glibc
kimap	libgcc_s.so.1	aaa_libraries
kimap	libgcc_s.so.1	gcc
kimap	libm.so.6	aaa_glibc-solibs
kimap	libm.so.6	glibc
kimap	libsasl2.so.3	cyrus-sasl
kimap	libstdc++.so.6	aaa_libraries
kimap	libstdc++.so.6	gcc-g++
kinfocenter	libGLX.so.0	libglvnd
kinfocenter	libKF6AuthCore.so.6	kauth
kinfocenter	libKF6ColorScheme.so.6	kcolorscheme
kinfocenter	libKF6Completion.so.6	kcompletion
kinfocenter	libKF6ConfigCore.so.6	kconfig
kinfocenter	libKF6ConfigGui.so.6	kconfig
kinfocenter	libKF6ConfigWidgets.so.6	kconfigwidgets
kinfocenter	libKF6CoreAddons.so.6	kcoreaddons
kinfocenter	libKF6I18n.so.6	ki18n
kinfocenter	libKF6JobWidgets.so.6	kjobwidgets
kinfocenter	libKF6KCMUtils.so.6	kcmutils
kinfocenter	libKF6KCMUtilsCore.so.6	kcmutils
kinfocenter	libKF6KCMUtilsQuick.so.6	kcmutils
kinfocenter	libKF6KIOCore.so.6	kio
kinfocenter	libKF6KIOGui.so.6	kio
kinfocenter	libKF6KIOWidgets.so.6	kio
kinfocenter	libKF6Service.so.6	kservice
kinfocenter	libKF6Solid.so.6	solid
kinfocenter	libKF6WidgetsAddons.so.6	kwidgetsaddons
kinfocenter	libOpenGL.so.0	libglvnd
kinfocenter	libQt6Core.so.6	qt6
kinfocenter	libQt6DBus.so.6	qt6
kinfocenter	libQt6Gui.so.6	qt6
kinfocenter	libQt6Network.so.6	qt6
kinfocenter	libQt6Qml.so.6	qt6
kinfocenter	libQt6Widgets.so.6	qt6
kinfocenter	libc.so.6	aaa_glibc-solibs
kinfocenter	libc.so.6	glibc
kinfocenter	libdrm.so.2	libdrm
kinfocenter	libgcc_s.so.1	aaa_libraries
kinfocenter	libgcc_s.so.1	gcc
kinfocenter	libm.so.6	aaa_glibc-solibs
kinfocenter	libm.so.6	glibc
kinfocenter	libstdc++.so.6	aaa_libraries
kinfocenter	libstdc++.so.6	gcc-g++
kinfocenter	libudev.so.1	aaa_libraries
kinfocenter	libudev.so.1	eudev
kinfocenter	libusb-1.0.so.0	aaa_libraries
kinfocenter	libusb-1.0.so.0	libusb
kinit5	libKF5Completion.so.5	kcompletion5
kinit5	libKF5ConfigCore.so.5	kconfig5
kinit5	libKF5CoreAddons.so.5	kcoreaddons5
kinit5	libKF5Crash.so.5	kcrash5
kinit5	libKF5DBusAddons.so.5	kdbusaddons5
kinit5	libKF5I18n.so.5	ki18n5
kinit5	libKF5JobWidgets.so.5	kjobwidgets5
kinit5	libKF5KIOCore.so.5	kio5
kinit5	libKF5KIOGui.so.5	kio5
kinit5	libKF5KIOWidgets.so.5	kio5
kinit5	libKF5Service.so.5	kservice5
kinit5	libKF5Solid.so.5	solid5
kinit5	libKF5WidgetsAddons.so.5	kwidgetsaddons5
kinit5	libKF5WindowSystem.so.5	kwindowsystem5
kinit5	libQt5Concurrent.so.5	qt5
kinit5	libQt5Core.so.5	qt5
kinit5	libQt5DBus.so.5	qt5
kinit5	libQt5Gui.so.5	qt5
kinit5	libQt5Network.so.5	qt5
kinit5	libQt5Widgets.so.5	qt5
kinit5	libX11.so.6	libX11
kinit5	libc.so.6	aaa_glibc-solibs
kinit5	libc.so.6	glibc
kinit5	libcap.so.2	aaa_libraries
kinit5	libcap.so.2	libcap
kinit5	libgcc_s.so.1	aaa_libraries
kinit5	libgcc_s.so.1	gcc
kinit5	libm.so.6	aaa_glibc-solibs
kinit5	libm.so.6	glibc
kinit5	libstdc++.so.6	aaa_libraries
kinit5	libstdc++.so.6	gcc-g++
kinit5	libxcb.so.1	libxcb
kio	ld-linux-x86-64.so.2	aaa_glibc-solibs
kio	ld-linux-x86-64.so.2	glibc
kio	libGLX.so.0	libglvnd
kio	libKF6Archive.so.6	karchive
kio	libKF6Bookmarks.so.6	kbookmarks
kio	libKF6BookmarksWidgets.so.6	kbookmarks
kio	libKF6ColorScheme.so.6	kcolorscheme
kio	libKF6Completion.so.6	kcompletion
kio	libKF6ConfigCore.so.6	kconfig
kio	libKF6ConfigGui.so.6	kconfig
kio	libKF6CoreAddons.so.6	kcoreaddons
kio	libKF6Crash.so.6	kcrash
kio	libKF6DBusAddons.so.6	kdbusaddons
kio	libKF6DocTools.so.6	kdoctools
kio	libKF6GuiAddons.so.6	kguiaddons
kio	libKF6I18n.so.6	ki18n
kio	libKF6IconThemes.so.6	kiconthemes
kio	libKF6IconWidgets.so.6	kiconthemes
kio	libKF6ItemViews.so.6	kitemviews
kio	libKF6JobWidgets.so.6	kjobwidgets
kio	libKF6Service.so.6	kservice
kio	libKF6Solid.so.6	solid
kio	libKF6Wallet.so.6	kwallet
kio	libKF6WidgetsAddons.so.6	kwidgetsaddons
kio	libKF6WindowSystem.so.6	kwindowsystem
kio	libOpenGL.so.0	libglvnd
kio	libQt6Concurrent.so.6	qt6
kio	libQt6Core.so.6	qt6
kio	libQt6DBus.so.6	qt6
kio	libQt6Gui.so.6	qt6
kio	libQt6Network.so.6	qt6
kio	libQt6Widgets.so.6	qt6
kio	libQt6Xml.so.6	qt6
kio	libX11.so.6	libX11
kio	libacl.so.1	aaa_libraries
kio	libacl.so.1	acl
kio	libattr.so.1	aaa_libraries
kio	libattr.so.1	attr
kio	libc.so.6	aaa_glibc-solibs
kio	libc.so.6	glibc
kio	libexslt.so.0	libxslt
kio	libgcc_s.so.1	aaa_libraries
kio	libgcc_s.so.1	gcc
kio	libm.so.6	aaa_glibc-solibs
kio	libm.so.6	glibc
kio	libmount.so.1	util-linux
kio	libstdc++.so.6	aaa_libraries
kio	libstdc++.so.6	gcc-g++
kio	libxkbcommon.so.0	aaa_libraries
kio	libxkbcommon.so.0	libxkbcommon
kio	libxml2.so.16	libxml2
kio-admin	libGLX.so.0	libglvnd
kio-admin	libKF6Completion.so.6	kcompletion
kio-admin	libKF6ConfigCore.so.6	kconfig
kio-admin	libKF6CoreAddons.so.6	kcoreaddons
kio-admin	libKF6I18n.so.6	ki18n
kio-admin	libKF6JobWidgets.so.6	kjobwidgets
kio-admin	libKF6KIOCore.so.6	kio
kio-admin	libKF6KIOGui.so.6	kio
kio-admin	libKF6KIOWidgets.so.6	kio
kio-admin	libKF6Service.so.6	kservice
kio-admin	libKF6WidgetsAddons.so.6	kwidgetsaddons
kio-admin	libOpenGL.so.0	libglvnd
kio-admin	libQt6Core.so.6	qt6
kio-admin	libQt6DBus.so.6	qt6
kio-admin	libQt6Gui.so.6	qt6
kio-admin	libQt6Network.so.6	qt6
kio-admin	libQt6Widgets.so.6	qt6
kio-admin	libatomic.so.1	aaa_libraries
kio-admin	libatomic.so.1	gcc
kio-admin	libc.so.6	aaa_glibc-solibs
kio-admin	libc.so.6	glibc
kio-admin	libgcc_s.so.1	aaa_libraries
kio-admin	libgcc_s.so.1	gcc
kio-admin	libm.so.6	aaa_glibc-solibs
kio-admin	libm.so.6	glibc
kio-admin	libpolkit-qt6-core-1.so.1	polkit-qt-1
kio-admin	libstdc++.so.6	aaa_libraries
kio-admin	libstdc++.so.6	gcc-g++
kio-extras	ld-linux-x86-64.so.2	aaa_glibc-solibs
kio-extras	ld-linux-x86-64.so.2	glibc
kio-extras	libGLX.so.0	libglvnd
kio-extras	libIex-3_5.so.34	openexr
kio-extras	libIlmThread-3_5.so.34	openexr
kio-extras	libImath-3_2.so.30	Imath
kio-extras	libKDSoapWSDiscoveryClient.so.0	kdsoap-ws-discovery-client
kio-extras	libKExiv2Qt6.so.0	libkexiv2
kio-extras	libKF6Archive.so.6	karchive
kio-extras	libKF6Bookmarks.so.6	kbookmarks
kio-extras	libKF6Codecs.so.6	kcodecs
kio-extras	libKF6ColorScheme.so.6	kcolorscheme
kio-extras	libKF6Completion.so.6	kcompletion
kio-extras	libKF6ConfigCore.so.6	kconfig
kio-extras	libKF6ConfigGui.so.6	kconfig
kio-extras	libKF6ConfigWidgets.so.6	kconfigwidgets
kio-extras	libKF6CoreAddons.so.6	kcoreaddons
kio-extras	libKF6DBusAddons.so.6	kdbusaddons
kio-extras	libKF6DNSSD.so.6	kdnssd
kio-extras	libKF6I18n.so.6	ki18n
kio-extras	libKF6ItemViews.so.6	kitemviews
kio-extras	libKF6JobWidgets.so.6	kjobwidgets
kio-extras	libKF6KCMUtils.so.6	kcmutils
kio-extras	libKF6KCMUtilsCore.so.6	kcmutils
kio-extras	libKF6KCMUtilsQuick.so.6	kcmutils
kio-extras	libKF6KIOCore.so.6	kio
kio-extras	libKF6KIOFileWidgets.so.6	kio
kio-extras	libKF6KIOGui.so.6	kio
kio-extras	libKF6KIOWidgets.so.6	kio
kio-extras	libKF6Notifications.so.6	knotifications
kio-extras	libKF6Service.so.6	kservice
kio-extras	libKF6Solid.so.6	solid
kio-extras	libKF6SyntaxHighlighting.so.6	syntax-highlighting
kio-extras	libKF6WidgetsAddons.so.6	kwidgetsaddons
kio-extras	libOpenEXR-3_5.so.34	openexr
kio-extras	libOpenEXRCore-3_5.so.34	openexr
kio-extras	libOpenGL.so.0	libglvnd
kio-extras	libPlasmaActivities.so.7	plasma-activities
kio-extras	libPlasmaActivitiesStats.so.1	plasma-activities-stats
kio-extras	libQCoro6Core.so.0	qcoro
kio-extras	libQt6Core.so.6	qt6
kio-extras	libQt6DBus.so.6	qt6
kio-extras	libQt6Gui.so.6	qt6
kio-extras	libQt6Network.so.6	qt6
kio-extras	libQt6Qml.so.6	qt6
kio-extras	libQt6Sql.so.6	qt6
kio-extras	libQt6Svg.so.6	qt6
kio-extras	libQt6Widgets.so.6	qt6
kio-extras	libQt6Xml.so.6	qt6
kio-extras	libXcursor.so.1	libXcursor
kio-extras	libc.so.6	aaa_glibc-solibs
kio-extras	libc.so.6	glibc
kio-extras	libgcc_s.so.1	aaa_libraries
kio-extras	libgcc_s.so.1	gcc
kio-extras	libimobiledevice-1.0.so.6	libimobiledevice
kio-extras	libkdsoap-qt6.so.2	kdsoap
kio-extras	libm.so.6	aaa_glibc-solibs
kio-extras	libm.so.6	glibc
kio-extras	libmtp.so.9	libmtp
kio-extras	libplist-2.0.so.12	libplist
kio-extras	libproxy.so.1	libproxy
kio-extras	libsmbclient.so.0	samba
kio-extras	libssh.so.4	libssh
kio-extras	libstdc++.so.6	aaa_libraries
kio-extras	libstdc++.so.6	gcc-g++
kio-extras	libtag.so.2	taglib
kio-extras	libtirpc.so.3	aaa_libraries
kio-extras	libtirpc.so.3	libtirpc
kio-gdrive	libGLX.so.0	libglvnd
kio-gdrive	libKF6Completion.so.6	kcompletion
kio-gdrive	libKF6ConfigCore.so.6	kconfig
kio-gdrive	libKF6CoreAddons.so.6	kcoreaddons
kio-gdrive	libKF6I18n.so.6	ki18n
kio-gdrive	libKF6JobWidgets.so.6	kjobwidgets
kio-gdrive	libKF6KIOCore.so.6	kio
kio-gdrive	libKF6KIOGui.so.6	kio
kio-gdrive	libKF6KIOWidgets.so.6	kio
kio-gdrive	libKF6Purpose.so.6	purpose
kio-gdrive	libKF6Service.so.6	kservice
kio-gdrive	libKF6WidgetsAddons.so.6	kwidgetsaddons
kio-gdrive	libKPim6GAPICore.so.6	libkgapi
kio-gdrive	libKPim6GAPIDrive.so.6	libkgapi
kio-gdrive	libOpenGL.so.0	libglvnd
kio-gdrive	libQt6Core.so.6	qt6
kio-gdrive	libQt6DBus.so.6	qt6
kio-gdrive	libQt6Gui.so.6	qt6
kio-gdrive	libQt6Network.so.6	qt6
kio-gdrive	libQt6Widgets.so.6	qt6
kio-gdrive	libc.so.6	aaa_glibc-solibs
kio-gdrive	libc.so.6	glibc
kio-gdrive	libgcc_s.so.1	aaa_libraries
kio-gdrive	libgcc_s.so.1	gcc
kio-gdrive	libm.so.6	aaa_glibc-solibs
kio-gdrive	libm.so.6	glibc
kio-gdrive	libqt6keychain.so.1	qtkeychain
kio-gdrive	libstdc++.so.6	aaa_libraries
kio-gdrive	libstdc++.so.6	gcc-g++
kio-snapshot	libGLX.so.0	libglvnd
kio-snapshot	libKF6Completion.so.6	kcompletion
kio-snapshot	libKF6ConfigCore.so.6	kconfig
kio-snapshot	libKF6CoreAddons.so.6	kcoreaddons
kio-snapshot	libKF6I18n.so.6	ki18n
kio-snapshot	libKF6JobWidgets.so.6	kjobwidgets
kio-snapshot	libKF6KIOCore.so.6	kio
kio-snapshot	libKF6KIOGui.so.6	kio
kio-snapshot	libKF6KIOWidgets.so.6	kio
kio-snapshot	libKF6Service.so.6	kservice
kio-snapshot	libKF6Solid.so.6	solid
kio-snapshot	libKF6WidgetsAddons.so.6	kwidgetsaddons
kio-snapshot	libOpenGL.so.0	libglvnd
kio-snapshot	libQt6Core.so.6	qt6
kio-snapshot	libQt6DBus.so.6	qt6
kio-snapshot	libQt6Gui.so.6	qt6
kio-snapshot	libQt6Network.so.6	qt6
kio-snapshot	libQt6Widgets.so.6	qt6
kio-snapshot	libbtrfsutil.so.1	btrfs-progs
kio-snapshot	libc.so.6	aaa_glibc-solibs
kio-snapshot	libc.so.6	glibc
kio-snapshot	libgcc_s.so.1	aaa_libraries
kio-snapshot	libgcc_s.so.1	gcc
kio-snapshot	libm.so.6	aaa_glibc-solibs
kio-snapshot	libm.so.6	glibc
kio-snapshot	libstdc++.so.6	aaa_libraries
kio-snapshot	libstdc++.so.6	gcc-g++
kio-zeroconf	libKF6CoreAddons.so.6	kcoreaddons
kio-zeroconf	libKF6DBusAddons.so.6	kdbusaddons
kio-zeroconf	libKF6DNSSD.so.6	kdnssd
kio-zeroconf	libKF6I18n.so.6	ki18n
kio-zeroconf	libKF6KIOCore.so.6	kio
kio-zeroconf	libQt6Core.so.6	qt6
kio-zeroconf	libQt6DBus.so.6	qt6
kio-zeroconf	libQt6Network.so.6	qt6
kio-zeroconf	libc.so.6	aaa_glibc-solibs
kio-zeroconf	libc.so.6	glibc
kio-zeroconf	libgcc_s.so.1	aaa_libraries
kio-zeroconf	libgcc_s.so.1	gcc
kio-zeroconf	libm.so.6	aaa_glibc-solibs
kio-zeroconf	libm.so.6	glibc
kio-zeroconf	libstdc++.so.6	aaa_libraries
kio-zeroconf	libstdc++.so.6	gcc-g++
kio5	ld-linux-x86-64.so.2	aaa_glibc-solibs
kio5	ld-linux-x86-64.so.2	glibc
kio5	libKF5Archive.so.5	karchive5
kio5	libKF5Auth.so.5	kauth5
kio5	libKF5AuthCore.so.5	kauth5
kio5	libKF5Bookmarks.so.5	kbookmarks5
kio5	libKF5Codecs.so.5	kcodecs5
kio5	libKF5Completion.so.5	kcompletion5
kio5	libKF5ConfigCore.so.5	kconfig5
kio5	libKF5ConfigGui.so.5	kconfig5
kio5	libKF5ConfigWidgets.so.5	kconfigwidgets5
kio5	libKF5CoreAddons.so.5	kcoreaddons5
kio5	libKF5Crash.so.5	kcrash5
kio5	libKF5DBusAddons.so.5	kdbusaddons5
kio5	libKF5DocTools.so.5	kdoctools5
kio5	libKF5GuiAddons.so.5	kguiaddons5
kio5	libKF5I18n.so.5	ki18n5
kio5	libKF5IconThemes.so.5	kiconthemes5
kio5	libKF5ItemViews.so.5	kitemviews5
kio5	libKF5JobWidgets.so.5	kjobwidgets5
kio5	libKF5Notifications.so.5	knotifications5
kio5	libKF5Service.so.5	kservice5
kio5	libKF5Solid.so.5	solid5
kio5	libKF5SonnetUi.so.5	sonnet5
kio5	libKF5TextWidgets.so.5	ktextwidgets5
kio5	libKF5Wallet.so.5	kwallet5
kio5	libKF5WidgetsAddons.so.5	kwidgetsaddons5
kio5	libKF5WindowSystem.so.5	kwindowsystem5
kio5	libKF5XmlGui.so.5	kxmlgui5
kio5	libQt5Concurrent.so.5	qt5
kio5	libQt5Core.so.5	qt5
kio5	libQt5DBus.so.5	qt5
kio5	libQt5Gui.so.5	qt5
kio5	libQt5Network.so.5	qt5
kio5	libQt5Qml.so.5	qt5
kio5	libQt5Widgets.so.5	qt5
kio5	libQt5X11Extras.so.5	qt5
kio5	libQt5Xml.so.5	qt5
kio5	libX11.so.6	libX11
kio5	libacl.so.1	aaa_libraries
kio5	libacl.so.1	acl
kio5	libattr.so.1	aaa_libraries
kio5	libattr.so.1	attr
kio5	libc.so.6	aaa_glibc-solibs
kio5	libc.so.6	glibc
kio5	libcom_err.so.2	e2fsprogs
kio5	libexslt.so.0	libxslt
kio5	libgcc_s.so.1	aaa_libraries
kio5	libgcc_s.so.1	gcc
kio5	libgssapi_krb5.so.2	aaa_libraries
kio5	libgssapi_krb5.so.2	krb5
kio5	libk5crypto.so.3	aaa_libraries
kio5	libk5crypto.so.3	krb5
kio5	libkrb5.so.3	aaa_libraries
kio5	libkrb5.so.3	krb5
kio5	libm.so.6	aaa_glibc-solibs
kio5	libm.so.6	glibc
kio5	libmount.so.1	util-linux
kio5	libnsl.so.3	aaa_libraries
kio5	libnsl.so.3	libnsl
kio5	libresolv.so.2	aaa_glibc-solibs
kio5	libresolv.so.2	glibc
kio5	libstdc++.so.6	aaa_libraries
kio5	libstdc++.so.6	gcc-g++
kio5	libxml2.so.16	libxml2
kio5	libxslt.so.1	libxslt
kirigami	libGLX.so.0	libglvnd
kirigami	libOpenGL.so.0	libglvnd
kirigami	libQt6Concurrent.so.6	qt6
kirigami	libQt6Core.so.6	qt6
kirigami	libQt6DBus.so.6	qt6
kirigami	libQt6Gui.so.6	qt6
kirigami	libQt6Network.so.6	qt6
kirigami	libQt6OpenGL.so.6	qt6
kirigami	libQt6Qml.so.6	qt6
kirigami	libQt6Quick.so.6	qt6
kirigami	libQt6QuickControls2.so.6	qt6
kirigami	libc.so.6	aaa_glibc-solibs
kirigami	libc.so.6	glibc
kirigami	libgcc_s.so.1	aaa_libraries
kirigami	libgcc_s.so.1	gcc
kirigami	libgomp.so.1	aaa_libraries
kirigami	libgomp.so.1	gcc
kirigami	libm.so.6	aaa_glibc-solibs
kirigami	libm.so.6	glibc
kirigami	libstdc++.so.6	aaa_libraries
kirigami	libstdc++.so.6	gcc-g++
kirigami	libxkbcommon.so.0	aaa_libraries
kirigami	libxkbcommon.so.0	libxkbcommon
kirigami-addons	libGLX.so.0	libglvnd
kirigami-addons	libKF6ColorScheme.so.6	kcolorscheme
kirigami-addons	libKF6ConfigCore.so.6	kconfig
kirigami-addons	libKF6ConfigGui.so.6	kconfig
kirigami-addons	libKF6CoreAddons.so.6	kcoreaddons
kirigami-addons	libKF6Crash.so.6	kcrash
kirigami-addons	libKF6GlobalAccel.so.6	kglobalaccel
kirigami-addons	libKF6GuiAddons.so.6	kguiaddons
kirigami-addons	libKF6I18n.so.6	ki18n
kirigami-addons	libKF6IconThemes.so.6	kiconthemes
kirigami-addons	libOpenGL.so.0	libglvnd
kirigami-addons	libQt6Core.so.6	qt6
kirigami-addons	libQt6DBus.so.6	qt6
kirigami-addons	libQt6Gui.so.6	qt6
kirigami-addons	libQt6Network.so.6	qt6
kirigami-addons	libQt6OpenGL.so.6	qt6
kirigami-addons	libQt6Qml.so.6	qt6
kirigami-addons	libQt6Quick.so.6	qt6
kirigami-addons	libQt6QuickControls2.so.6	qt6
kirigami-addons	libQt6Widgets.so.6	qt6
kirigami-addons	libc.so.6	aaa_glibc-solibs
kirigami-addons	libc.so.6	glibc
kirigami-addons	libgcc_s.so.1	aaa_libraries
kirigami-addons	libgcc_s.so.1	gcc
kirigami-addons	libm.so.6	aaa_glibc-solibs
kirigami-addons	libm.so.6	glibc
kirigami-addons	libstdc++.so.6	aaa_libraries
kirigami-addons	libstdc++.so.6	gcc-g++
kirigami-app-components	libGLX.so.0	libglvnd
kirigami-app-components	libKF6ConfigCore.so.6	kconfig
kirigami-app-components	libKF6ConfigGui.so.6	kconfig
kirigami-app-components	libKF6GuiAddons.so.6	kguiaddons
kirigami-app-components	libKF6I18n.so.6	ki18n
kirigami-app-components	libOpenGL.so.0	libglvnd
kirigami-app-components	libQt6Core.so.6	qt6
kirigami-app-components	libQt6Gui.so.6	qt6
kirigami-app-components	libQt6Network.so.6	qt6
kirigami-app-components	libQt6OpenGL.so.6	qt6
kirigami-app-components	libQt6Qml.so.6	qt6
kirigami-app-components	libQt6Quick.so.6	qt6
kirigami-app-components	libQt6QuickControls2.so.6	qt6
kirigami-app-components	libc.so.6	aaa_glibc-solibs
kirigami-app-components	libc.so.6	glibc
kirigami-app-components	libgcc_s.so.1	aaa_libraries
kirigami-app-components	libgcc_s.so.1	gcc
kirigami-app-components	libm.so.6	aaa_glibc-solibs
kirigami-app-components	libm.so.6	glibc
kirigami-app-components	libstdc++.so.6	aaa_libraries
kirigami-app-components	libstdc++.so.6	gcc-g++
kirigami-gallery	libGLX.so.0	libglvnd
kirigami-gallery	libKF6ItemModels.so.6	kitemmodels
kirigami-gallery	libKirigami.so.6	kirigami
kirigami-gallery	libKirigamiPlatform.so.6	kirigami
kirigami-gallery	libOpenGL.so.0	libglvnd
kirigami-gallery	libQt6Core.so.6	qt6
kirigami-gallery	libQt6Gui.so.6	qt6
kirigami-gallery	libQt6Network.so.6	qt6
kirigami-gallery	libQt6OpenGL.so.6	qt6
kirigami-gallery	libQt6Qml.so.6	qt6
kirigami-gallery	libQt6Quick.so.6	qt6
kirigami-gallery	libQt6QuickControls2.so.6	qt6
kirigami-gallery	libQt6Svg.so.6	qt6
kirigami-gallery	libQt6Widgets.so.6	qt6
kirigami-gallery	libc.so.6	aaa_glibc-solibs
kirigami-gallery	libc.so.6	glibc
kirigami-gallery	libgcc_s.so.1	aaa_libraries
kirigami-gallery	libgcc_s.so.1	gcc
kirigami-gallery	libm.so.6	aaa_glibc-solibs
kirigami-gallery	libm.so.6	glibc
kirigami-gallery	libstdc++.so.6	aaa_libraries
kirigami-gallery	libstdc++.so.6	gcc-g++
kirigami5	libQt5Concurrent.so.5	qt5
kirigami5	libQt5Core.so.5	qt5
kirigami5	libQt5DBus.so.5	qt5
kirigami5	libQt5Gui.so.5	qt5
kirigami5	libQt5Network.so.5	qt5
kirigami5	libQt5Qml.so.5	qt5
kirigami5	libQt5QmlModels.so.5	qt5
kirigami5	libQt5Quick.so.5	qt5
kirigami5	libQt5QuickControls2.so.5	qt5
kirigami5	libc.so.6	aaa_glibc-solibs
kirigami5	libc.so.6	glibc
kirigami5	libgcc_s.so.1	aaa_libraries
kirigami5	libgcc_s.so.1	gcc
kirigami5	libgomp.so.1	aaa_libraries
kirigami5	libgomp.so.1	gcc
kirigami5	libm.so.6	aaa_glibc-solibs
kirigami5	libm.so.6	glibc
kirigami5	libstdc++.so.6	aaa_libraries
kirigami5	libstdc++.so.6	gcc-g++
kiriki	libGLX.so.0	libglvnd
kiriki	libKDEGames6.so.6	libkdegames
kiriki	libKF6ColorScheme.so.6	kcolorscheme
kiriki	libKF6ConfigCore.so.6	kconfig
kiriki	libKF6ConfigGui.so.6	kconfig
kiriki	libKF6ConfigWidgets.so.6	kconfigwidgets
kiriki	libKF6CoreAddons.so.6	kcoreaddons
kiriki	libKF6Crash.so.6	kcrash
kiriki	libKF6DBusAddons.so.6	kdbusaddons
kiriki	libKF6GuiAddons.so.6	kguiaddons
kiriki	libKF6I18n.so.6	ki18n
kiriki	libKF6IconThemes.so.6	kiconthemes
kiriki	libKF6WidgetsAddons.so.6	kwidgetsaddons
kiriki	libKF6XmlGui.so.6	kxmlgui
kiriki	libOpenGL.so.0	libglvnd
kiriki	libQt6Core.so.6	qt6
kiriki	libQt6DBus.so.6	qt6
kiriki	libQt6Gui.so.6	qt6
kiriki	libQt6Network.so.6	qt6
kiriki	libQt6PrintSupport.so.6	qt6
kiriki	libQt6Qml.so.6	qt6
kiriki	libQt6Widgets.so.6	qt6
kiriki	libQt6Xml.so.6	qt6
kiriki	libc.so.6	aaa_glibc-solibs
kiriki	libc.so.6	glibc
kiriki	libgcc_s.so.1	aaa_libraries
kiriki	libgcc_s.so.1	gcc
kiriki	libm.so.6	aaa_glibc-solibs
kiriki	libm.so.6	glibc
kiriki	libstdc++.so.6	aaa_libraries
kiriki	libstdc++.so.6	gcc-g++
kitemmodels	libQt6Core.so.6	qt6
kitemmodels	libQt6Network.so.6	qt6
kitemmodels	libQt6Qml.so.6	qt6
kitemmodels	libc.so.6	aaa_glibc-solibs
kitemmodels	libc.so.6	glibc
kitemmodels	libgcc_s.so.1	aaa_libraries
kitemmodels	libgcc_s.so.1	gcc
kitemmodels	libm.so.6	aaa_glibc-solibs
kitemmodels	libm.so.6	glibc
kitemmodels	libstdc++.so.6	aaa_libraries
kitemmodels	libstdc++.so.6	gcc-g++
kitemmodels5	libQt5Core.so.5	qt5
kitemmodels5	libQt5Network.so.5	qt5
kitemmodels5	libQt5Qml.so.5	qt5
kitemmodels5	libc.so.6	aaa_glibc-solibs
kitemmodels5	libc.so.6	glibc
kitemmodels5	libgcc_s.so.1	aaa_libraries
kitemmodels5	libgcc_s.so.1	gcc
kitemmodels5	libm.so.6	aaa_glibc-solibs
kitemmodels5	libm.so.6	glibc
kitemmodels5	libstdc++.so.6	aaa_libraries
kitemmodels5	libstdc++.so.6	gcc-g++
kitemviews	libGLX.so.0	libglvnd
kitemviews	libOpenGL.so.0	libglvnd
kitemviews	libQt6Core.so.6	qt6
kitemviews	libQt6Gui.so.6	qt6
kitemviews	libQt6Widgets.so.6	qt6
kitemviews	libc.so.6	aaa_glibc-solibs
kitemviews	libc.so.6	glibc
kitemviews	libgcc_s.so.1	aaa_libraries
kitemviews	libgcc_s.so.1	gcc
kitemviews	libm.so.6	aaa_glibc-solibs
kitemviews	libm.so.6	glibc
kitemviews	libstdc++.so.6	aaa_libraries
kitemviews	libstdc++.so.6	gcc-g++
kitemviews5	libQt5Core.so.5	qt5
kitemviews5	libQt5Gui.so.5	qt5
kitemviews5	libQt5Widgets.so.5	qt5
kitemviews5	libc.so.6	aaa_glibc-solibs
kitemviews5	libc.so.6	glibc
kitemviews5	libgcc_s.so.1	aaa_libraries
kitemviews5	libgcc_s.so.1	gcc
kitemviews5	libm.so.6	aaa_glibc-solibs
kitemviews5	libm.so.6	glibc
kitemviews5	libstdc++.so.6	aaa_libraries
kitemviews5	libstdc++.so.6	gcc-g++
kiten	libGLX.so.0	libglvnd
kiten	libKF6Archive.so.6	karchive
kiten	libKF6ColorScheme.so.6	kcolorscheme
kiten	libKF6Completion.so.6	kcompletion
kiten	libKF6ConfigCore.so.6	kconfig
kiten	libKF6ConfigGui.so.6	kconfig
kiten	libKF6ConfigWidgets.so.6	kconfigwidgets
kiten	libKF6CoreAddons.so.6	kcoreaddons
kiten	libKF6Crash.so.6	kcrash
kiten	libKF6GuiAddons.so.6	kguiaddons
kiten	libKF6I18n.so.6	ki18n
kiten	libKF6KIOCore.so.6	kio
kiten	libKF6WidgetsAddons.so.6	kwidgetsaddons
kiten	libKF6XmlGui.so.6	kxmlgui
kiten	libOpenGL.so.0	libglvnd
kiten	libQt6Core.so.6	qt6
kiten	libQt6DBus.so.6	qt6
kiten	libQt6Gui.so.6	qt6
kiten	libQt6Network.so.6	qt6
kiten	libQt6Widgets.so.6	qt6
kiten	libQt6Xml.so.6	qt6
kiten	libc.so.6	aaa_glibc-solibs
kiten	libc.so.6	glibc
kiten	libgcc_s.so.1	aaa_libraries
kiten	libgcc_s.so.1	gcc
kiten	libm.so.6	aaa_glibc-solibs
kiten	libm.so.6	glibc
kiten	libstdc++.so.6	aaa_libraries
kiten	libstdc++.so.6	gcc-g++
kitinerary	libGLX.so.0	libglvnd
kitinerary	libKF6Archive.so.6	karchive
kitinerary	libKF6CalendarCore.so.6	kcalendarcore
kitinerary	libKF6Codecs.so.6	kcodecs
kitinerary	libKF6Contacts.so.6	kcontacts
kitinerary	libKF6I18n.so.6	ki18n
kitinerary	libKF6I18nLocaleData.so.6	ki18n
kitinerary	libKF6Mime.so.6	kmime
kitinerary	libKPim6PkPass.so.6	kpkpass
kitinerary	libOpenGL.so.0	libglvnd
kitinerary	libQt6Core.so.6	qt6
kitinerary	libQt6Gui.so.6	qt6
kitinerary	libQt6Network.so.6	qt6
kitinerary	libQt6Qml.so.6	qt6
kitinerary	libZXing.so.4	zxing-cpp
kitinerary	libc.so.6	aaa_glibc-solibs
kitinerary	libc.so.6	glibc
kitinerary	libcrypto.so.3	openssl
kitinerary	libcrypto.so.3	openssl-solibs
kitinerary	libgcc_s.so.1	aaa_libraries
kitinerary	libgcc_s.so.1	gcc
kitinerary	libm.so.6	aaa_glibc-solibs
kitinerary	libm.so.6	glibc
kitinerary	libpoppler.so.165	poppler
kitinerary	libstdc++.so.6	aaa_libraries
kitinerary	libstdc++.so.6	gcc-g++
kitinerary	libxml2.so.16	libxml2
kitinerary	libz.so.1	aaa_libraries
kitinerary	libz.so.1	zlib
kjobwidgets	libGLX.so.0	libglvnd
kjobwidgets	libKF6CoreAddons.so.6	kcoreaddons
kjobwidgets	libKF6Notifications.so.6	knotifications
kjobwidgets	libKF6WidgetsAddons.so.6	kwidgetsaddons
kjobwidgets	libOpenGL.so.0	libglvnd
kjobwidgets	libQt6Core.so.6	qt6
kjobwidgets	libQt6DBus.so.6	qt6
kjobwidgets	libQt6Gui.so.6	qt6
kjobwidgets	libQt6Widgets.so.6	qt6
kjobwidgets	libc.so.6	aaa_glibc-solibs
kjobwidgets	libc.so.6	glibc
kjobwidgets	libgcc_s.so.1	aaa_libraries
kjobwidgets	libgcc_s.so.1	gcc
kjobwidgets	libm.so.6	aaa_glibc-solibs
kjobwidgets	libm.so.6	glibc
kjobwidgets	libstdc++.so.6	aaa_libraries
kjobwidgets	libstdc++.so.6	gcc-g++
kjobwidgets	libxkbcommon.so.0	aaa_libraries
kjobwidgets	libxkbcommon.so.0	libxkbcommon
kjobwidgets5	libKF5CoreAddons.so.5	kcoreaddons5
kjobwidgets5	libKF5WidgetsAddons.so.5	kwidgetsaddons5
kjobwidgets5	libQt5Core.so.5	qt5
kjobwidgets5	libQt5DBus.so.5	qt5
kjobwidgets5	libQt5Gui.so.5	qt5
kjobwidgets5	libQt5Widgets.so.5	qt5
kjobwidgets5	libQt5X11Extras.so.5	qt5
kjobwidgets5	libc.so.6	aaa_glibc-solibs
kjobwidgets5	libc.so.6	glibc
kjobwidgets5	libgcc_s.so.1	aaa_libraries
kjobwidgets5	libgcc_s.so.1	gcc
kjobwidgets5	libm.so.6	aaa_glibc-solibs
kjobwidgets5	libm.so.6	glibc
kjobwidgets5	libstdc++.so.6	aaa_libraries
kjobwidgets5	libstdc++.so.6	gcc-g++
kjs5	libQt5Core.so.5	qt5
kjs5	libc.so.6	aaa_glibc-solibs
kjs5	libc.so.6	glibc
kjs5	libgcc_s.so.1	aaa_libraries
kjs5	libgcc_s.so.1	gcc
kjs5	libm.so.6	aaa_glibc-solibs
kjs5	libm.so.6	glibc
kjs5	libpcre.so.1	aaa_libraries
kjs5	libpcre.so.1	pcre
kjs5	libpcreposix.so.0	aaa_libraries
kjs5	libpcreposix.so.0	pcre
kjs5	libstdc++.so.6	aaa_libraries
kjs5	libstdc++.so.6	gcc-g++
kjsembed5	libGL.so.1	libglvnd
kjsembed5	libKF5I18n.so.5	ki18n5
kjsembed5	libKF5JS.so.5	kjs5
kjsembed5	libQt5Core.so.5	qt5
kjsembed5	libQt5Gui.so.5	qt5
kjsembed5	libQt5Svg.so.5	qt5
kjsembed5	libQt5Widgets.so.5	qt5
kjsembed5	libQt5Xml.so.5	qt5
kjsembed5	libc.so.6	aaa_glibc-solibs
kjsembed5	libc.so.6	glibc
kjsembed5	libgcc_s.so.1	aaa_libraries
kjsembed5	libgcc_s.so.1	gcc
kjsembed5	libm.so.6	aaa_glibc-solibs
kjsembed5	libm.so.6	glibc
kjsembed5	libstdc++.so.6	aaa_libraries
kjsembed5	libstdc++.so.6	gcc-g++
kjumpingcube	libGLX.so.0	libglvnd
kjumpingcube	libKDEGames6.so.6	libkdegames
kjumpingcube	libKF6ColorScheme.so.6	kcolorscheme
kjumpingcube	libKF6Completion.so.6	kcompletion
kjumpingcube	libKF6ConfigCore.so.6	kconfig
kjumpingcube	libKF6ConfigGui.so.6	kconfig
kjumpingcube	libKF6ConfigWidgets.so.6	kconfigwidgets
kjumpingcube	libKF6CoreAddons.so.6	kcoreaddons
kjumpingcube	libKF6Crash.so.6	kcrash
kjumpingcube	libKF6DBusAddons.so.6	kdbusaddons
kjumpingcube	libKF6GuiAddons.so.6	kguiaddons
kjumpingcube	libKF6I18n.so.6	ki18n
kjumpingcube	libKF6IconThemes.so.6	kiconthemes
kjumpingcube	libKF6JobWidgets.so.6	kjobwidgets
kjumpingcube	libKF6KIOCore.so.6	kio
kjumpingcube	libKF6KIOGui.so.6	kio
kjumpingcube	libKF6KIOWidgets.so.6	kio
kjumpingcube	libKF6Service.so.6	kservice
kjumpingcube	libKF6WidgetsAddons.so.6	kwidgetsaddons
kjumpingcube	libKF6XmlGui.so.6	kxmlgui
kjumpingcube	libOpenGL.so.0	libglvnd
kjumpingcube	libQt6Core.so.6	qt6
kjumpingcube	libQt6DBus.so.6	qt6
kjumpingcube	libQt6Gui.so.6	qt6
kjumpingcube	libQt6Network.so.6	qt6
kjumpingcube	libQt6Qml.so.6	qt6
kjumpingcube	libQt6Svg.so.6	qt6
kjumpingcube	libQt6Widgets.so.6	qt6
kjumpingcube	libQt6Xml.so.6	qt6
kjumpingcube	libc.so.6	aaa_glibc-solibs
kjumpingcube	libc.so.6	glibc
kjumpingcube	libgcc_s.so.1	aaa_libraries
kjumpingcube	libgcc_s.so.1	gcc
kjumpingcube	libm.so.6	aaa_glibc-solibs
kjumpingcube	libm.so.6	glibc
kjumpingcube	libstdc++.so.6	aaa_libraries
kjumpingcube	libstdc++.so.6	gcc-g++
kldap	libGLX.so.0	libglvnd
kldap	libKF6ConfigCore.so.6	kconfig
kldap	libKF6ConfigGui.so.6	kconfig
kldap	libKF6CoreAddons.so.6	kcoreaddons
kldap	libKF6I18n.so.6	ki18n
kldap	libKF6KIOCore.so.6	kio
kldap	libKF6WidgetsAddons.so.6	kwidgetsaddons
kldap	libOpenGL.so.0	libglvnd
kldap	libQt6Core.so.6	qt6
kldap	libQt6DBus.so.6	qt6
kldap	libQt6Gui.so.6	qt6
kldap	libQt6Network.so.6	qt6
kldap	libQt6Widgets.so.6	qt6
kldap	libc.so.6	aaa_glibc-solibs
kldap	libc.so.6	glibc
kldap	libgcc_s.so.1	aaa_libraries
kldap	libgcc_s.so.1	gcc
kldap	liblber.so.2	aaa_libraries
kldap	liblber.so.2	openldap
kldap	libldap.so.2	aaa_libraries
kldap	libldap.so.2	openldap
kldap	libm.so.6	aaa_glibc-solibs
kldap	libm.so.6	glibc
kldap	libqt6keychain.so.1	qtkeychain
kldap	libsasl2.so.3	cyrus-sasl
kldap	libstdc++.so.6	aaa_libraries
kldap	libstdc++.so.6	gcc-g++
kleopatra	ld-linux-x86-64.so.2	aaa_glibc-solibs
kleopatra	ld-linux-x86-64.so.2	glibc
kleopatra	libGLX.so.0	libglvnd
kleopatra	libKF6Codecs.so.6	kcodecs
kleopatra	libKF6ColorScheme.so.6	kcolorscheme
kleopatra	libKF6Completion.so.6	kcompletion
kleopatra	libKF6ConfigCore.so.6	kconfig
kleopatra	libKF6ConfigGui.so.6	kconfig
kleopatra	libKF6ConfigWidgets.so.6	kconfigwidgets
kleopatra	libKF6CoreAddons.so.6	kcoreaddons
kleopatra	libKF6Crash.so.6	kcrash
kleopatra	libKF6GuiAddons.so.6	kguiaddons
kleopatra	libKF6I18n.so.6	ki18n
kleopatra	libKF6IconThemes.so.6	kiconthemes
kleopatra	libKF6IconWidgets.so.6	kiconthemes
kleopatra	libKF6ItemModels.so.6	kitemmodels
kleopatra	libKF6JobWidgets.so.6	kjobwidgets
kleopatra	libKF6KIOCore.so.6	kio
kleopatra	libKF6KIOGui.so.6	kio
kleopatra	libKF6KIOWidgets.so.6	kio
kleopatra	libKF6Mime.so.6	kmime
kleopatra	libKF6Notifications.so.6	knotifications
kleopatra	libKF6Service.so.6	kservice
kleopatra	libKF6WidgetsAddons.so.6	kwidgetsaddons
kleopatra	libKF6WindowSystem.so.6	kwindowsystem
kleopatra	libKF6XmlGui.so.6	kxmlgui
kleopatra	libKPim6AkonadiCore.so.6	akonadi
kleopatra	libKPim6AkonadiMime.so.6	akonadi-mime
kleopatra	libKPim6AkonadiPrivate.so.6	akonadi
kleopatra	libKPim6IdentityManagementCore.so.6	kidentitymanagement
kleopatra	libKPim6Libkleo.so.6	libkleo
kleopatra	libKPim6MailTransport.so.6	kmailtransport
kleopatra	libKPim6MimeTreeParserWidgets.so.6	mimetreeparser
kleopatra	libOpenGL.so.0	libglvnd
kleopatra	libQt6Core.so.6	qt6
kleopatra	libQt6DBus.so.6	qt6
kleopatra	libQt6Gui.so.6	qt6
kleopatra	libQt6Network.so.6	qt6
kleopatra	libQt6PrintSupport.so.6	qt6
kleopatra	libQt6Widgets.so.6	qt6
kleopatra	libQt6Xml.so.6	qt6
kleopatra	libX11.so.6	libX11
kleopatra	libassuan.so.9	libassuan
kleopatra	libc.so.6	aaa_glibc-solibs
kleopatra	libc.so.6	glibc
kleopatra	libgcc_s.so.1	aaa_libraries
kleopatra	libgcc_s.so.1	gcc
kleopatra	libgpg-error.so.0	aaa_libraries
kleopatra	libgpg-error.so.0	libgpg-error
kleopatra	libgpgme.so.45	gpgme
kleopatra	libgpgmepp.so.7	gpgmepp
kleopatra	libkdsingleapplication-qt6.so.1.2	kdsingleapplication
kleopatra	libm.so.6	aaa_glibc-solibs
kleopatra	libm.so.6	glibc
kleopatra	libqgpgmeqt6.so.15	qgpgme
kleopatra	libstdc++.so.6	aaa_libraries
kleopatra	libstdc++.so.6	gcc-g++
klettres	libGLX.so.0	libglvnd
klettres	libKF6Attica.so.6	attica
klettres	libKF6ColorScheme.so.6	kcolorscheme
klettres	libKF6ConfigCore.so.6	kconfig
klettres	libKF6ConfigGui.so.6	kconfig
klettres	libKF6ConfigWidgets.so.6	kconfigwidgets
klettres	libKF6CoreAddons.so.6	kcoreaddons
klettres	libKF6Crash.so.6	kcrash
klettres	libKF6GuiAddons.so.6	kguiaddons
klettres	libKF6I18n.so.6	ki18n
klettres	libKF6NewStuffCore.so.6	knewstuff
klettres	libKF6NewStuffWidgets.so.6	knewstuff
klettres	libKF6WidgetsAddons.so.6	kwidgetsaddons
klettres	libKF6XmlGui.so.6	kxmlgui
klettres	libOpenGL.so.0	libglvnd
klettres	libQt6Core.so.6	qt6
klettres	libQt6DBus.so.6	qt6
klettres	libQt6Gui.so.6	qt6
klettres	libQt6Multimedia.so.6	qt6
klettres	libQt6Network.so.6	qt6
klettres	libQt6Svg.so.6	qt6
klettres	libQt6Widgets.so.6	qt6
klettres	libQt6Xml.so.6	qt6
klettres	libc.so.6	aaa_glibc-solibs
klettres	libc.so.6	glibc
klettres	libgcc_s.so.1	aaa_libraries
klettres	libgcc_s.so.1	gcc
klettres	libm.so.6	aaa_glibc-solibs
klettres	libm.so.6	glibc
klettres	libstdc++.so.6	aaa_libraries
klettres	libstdc++.so.6	gcc-g++
klevernotes	libGLX.so.0	libglvnd
klevernotes	libKF6ColorScheme.so.6	kcolorscheme
klevernotes	libKF6ConfigCore.so.6	kconfig
klevernotes	libKF6ConfigGui.so.6	kconfig
klevernotes	libKF6CoreAddons.so.6	kcoreaddons
klevernotes	libKF6I18n.so.6	ki18n
klevernotes	libKF6IconThemes.so.6	kiconthemes
klevernotes	libKF6KIOCore.so.6	kio
klevernotes	libOpenGL.so.0	libglvnd
klevernotes	libQt6Core.so.6	qt6
klevernotes	libQt6DBus.so.6	qt6
klevernotes	libQt6Gui.so.6	qt6
klevernotes	libQt6Network.so.6	qt6
klevernotes	libQt6OpenGL.so.6	qt6
klevernotes	libQt6Positioning.so.6	qt6
klevernotes	libQt6PrintSupport.so.6	qt6
klevernotes	libQt6Qml.so.6	qt6
klevernotes	libQt6Quick.so.6	qt6
klevernotes	libQt6QuickControls2.so.6	qt6
klevernotes	libQt6Svg.so.6	qt6
klevernotes	libQt6WebChannel.so.6	qt6
klevernotes	libQt6WebChannelQuick.so.6	qt6
klevernotes	libQt6WebEngineCore.so.6	qt6
klevernotes	libQt6WebEngineQuick.so.6	qt6
klevernotes	libQt6Widgets.so.6	qt6
klevernotes	libc.so.6	aaa_glibc-solibs
klevernotes	libc.so.6	glibc
klevernotes	libgcc_s.so.1	aaa_libraries
klevernotes	libgcc_s.so.1	gcc
klevernotes	libm.so.6	aaa_glibc-solibs
klevernotes	libm.so.6	glibc
klevernotes	libstdc++.so.6	aaa_libraries
klevernotes	libstdc++.so.6	gcc-g++
klickety	libGLX.so.0	libglvnd
klickety	libKDEGames6.so.6	libkdegames
klickety	libKF6ColorScheme.so.6	kcolorscheme
klickety	libKF6Completion.so.6	kcompletion
klickety	libKF6ConfigCore.so.6	kconfig
klickety	libKF6ConfigGui.so.6	kconfig
klickety	libKF6ConfigWidgets.so.6	kconfigwidgets
klickety	libKF6CoreAddons.so.6	kcoreaddons
klickety	libKF6Crash.so.6	kcrash
klickety	libKF6DBusAddons.so.6	kdbusaddons
klickety	libKF6GuiAddons.so.6	kguiaddons
klickety	libKF6I18n.so.6	ki18n
klickety	libKF6IconThemes.so.6	kiconthemes
klickety	libKF6JobWidgets.so.6	kjobwidgets
klickety	libKF6KIOCore.so.6	kio
klickety	libKF6KIOGui.so.6	kio
klickety	libKF6KIOWidgets.so.6	kio
klickety	libKF6Service.so.6	kservice
klickety	libKF6WidgetsAddons.so.6	kwidgetsaddons
klickety	libKF6XmlGui.so.6	kxmlgui
klickety	libOpenGL.so.0	libglvnd
klickety	libQt6Core.so.6	qt6
klickety	libQt6DBus.so.6	qt6
klickety	libQt6Gui.so.6	qt6
klickety	libQt6Network.so.6	qt6
klickety	libQt6Qml.so.6	qt6
klickety	libQt6Widgets.so.6	qt6
klickety	libQt6Xml.so.6	qt6
klickety	libc.so.6	aaa_glibc-solibs
klickety	libc.so.6	glibc
klickety	libgcc_s.so.1	aaa_libraries
klickety	libgcc_s.so.1	gcc
klickety	libm.so.6	aaa_glibc-solibs
klickety	libm.so.6	glibc
klickety	libstdc++.so.6	aaa_libraries
klickety	libstdc++.so.6	gcc-g++
klines	libGLX.so.0	libglvnd
klines	libKDEGames6.so.6	libkdegames
klines	libKF6ColorScheme.so.6	kcolorscheme
klines	libKF6ConfigCore.so.6	kconfig
klines	libKF6ConfigGui.so.6	kconfig
klines	libKF6ConfigWidgets.so.6	kconfigwidgets
klines	libKF6CoreAddons.so.6	kcoreaddons
klines	libKF6Crash.so.6	kcrash
klines	libKF6DBusAddons.so.6	kdbusaddons
klines	libKF6GuiAddons.so.6	kguiaddons
klines	libKF6I18n.so.6	ki18n
klines	libKF6IconThemes.so.6	kiconthemes
klines	libKF6WidgetsAddons.so.6	kwidgetsaddons
klines	libKF6XmlGui.so.6	kxmlgui
klines	libOpenGL.so.0	libglvnd
klines	libQt6Core.so.6	qt6
klines	libQt6DBus.so.6	qt6
klines	libQt6Gui.so.6	qt6
klines	libQt6Network.so.6	qt6
klines	libQt6Qml.so.6	qt6
klines	libQt6Widgets.so.6	qt6
klines	libQt6Xml.so.6	qt6
klines	libc.so.6	aaa_glibc-solibs
klines	libc.so.6	glibc
klines	libgcc_s.so.1	aaa_libraries
klines	libgcc_s.so.1	gcc
klines	libm.so.6	aaa_glibc-solibs
klines	libm.so.6	glibc
klines	libstdc++.so.6	aaa_libraries
klines	libstdc++.so.6	gcc-g++
kmag	libGLX.so.0	libglvnd
kmag	libKF6ColorScheme.so.6	kcolorscheme
kmag	libKF6ConfigCore.so.6	kconfig
kmag	libKF6ConfigGui.so.6	kconfig
kmag	libKF6ConfigWidgets.so.6	kconfigwidgets
kmag	libKF6CoreAddons.so.6	kcoreaddons
kmag	libKF6Crash.so.6	kcrash
kmag	libKF6GuiAddons.so.6	kguiaddons
kmag	libKF6I18n.so.6	ki18n
kmag	libKF6KIOCore.so.6	kio
kmag	libKF6WidgetsAddons.so.6	kwidgetsaddons
kmag	libKF6XmlGui.so.6	kxmlgui
kmag	libOpenGL.so.0	libglvnd
kmag	libQt6Core.so.6	qt6
kmag	libQt6DBus.so.6	qt6
kmag	libQt6Gui.so.6	qt6
kmag	libQt6Network.so.6	qt6
kmag	libQt6PrintSupport.so.6	qt6
kmag	libQt6Widgets.so.6	qt6
kmag	libQt6Xml.so.6	qt6
kmag	libc.so.6	aaa_glibc-solibs
kmag	libc.so.6	glibc
kmag	libgcc_s.so.1	aaa_libraries
kmag	libgcc_s.so.1	gcc
kmag	libm.so.6	aaa_glibc-solibs
kmag	libm.so.6	glibc
kmag	libqaccessibilityclient-qt6.so.0	libqaccessibilityclient
kmag	libstdc++.so.6	aaa_libraries
kmag	libstdc++.so.6	gcc-g++
kmahjongg	libGLX.so.0	libglvnd
kmahjongg	libKDEGames6.so.6	libkdegames
kmahjongg	libKF6ColorScheme.so.6	kcolorscheme
kmahjongg	libKF6ConfigCore.so.6	kconfig
kmahjongg	libKF6ConfigGui.so.6	kconfig
kmahjongg	libKF6ConfigWidgets.so.6	kconfigwidgets
kmahjongg	libKF6CoreAddons.so.6	kcoreaddons
kmahjongg	libKF6Crash.so.6	kcrash
kmahjongg	libKF6DBusAddons.so.6	kdbusaddons
kmahjongg	libKF6GuiAddons.so.6	kguiaddons
kmahjongg	libKF6I18n.so.6	ki18n
kmahjongg	libKF6WidgetsAddons.so.6	kwidgetsaddons
kmahjongg	libKF6XmlGui.so.6	kxmlgui
kmahjongg	libKMahjongg6.so.6	libkmahjongg
kmahjongg	libOpenGL.so.0	libglvnd
kmahjongg	libQt6Core.so.6	qt6
kmahjongg	libQt6DBus.so.6	qt6
kmahjongg	libQt6Gui.so.6	qt6
kmahjongg	libQt6Network.so.6	qt6
kmahjongg	libQt6Qml.so.6	qt6
kmahjongg	libQt6Widgets.so.6	qt6
kmahjongg	libQt6Xml.so.6	qt6
kmahjongg	libc.so.6	aaa_glibc-solibs
kmahjongg	libc.so.6	glibc
kmahjongg	libgcc_s.so.1	aaa_libraries
kmahjongg	libgcc_s.so.1	gcc
kmahjongg	libm.so.6	aaa_glibc-solibs
kmahjongg	libm.so.6	glibc
kmahjongg	libstdc++.so.6	aaa_libraries
kmahjongg	libstdc++.so.6	gcc-g++
kmail	libGLX.so.0	libglvnd
kmail	libKF6Bookmarks.so.6	kbookmarks
kmail	libKF6CalendarCore.so.6	kcalendarcore
kmail	libKF6Codecs.so.6	kcodecs
kmail	libKF6ColorScheme.so.6	kcolorscheme
kmail	libKF6Completion.so.6	kcompletion
kmail	libKF6ConfigCore.so.6	kconfig
kmail	libKF6ConfigGui.so.6	kconfig
kmail	libKF6ConfigWidgets.so.6	kconfigwidgets
kmail	libKF6Contacts.so.6	kcontacts
kmail	libKF6CoreAddons.so.6	kcoreaddons
kmail	libKF6Crash.so.6	kcrash
kmail	libKF6DBusAddons.so.6	kdbusaddons
kmail	libKF6GuiAddons.so.6	kguiaddons
kmail	libKF6I18n.so.6	ki18n
kmail	libKF6IconThemes.so.6	kiconthemes
kmail	libKF6IconWidgets.so.6	kiconthemes
kmail	libKF6ItemModels.so.6	kitemmodels
kmail	libKF6ItemViews.so.6	kitemviews
kmail	libKF6JobWidgets.so.6	kjobwidgets
kmail	libKF6KCMUtils.so.6	kcmutils
kmail	libKF6KCMUtilsCore.so.6	kcmutils
kmail	libKF6KCMUtilsQuick.so.6	kcmutils
kmail	libKF6KIOCore.so.6	kio
kmail	libKF6KIOFileWidgets.so.6	kio
kmail	libKF6KIOGui.so.6	kio
kmail	libKF6KIOWidgets.so.6	kio
kmail	libKF6Mime.so.6	kmime
kmail	libKF6Notifications.so.6	knotifications
kmail	libKF6NotifyConfig.so.6	knotifyconfig
kmail	libKF6Parts.so.6	kparts
kmail	libKF6Service.so.6	kservice
kmail	libKF6Solid.so.6	solid
kmail	libKF6SonnetUi.so.6	sonnet
kmail	libKF6StatusNotifierItem.so.6	kstatusnotifieritem
kmail	libKF6SyntaxHighlighting.so.6	syntax-highlighting
kmail	libKF6TextAddonsWidgets.so.1	ktextaddons
kmail	libKF6TextAutoCorrectionCore.so.1	ktextaddons
kmail	libKF6TextAutoCorrectionWidgets.so.1	ktextaddons
kmail	libKF6TextCustomEditor.so.1	ktextaddons
kmail	libKF6TextEditTextToSpeech.so.1	ktextaddons
kmail	libKF6TextTemplate.so.6	ktexttemplate
kmail	libKF6TextUtils.so.1	ktextaddons
kmail	libKF6WidgetsAddons.so.6	kwidgetsaddons
kmail	libKF6WindowSystem.so.6	kwindowsystem
kmail	libKF6XmlGui.so.6	kxmlgui
kmail	libKPim6AkonadiAgentBase.so.6	akonadi
kmail	libKPim6AkonadiAgentWidgetBase.so.6	akonadi
kmail	libKPim6AkonadiContactCore.so.6	akonadi-contacts
kmail	libKPim6AkonadiContactWidgets.so.6	akonadi-contacts
kmail	libKPim6AkonadiCore.so.6	akonadi
kmail	libKPim6AkonadiMime.so.6	akonadi-mime
kmail	libKPim6AkonadiPrivate.so.6	akonadi
kmail	libKPim6AkonadiSearchDebug.so.6	akonadi-search
kmail	libKPim6AkonadiSearchPIM.so.6	akonadi-search
kmail	libKPim6AkonadiWidgets.so.6	akonadi
kmail	libKPim6CalendarUtils.so.6	kcalutils
kmail	libKPim6GrantleeTheme.so.6	grantleetheme
kmail	libKPim6Gravatar.so.6	libgravatar
kmail	libKPim6IMAP.so.6	kimap
kmail	libKPim6IdentityManagementCore.so.6	kidentitymanagement
kmail	libKPim6IdentityManagementWidgets.so.6	kidentitymanagement
kmail	libKPim6KManageSieve.so.6	libksieve
kmail	libKPim6KSieve.so.6	libksieve
kmail	libKPim6KSieveCore.so.6	libksieve
kmail	libKPim6KSieveUi.so.6	libksieve
kmail	libKPim6KontactInterface.so.6	kontactinterface
kmail	libKPim6LdapCore.so.6	kldap
kmail	libKPim6LdapWidgets.so.6	kldap
kmail	libKPim6Libkdepim.so.6	libkdepim
kmail	libKPim6Libkleo.so.6	libkleo
kmail	libKPim6MailCommon.so.6	mailcommon
kmail	libKPim6MailTransport.so.6	kmailtransport
kmail	libKPim6MessageComposer.so.6	messagelib
kmail	libKPim6MessageCore.so.6	messagelib
kmail	libKPim6MessageList.so.6	messagelib
kmail	libKPim6MessageViewer.so.6	messagelib
kmail	libKPim6MimeTreeParser.so.6	messagelib
kmail	libKPim6PimCommon.so.6	pimcommon
kmail	libKPim6PimCommonActivities.so.6	pimcommon
kmail	libKPim6PimCommonAkonadi.so.6	pimcommon
kmail	libKPim6TemplateParser.so.6	messagelib
kmail	libKPim6TextEdit.so.6	kpimtextedit
kmail	libKPim6Tnef.so.6	ktnef
kmail	libKPim6WebEngineViewer.so.6	messagelib
kmail	libOpenGL.so.0	libglvnd
kmail	libPlasmaActivities.so.7	plasma-activities
kmail	libQt6Core.so.6	qt6
kmail	libQt6DBus.so.6	qt6
kmail	libQt6Gui.so.6	qt6
kmail	libQt6Multimedia.so.6	qt6
kmail	libQt6Network.so.6	qt6
kmail	libQt6OpenGL.so.6	qt6
kmail	libQt6Positioning.so.6	qt6
kmail	libQt6PrintSupport.so.6	qt6
kmail	libQt6Qml.so.6	qt6
kmail	libQt6Quick.so.6	qt6
kmail	libQt6TextToSpeech.so.6	qt6
kmail	libQt6WebChannel.so.6	qt6
kmail	libQt6WebEngineCore.so.6	qt6
kmail	libQt6WebEngineWidgets.so.6	qt6
kmail	libQt6Widgets.so.6	qt6
kmail	libQt6Xml.so.6	qt6
kmail	libX11.so.6	libX11
kmail	libc.so.6	aaa_glibc-solibs
kmail	libc.so.6	glibc
kmail	libgcc_s.so.1	aaa_libraries
kmail	libgcc_s.so.1	gcc
kmail	libgpg-error.so.0	aaa_libraries
kmail	libgpg-error.so.0	libgpg-error
kmail	libgpgme.so.45	gpgme
kmail	libgpgmepp.so.7	gpgmepp
kmail	libm.so.6	aaa_glibc-solibs
kmail	libm.so.6	glibc
kmail	libqgpgmeqt6.so.15	qgpgme
kmail	libqt6keychain.so.1	qtkeychain
kmail	libstdc++.so.6	aaa_libraries
kmail	libstdc++.so.6	gcc-g++
kmail-account-wizard	libGLX.so.0	libglvnd
kmail-account-wizard	libKF6ColorScheme.so.6	kcolorscheme
kmail-account-wizard	libKF6ConfigCore.so.6	kconfig
kmail-account-wizard	libKF6ConfigGui.so.6	kconfig
kmail-account-wizard	libKF6ConfigWidgets.so.6	kconfigwidgets
kmail-account-wizard	libKF6CoreAddons.so.6	kcoreaddons
kmail-account-wizard	libKF6Crash.so.6	kcrash
kmail-account-wizard	libKF6DBusAddons.so.6	kdbusaddons
kmail-account-wizard	libKF6I18n.so.6	ki18n
kmail-account-wizard	libKF6I18nQml.so.6	ki18n
kmail-account-wizard	libKF6IconThemes.so.6	kiconthemes
kmail-account-wizard	libKF6ItemModels.so.6	kitemmodels
kmail-account-wizard	libKF6KIOCore.so.6	kio
kmail-account-wizard	libKF6Mime.so.6	kmime
kmail-account-wizard	libKF6WidgetsAddons.so.6	kwidgetsaddons
kmail-account-wizard	libKPim6AkonadiCore.so.6	akonadi
kmail-account-wizard	libKPim6AkonadiPrivate.so.6	akonadi
kmail-account-wizard	libKPim6AkonadiWidgets.so.6	akonadi
kmail-account-wizard	libKPim6IdentityManagementCore.so.6	kidentitymanagement
kmail-account-wizard	libKPim6MailTransport.so.6	kmailtransport
kmail-account-wizard	libOpenGL.so.0	libglvnd
kmail-account-wizard	libQt6Core.so.6	qt6
kmail-account-wizard	libQt6DBus.so.6	qt6
kmail-account-wizard	libQt6Gui.so.6	qt6
kmail-account-wizard	libQt6Network.so.6	qt6
kmail-account-wizard	libQt6OpenGL.so.6	qt6
kmail-account-wizard	libQt6Qml.so.6	qt6
kmail-account-wizard	libQt6Quick.so.6	qt6
kmail-account-wizard	libQt6QuickControls2.so.6	qt6
kmail-account-wizard	libQt6Widgets.so.6	qt6
kmail-account-wizard	libQt6Xml.so.6	qt6
kmail-account-wizard	libc.so.6	aaa_glibc-solibs
kmail-account-wizard	libc.so.6	glibc
kmail-account-wizard	libgcc_s.so.1	aaa_libraries
kmail-account-wizard	libgcc_s.so.1	gcc
kmail-account-wizard	libm.so.6	aaa_glibc-solibs
kmail-account-wizard	libm.so.6	glibc
kmail-account-wizard	libstdc++.so.6	aaa_libraries
kmail-account-wizard	libstdc++.so.6	gcc-g++
kmailtransport	libGLX.so.0	libglvnd
kmailtransport	libKF6ColorScheme.so.6	kcolorscheme
kmailtransport	libKF6Completion.so.6	kcompletion
kmailtransport	libKF6ConfigCore.so.6	kconfig
kmailtransport	libKF6ConfigGui.so.6	kconfig
kmailtransport	libKF6ConfigWidgets.so.6	kconfigwidgets
kmailtransport	libKF6CoreAddons.so.6	kcoreaddons
kmailtransport	libKF6I18n.so.6	ki18n
kmailtransport	libKF6JobWidgets.so.6	kjobwidgets
kmailtransport	libKF6KIOCore.so.6	kio
kmailtransport	libKF6KIOGui.so.6	kio
kmailtransport	libKF6KIOWidgets.so.6	kio
kmailtransport	libKF6Service.so.6	kservice
kmailtransport	libKF6WidgetsAddons.so.6	kwidgetsaddons
kmailtransport	libKPim6GAPICore.so.6	libkgapi
kmailtransport	libKPim6SMTP.so.6	ksmtp
kmailtransport	libOpenGL.so.0	libglvnd
kmailtransport	libQt6Core.so.6	qt6
kmailtransport	libQt6DBus.so.6	qt6
kmailtransport	libQt6Gui.so.6	qt6
kmailtransport	libQt6Network.so.6	qt6
kmailtransport	libQt6Widgets.so.6	qt6
kmailtransport	libc.so.6	aaa_glibc-solibs
kmailtransport	libc.so.6	glibc
kmailtransport	libgcc_s.so.1	aaa_libraries
kmailtransport	libgcc_s.so.1	gcc
kmailtransport	libm.so.6	aaa_glibc-solibs
kmailtransport	libm.so.6	glibc
kmailtransport	libqt6keychain.so.1	qtkeychain
kmailtransport	libstdc++.so.6	aaa_libraries
kmailtransport	libstdc++.so.6	gcc-g++
kmbox	libKF6Mime.so.6	kmime
kmbox	libQt6Core.so.6	qt6
kmbox	libc.so.6	aaa_glibc-solibs
kmbox	libc.so.6	glibc
kmbox	libgcc_s.so.1	aaa_libraries
kmbox	libgcc_s.so.1	gcc
kmbox	libm.so.6	aaa_glibc-solibs
kmbox	libm.so.6	glibc
kmbox	libstdc++.so.6	aaa_libraries
kmbox	libstdc++.so.6	gcc-g++
kmediaplayer5	libKF5Auth.so.5	kauth5
kmediaplayer5	libKF5AuthCore.so.5	kauth5
kmediaplayer5	libKF5Codecs.so.5	kcodecs5
kmediaplayer5	libKF5Completion.so.5	kcompletion5
kmediaplayer5	libKF5ConfigCore.so.5	kconfig5
kmediaplayer5	libKF5ConfigGui.so.5	kconfig5
kmediaplayer5	libKF5ConfigWidgets.so.5	kconfigwidgets5
kmediaplayer5	libKF5CoreAddons.so.5	kcoreaddons5
kmediaplayer5	libKF5I18n.so.5	ki18n5
kmediaplayer5	libKF5JobWidgets.so.5	kjobwidgets5
kmediaplayer5	libKF5KIOCore.so.5	kio5
kmediaplayer5	libKF5KIOGui.so.5	kio5
kmediaplayer5	libKF5KIOWidgets.so.5	kio5
kmediaplayer5	libKF5Parts.so.5	kparts5
kmediaplayer5	libKF5Service.so.5	kservice5
kmediaplayer5	libKF5Solid.so.5	solid5
kmediaplayer5	libKF5SonnetUi.so.5	sonnet5
kmediaplayer5	libKF5TextWidgets.so.5	ktextwidgets5
kmediaplayer5	libKF5WidgetsAddons.so.5	kwidgetsaddons5
kmediaplayer5	libKF5WindowSystem.so.5	kwindowsystem5
kmediaplayer5	libKF5XmlGui.so.5	kxmlgui5
kmediaplayer5	libQt5Concurrent.so.5	qt5
kmediaplayer5	libQt5Core.so.5	qt5
kmediaplayer5	libQt5DBus.so.5	qt5
kmediaplayer5	libQt5Gui.so.5	qt5
kmediaplayer5	libQt5Network.so.5	qt5
kmediaplayer5	libQt5Widgets.so.5	qt5
kmediaplayer5	libQt5Xml.so.5	qt5
kmediaplayer5	libX11.so.6	libX11
kmediaplayer5	libc.so.6	aaa_glibc-solibs
kmediaplayer5	libc.so.6	glibc
kmediaplayer5	libgcc_s.so.1	aaa_libraries
kmediaplayer5	libgcc_s.so.1	gcc
kmediaplayer5	libm.so.6	aaa_glibc-solibs
kmediaplayer5	libm.so.6	glibc
kmediaplayer5	libstdc++.so.6	aaa_libraries
kmediaplayer5	libstdc++.so.6	gcc-g++
kmenuedit	libGLX.so.0	libglvnd
kmenuedit	libKF6ColorScheme.so.6	kcolorscheme
kmenuedit	libKF6Completion.so.6	kcompletion
kmenuedit	libKF6ConfigCore.so.6	kconfig
kmenuedit	libKF6ConfigGui.so.6	kconfig
kmenuedit	libKF6ConfigWidgets.so.6	kconfigwidgets
kmenuedit	libKF6CoreAddons.so.6	kcoreaddons
kmenuedit	libKF6Crash.so.6	kcrash
kmenuedit	libKF6DBusAddons.so.6	kdbusaddons
kmenuedit	libKF6GlobalAccel.so.6	kglobalaccel
kmenuedit	libKF6GuiAddons.so.6	kguiaddons
kmenuedit	libKF6I18n.so.6	ki18n
kmenuedit	libKF6IconThemes.so.6	kiconthemes
kmenuedit	libKF6IconWidgets.so.6	kiconthemes
kmenuedit	libKF6ItemViews.so.6	kitemviews
kmenuedit	libKF6JobWidgets.so.6	kjobwidgets
kmenuedit	libKF6KIOCore.so.6	kio
kmenuedit	libKF6KIOGui.so.6	kio
kmenuedit	libKF6KIOWidgets.so.6	kio
kmenuedit	libKF6Service.so.6	kservice
kmenuedit	libKF6SonnetCore.so.6	sonnet
kmenuedit	libKF6SonnetUi.so.6	sonnet
kmenuedit	libKF6WidgetsAddons.so.6	kwidgetsaddons
kmenuedit	libKF6WindowSystem.so.6	kwindowsystem
kmenuedit	libKF6XmlGui.so.6	kxmlgui
kmenuedit	libOpenGL.so.0	libglvnd
kmenuedit	libQt6Core.so.6	qt6
kmenuedit	libQt6DBus.so.6	qt6
kmenuedit	libQt6Gui.so.6	qt6
kmenuedit	libQt6Network.so.6	qt6
kmenuedit	libQt6Widgets.so.6	qt6
kmenuedit	libQt6Xml.so.6	qt6
kmenuedit	libX11.so.6	libX11
kmenuedit	libc.so.6	aaa_glibc-solibs
kmenuedit	libc.so.6	glibc
kmenuedit	libgcc_s.so.1	aaa_libraries
kmenuedit	libgcc_s.so.1	gcc
kmenuedit	libm.so.6	aaa_glibc-solibs
kmenuedit	libm.so.6	glibc
kmenuedit	libstdc++.so.6	aaa_libraries
kmenuedit	libstdc++.so.6	gcc-g++
kmime	libKF6Codecs.so.6	kcodecs
kmime	libQt6Core.so.6	qt6
kmime	libc.so.6	aaa_glibc-solibs
kmime	libc.so.6	glibc
kmime	libgcc_s.so.1	aaa_libraries
kmime	libgcc_s.so.1	gcc
kmime	libm.so.6	aaa_glibc-solibs
kmime	libm.so.6	glibc
kmime	libstdc++.so.6	aaa_libraries
kmime	libstdc++.so.6	gcc-g++
kmines	libGLX.so.0	libglvnd
kmines	libKDEGames6.so.6	libkdegames
kmines	libKF6ColorScheme.so.6	kcolorscheme
kmines	libKF6ConfigCore.so.6	kconfig
kmines	libKF6ConfigGui.so.6	kconfig
kmines	libKF6ConfigWidgets.so.6	kconfigwidgets
kmines	libKF6CoreAddons.so.6	kcoreaddons
kmines	libKF6Crash.so.6	kcrash
kmines	libKF6DBusAddons.so.6	kdbusaddons
kmines	libKF6GuiAddons.so.6	kguiaddons
kmines	libKF6I18n.so.6	ki18n
kmines	libKF6IconThemes.so.6	kiconthemes
kmines	libKF6SonnetUi.so.6	sonnet
kmines	libKF6TextWidgets.so.6	ktextwidgets
kmines	libKF6WidgetsAddons.so.6	kwidgetsaddons
kmines	libKF6XmlGui.so.6	kxmlgui
kmines	libOpenGL.so.0	libglvnd
kmines	libQt6Core.so.6	qt6
kmines	libQt6DBus.so.6	qt6
kmines	libQt6Gui.so.6	qt6
kmines	libQt6Network.so.6	qt6
kmines	libQt6Qml.so.6	qt6
kmines	libQt6Widgets.so.6	qt6
kmines	libQt6Xml.so.6	qt6
kmines	libc.so.6	aaa_glibc-solibs
kmines	libc.so.6	glibc
kmines	libgcc_s.so.1	aaa_libraries
kmines	libgcc_s.so.1	gcc
kmines	libm.so.6	aaa_glibc-solibs
kmines	libm.so.6	glibc
kmines	libstdc++.so.6	aaa_libraries
kmines	libstdc++.so.6	gcc-g++
kmix	libGLX.so.0	libglvnd
kmix	libKF6ColorScheme.so.6	kcolorscheme
kmix	libKF6ConfigCore.so.6	kconfig
kmix	libKF6ConfigGui.so.6	kconfig
kmix	libKF6ConfigWidgets.so.6	kconfigwidgets
kmix	libKF6CoreAddons.so.6	kcoreaddons
kmix	libKF6Crash.so.6	kcrash
kmix	libKF6DBusAddons.so.6	kdbusaddons
kmix	libKF6GlobalAccel.so.6	kglobalaccel
kmix	libKF6GuiAddons.so.6	kguiaddons
kmix	libKF6I18n.so.6	ki18n
kmix	libKF6Notifications.so.6	knotifications
kmix	libKF6Solid.so.6	solid
kmix	libKF6StatusNotifierItem.so.6	kstatusnotifieritem
kmix	libKF6WidgetsAddons.so.6	kwidgetsaddons
kmix	libKF6WindowSystem.so.6	kwindowsystem
kmix	libKF6XmlGui.so.6	kxmlgui
kmix	libOpenGL.so.0	libglvnd
kmix	libQt6Core.so.6	qt6
kmix	libQt6DBus.so.6	qt6
kmix	libQt6Gui.so.6	qt6
kmix	libQt6Widgets.so.6	qt6
kmix	libQt6Xml.so.6	qt6
kmix	libX11.so.6	libX11
kmix	libasound.so.2	aaa_libraries
kmix	libasound.so.2	alsa-lib
kmix	libc.so.6	aaa_glibc-solibs
kmix	libc.so.6	glibc
kmix	libcanberra.so.0	libcanberra
kmix	libgcc_s.so.1	aaa_libraries
kmix	libgcc_s.so.1	gcc
kmix	libm.so.6	aaa_glibc-solibs
kmix	libm.so.6	glibc
kmix	libpulse.so.0	pulseaudio
kmix	libstdc++.so.6	aaa_libraries
kmix	libstdc++.so.6	gcc-g++
kmod	libc.so.6	aaa_glibc-solibs
kmod	libc.so.6	glibc
kmod	libcrypto.so.3	openssl
kmod	libcrypto.so.3	openssl-solibs
kmod	liblzma.so.5	aaa_libraries
kmod	liblzma.so.5	xz
kmod	libz.so.1	aaa_libraries
kmod	libz.so.1	zlib
kmod	libzstd.so.1	aaa_libraries
kmod	libzstd.so.1	zstd
kmoretools	libGLX.so.0	libglvnd
kmoretools	libKF6Completion.so.6	kcompletion
kmoretools	libKF6ConfigCore.so.6	kconfig
kmoretools	libKF6CoreAddons.so.6	kcoreaddons
kmoretools	libKF6I18n.so.6	ki18n
kmoretools	libKF6JobWidgets.so.6	kjobwidgets
kmoretools	libKF6KIOCore.so.6	kio
kmoretools	libKF6KIOGui.so.6	kio
kmoretools	libKF6KIOWidgets.so.6	kio
kmoretools	libKF6Service.so.6	kservice
kmoretools	libKF6WidgetsAddons.so.6	kwidgetsaddons
kmoretools	libOpenGL.so.0	libglvnd
kmoretools	libQt6Core.so.6	qt6
kmoretools	libQt6DBus.so.6	qt6
kmoretools	libQt6Gui.so.6	qt6
kmoretools	libQt6Network.so.6	qt6
kmoretools	libQt6OpenGL.so.6	qt6
kmoretools	libQt6Qml.so.6	qt6
kmoretools	libQt6Quick.so.6	qt6
kmoretools	libQt6Widgets.so.6	qt6
kmoretools	libc.so.6	aaa_glibc-solibs
kmoretools	libc.so.6	glibc
kmoretools	libgcc_s.so.1	aaa_libraries
kmoretools	libgcc_s.so.1	gcc
kmoretools	libm.so.6	aaa_glibc-solibs
kmoretools	libm.so.6	glibc
kmoretools	libstdc++.so.6	aaa_libraries
kmoretools	libstdc++.so.6	gcc-g++
kmousetool	libGLX.so.0	libglvnd
kmousetool	libICE.so.6	libICE
kmousetool	libKF6ColorScheme.so.6	kcolorscheme
kmousetool	libKF6ConfigCore.so.6	kconfig
kmousetool	libKF6ConfigGui.so.6	kconfig
kmousetool	libKF6ConfigWidgets.so.6	kconfigwidgets
kmousetool	libKF6CoreAddons.so.6	kcoreaddons
kmousetool	libKF6DBusAddons.so.6	kdbusaddons
kmousetool	libKF6GuiAddons.so.6	kguiaddons
kmousetool	libKF6I18n.so.6	ki18n
kmousetool	libKF6IconThemes.so.6	kiconthemes
kmousetool	libKF6StatusNotifierItem.so.6	kstatusnotifieritem
kmousetool	libKF6WidgetsAddons.so.6	kwidgetsaddons
kmousetool	libKF6WindowSystem.so.6	kwindowsystem
kmousetool	libKF6XmlGui.so.6	kxmlgui
kmousetool	libOpenGL.so.0	libglvnd
kmousetool	libQt6Core.so.6	qt6
kmousetool	libQt6DBus.so.6	qt6
kmousetool	libQt6Gui.so.6	qt6
kmousetool	libQt6Multimedia.so.6	qt6
kmousetool	libQt6Network.so.6	qt6
kmousetool	libQt6Widgets.so.6	qt6
kmousetool	libQt6Xml.so.6	qt6
kmousetool	libSM.so.6	libSM
kmousetool	libX11.so.6	libX11
kmousetool	libXext.so.6	libXext
kmousetool	libXtst.so.6	libXtst
kmousetool	libc.so.6	aaa_glibc-solibs
kmousetool	libc.so.6	glibc
kmousetool	libgcc_s.so.1	aaa_libraries
kmousetool	libgcc_s.so.1	gcc
kmousetool	libm.so.6	aaa_glibc-solibs
kmousetool	libm.so.6	glibc
kmousetool	libstdc++.so.6	aaa_libraries
kmousetool	libstdc++.so.6	gcc-g++
kmouth	libGLX.so.0	libglvnd
kmouth	libKF6ColorScheme.so.6	kcolorscheme
kmouth	libKF6Completion.so.6	kcompletion
kmouth	libKF6ConfigCore.so.6	kconfig
kmouth	libKF6ConfigGui.so.6	kconfig
kmouth	libKF6ConfigWidgets.so.6	kconfigwidgets
kmouth	libKF6CoreAddons.so.6	kcoreaddons
kmouth	libKF6Crash.so.6	kcrash
kmouth	libKF6GuiAddons.so.6	kguiaddons
kmouth	libKF6I18n.so.6	ki18n
kmouth	libKF6JobWidgets.so.6	kjobwidgets
kmouth	libKF6KIOCore.so.6	kio
kmouth	libKF6KIOGui.so.6	kio
kmouth	libKF6KIOWidgets.so.6	kio
kmouth	libKF6Service.so.6	kservice
kmouth	libKF6WidgetsAddons.so.6	kwidgetsaddons
kmouth	libKF6XmlGui.so.6	kxmlgui
kmouth	libOpenGL.so.0	libglvnd
kmouth	libQt6Core.so.6	qt6
kmouth	libQt6DBus.so.6	qt6
kmouth	libQt6Gui.so.6	qt6
kmouth	libQt6Multimedia.so.6	qt6
kmouth	libQt6Network.so.6	qt6
kmouth	libQt6PrintSupport.so.6	qt6
kmouth	libQt6TextToSpeech.so.6	qt6
kmouth	libQt6Widgets.so.6	qt6
kmouth	libQt6Xml.so.6	qt6
kmouth	libc.so.6	aaa_glibc-solibs
kmouth	libc.so.6	glibc
kmouth	libgcc_s.so.1	aaa_libraries
kmouth	libgcc_s.so.1	gcc
kmouth	libm.so.6	aaa_glibc-solibs
kmouth	libm.so.6	glibc
kmouth	libstdc++.so.6	aaa_libraries
kmouth	libstdc++.so.6	gcc-g++
kmplot	libGLX.so.0	libglvnd
kmplot	libKF6ColorScheme.so.6	kcolorscheme
kmplot	libKF6Completion.so.6	kcompletion
kmplot	libKF6ConfigCore.so.6	kconfig
kmplot	libKF6ConfigGui.so.6	kconfig
kmplot	libKF6ConfigWidgets.so.6	kconfigwidgets
kmplot	libKF6CoreAddons.so.6	kcoreaddons
kmplot	libKF6Crash.so.6	kcrash
kmplot	libKF6DBusAddons.so.6	kdbusaddons
kmplot	libKF6GuiAddons.so.6	kguiaddons
kmplot	libKF6I18n.so.6	ki18n
kmplot	libKF6JobWidgets.so.6	kjobwidgets
kmplot	libKF6KIOCore.so.6	kio
kmplot	libKF6KIOGui.so.6	kio
kmplot	libKF6Parts.so.6	kparts
kmplot	libKF6Service.so.6	kservice
kmplot	libKF6SonnetUi.so.6	sonnet
kmplot	libKF6TextWidgets.so.6	ktextwidgets
kmplot	libKF6WidgetsAddons.so.6	kwidgetsaddons
kmplot	libKF6XmlGui.so.6	kxmlgui
kmplot	libOpenGL.so.0	libglvnd
kmplot	libQt6Core.so.6	qt6
kmplot	libQt6DBus.so.6	qt6
kmplot	libQt6Gui.so.6	qt6
kmplot	libQt6Network.so.6	qt6
kmplot	libQt6PrintSupport.so.6	qt6
kmplot	libQt6Svg.so.6	qt6
kmplot	libQt6Widgets.so.6	qt6
kmplot	libQt6Xml.so.6	qt6
kmplot	libc.so.6	aaa_glibc-solibs
kmplot	libc.so.6	glibc
kmplot	libgcc_s.so.1	aaa_libraries
kmplot	libgcc_s.so.1	gcc
kmplot	libm.so.6	aaa_glibc-solibs
kmplot	libm.so.6	glibc
kmplot	libstdc++.so.6	aaa_libraries
kmplot	libstdc++.so.6	gcc-g++
kmymoney	libKChart6.so.3	kdiagram
kmymoney	libKF6Archive.so.6	karchive
kmymoney	libKF6ColorScheme.so.6	kcolorscheme
kmymoney	libKF6Completion.so.6	kcompletion
kmymoney	libKF6ConfigCore.so.6	kconfig
kmymoney	libKF6ConfigGui.so.6	kconfig
kmymoney	libKF6ConfigWidgets.so.6	kconfigwidgets
kmymoney	libKF6Contacts.so.6	kcontacts
kmymoney	libKF6CoreAddons.so.6	kcoreaddons
kmymoney	libKF6Crash.so.6	kcrash
kmymoney	libKF6Holidays.so.6	kholidays
kmymoney	libKF6I18n.so.6	ki18n
kmymoney	libKF6ItemModels.so.6	kitemmodels
kmymoney	libKF6ItemViews.so.6	kitemviews
kmymoney	libKF6JobWidgets.so.6	kjobwidgets
kmymoney	libKF6KCMUtils.so.6	kcmutils
kmymoney	libKF6KCMUtilsCore.so.6	kcmutils
kmymoney	libKF6KIOCore.so.6	kio
kmymoney	libKF6KIOGui.so.6	kio
kmymoney	libKF6KIOWidgets.so.6	kio
kmymoney	libKF6SonnetUi.so.6	sonnet
kmymoney	libKF6TextWidgets.so.6	ktextwidgets
kmymoney	libKF6WidgetsAddons.so.6	kwidgetsaddons
kmymoney	libKF6XmlGui.so.6	kxmlgui
kmymoney	libKPim6AkonadiCore.so.6	akonadi
kmymoney	libKPim6IdentityManagementCore.so.6	kidentitymanagement
kmymoney	libQt6Core.so.6	qt6
kmymoney	libQt6DBus.so.6	qt6
kmymoney	libQt6Gui.so.6	qt6
kmymoney	libQt6Network.so.6	qt6
kmymoney	libQt6PrintSupport.so.6	qt6
kmymoney	libQt6Sql.so.6	qt6
kmymoney	libQt6Widgets.so.6	qt6
kmymoney	libQt6Xml.so.6	qt6
kmymoney	libalkimia6.so.8	alkimia
kmymoney	libc.so.6	aaa_glibc-solibs
kmymoney	libc.so.6	glibc
kmymoney	libgcc_s.so.1	aaa_libraries
kmymoney	libgcc_s.so.1	gcc
kmymoney	libgmp.so.10	aaa_libraries
kmymoney	libgmp.so.10	gmp
kmymoney	libgpgmepp.so.7	gpgmepp
kmymoney	libical.so.3	libical
kmymoney	libm.so.6	aaa_glibc-solibs
kmymoney	libm.so.6	glibc
kmymoney	libpython3.12.so.1.0	python3
kmymoney	libqt6keychain.so.1	qtkeychain
kmymoney	libstdc++.so.6	aaa_libraries
kmymoney	libstdc++.so.6	gcc-g++
knavalbattle	libGLX.so.0	libglvnd
knavalbattle	libKDEGames6.so.6	libkdegames
knavalbattle	libKF6ColorScheme.so.6	kcolorscheme
knavalbattle	libKF6Completion.so.6	kcompletion
knavalbattle	libKF6ConfigCore.so.6	kconfig
knavalbattle	libKF6ConfigGui.so.6	kconfig
knavalbattle	libKF6ConfigWidgets.so.6	kconfigwidgets
knavalbattle	libKF6CoreAddons.so.6	kcoreaddons
knavalbattle	libKF6Crash.so.6	kcrash
knavalbattle	libKF6DBusAddons.so.6	kdbusaddons
knavalbattle	libKF6DNSSD.so.6	kdnssd
knavalbattle	libKF6GuiAddons.so.6	kguiaddons
knavalbattle	libKF6I18n.so.6	ki18n
knavalbattle	libKF6SonnetUi.so.6	sonnet
knavalbattle	libKF6TextWidgets.so.6	ktextwidgets
knavalbattle	libKF6WidgetsAddons.so.6	kwidgetsaddons
knavalbattle	libKF6XmlGui.so.6	kxmlgui
knavalbattle	libOpenGL.so.0	libglvnd
knavalbattle	libQt6Core.so.6	qt6
knavalbattle	libQt6DBus.so.6	qt6
knavalbattle	libQt6Gui.so.6	qt6
knavalbattle	libQt6Network.so.6	qt6
knavalbattle	libQt6Qml.so.6	qt6
knavalbattle	libQt6Widgets.so.6	qt6
knavalbattle	libQt6Xml.so.6	qt6
knavalbattle	libc.so.6	aaa_glibc-solibs
knavalbattle	libc.so.6	glibc
knavalbattle	libgcc_s.so.1	aaa_libraries
knavalbattle	libgcc_s.so.1	gcc
knavalbattle	libm.so.6	aaa_glibc-solibs
knavalbattle	libm.so.6	glibc
knavalbattle	libstdc++.so.6	aaa_libraries
knavalbattle	libstdc++.so.6	gcc-g++
knetwalk	libGLX.so.0	libglvnd
knetwalk	libKDEGames6.so.6	libkdegames
knetwalk	libKF6ColorScheme.so.6	kcolorscheme
knetwalk	libKF6ConfigCore.so.6	kconfig
knetwalk	libKF6ConfigGui.so.6	kconfig
knetwalk	libKF6ConfigWidgets.so.6	kconfigwidgets
knetwalk	libKF6CoreAddons.so.6	kcoreaddons
knetwalk	libKF6Crash.so.6	kcrash
knetwalk	libKF6DBusAddons.so.6	kdbusaddons
knetwalk	libKF6GuiAddons.so.6	kguiaddons
knetwalk	libKF6I18n.so.6	ki18n
knetwalk	libKF6IconThemes.so.6	kiconthemes
knetwalk	libKF6SonnetUi.so.6	sonnet
knetwalk	libKF6TextWidgets.so.6	ktextwidgets
knetwalk	libKF6WidgetsAddons.so.6	kwidgetsaddons
knetwalk	libKF6XmlGui.so.6	kxmlgui
knetwalk	libOpenGL.so.0	libglvnd
knetwalk	libQt6Core.so.6	qt6
knetwalk	libQt6DBus.so.6	qt6
knetwalk	libQt6Gui.so.6	qt6
knetwalk	libQt6Network.so.6	qt6
knetwalk	libQt6OpenGL.so.6	qt6
knetwalk	libQt6Qml.so.6	qt6
knetwalk	libQt6Quick.so.6	qt6
knetwalk	libQt6QuickWidgets.so.6	qt6
knetwalk	libQt6Widgets.so.6	qt6
knetwalk	libQt6Xml.so.6	qt6
knetwalk	libc.so.6	aaa_glibc-solibs
knetwalk	libc.so.6	glibc
knetwalk	libgcc_s.so.1	aaa_libraries
knetwalk	libgcc_s.so.1	gcc
knetwalk	libm.so.6	aaa_glibc-solibs
knetwalk	libm.so.6	glibc
knetwalk	libstdc++.so.6	aaa_libraries
knetwalk	libstdc++.so.6	gcc-g++
knewstuff	libGLX.so.0	libglvnd
knewstuff	libKF6Archive.so.6	karchive
knewstuff	libKF6Attica.so.6	attica
knewstuff	libKF6ConfigCore.so.6	kconfig
knewstuff	libKF6CoreAddons.so.6	kcoreaddons
knewstuff	libKF6I18n.so.6	ki18n
knewstuff	libKF6I18nQml.so.6	ki18n
knewstuff	libKF6Package.so.6	kpackage
knewstuff	libKF6Syndication.so.6	syndication
knewstuff	libKF6WidgetsAddons.so.6	kwidgetsaddons
knewstuff	libOpenGL.so.0	libglvnd
knewstuff	libQt6Core.so.6	qt6
knewstuff	libQt6Gui.so.6	qt6
knewstuff	libQt6Network.so.6	qt6
knewstuff	libQt6OpenGL.so.6	qt6
knewstuff	libQt6Qml.so.6	qt6
knewstuff	libQt6Quick.so.6	qt6
knewstuff	libQt6QuickWidgets.so.6	qt6
knewstuff	libQt6Widgets.so.6	qt6
knewstuff	libQt6Xml.so.6	qt6
knewstuff	libc.so.6	aaa_glibc-solibs
knewstuff	libc.so.6	glibc
knewstuff	libgcc_s.so.1	aaa_libraries
knewstuff	libgcc_s.so.1	gcc
knewstuff	libm.so.6	aaa_glibc-solibs
knewstuff	libm.so.6	glibc
knewstuff	libstdc++.so.6	aaa_libraries
knewstuff	libstdc++.so.6	gcc-g++
knewstuff5	libKF5Archive.so.5	karchive5
knewstuff5	libKF5Attica.so.5	attica5
knewstuff5	libKF5Auth.so.5	kauth5
knewstuff5	libKF5AuthCore.so.5	kauth5
knewstuff5	libKF5Codecs.so.5	kcodecs5
knewstuff5	libKF5Completion.so.5	kcompletion5
knewstuff5	libKF5ConfigCore.so.5	kconfig5
knewstuff5	libKF5ConfigGui.so.5	kconfig5
knewstuff5	libKF5ConfigWidgets.so.5	kconfigwidgets5
knewstuff5	libKF5CoreAddons.so.5	kcoreaddons5
knewstuff5	libKF5I18n.so.5	ki18n5
knewstuff5	libKF5IconThemes.so.5	kiconthemes5
knewstuff5	libKF5ItemViews.so.5	kitemviews5
knewstuff5	libKF5JobWidgets.so.5	kjobwidgets5
knewstuff5	libKF5KIOCore.so.5	kio5
knewstuff5	libKF5KIOGui.so.5	kio5
knewstuff5	libKF5Package.so.5	kpackage5
knewstuff5	libKF5Service.so.5	kservice5
knewstuff5	libKF5Syndication.so.5	syndication5
knewstuff5	libKF5WidgetsAddons.so.5	kwidgetsaddons5
knewstuff5	libKF5WindowSystem.so.5	kwindowsystem5
knewstuff5	libKF5XmlGui.so.5	kxmlgui5
knewstuff5	libQt5Concurrent.so.5	qt5
knewstuff5	libQt5Core.so.5	qt5
knewstuff5	libQt5DBus.so.5	qt5
knewstuff5	libQt5Gui.so.5	qt5
knewstuff5	libQt5Network.so.5	qt5
knewstuff5	libQt5Qml.so.5	qt5
knewstuff5	libQt5QmlModels.so.5	qt5
knewstuff5	libQt5Quick.so.5	qt5
knewstuff5	libQt5Widgets.so.5	qt5
knewstuff5	libQt5Xml.so.5	qt5
knewstuff5	libX11.so.6	libX11
knewstuff5	libc.so.6	aaa_glibc-solibs
knewstuff5	libc.so.6	glibc
knewstuff5	libgcc_s.so.1	aaa_libraries
knewstuff5	libgcc_s.so.1	gcc
knewstuff5	libm.so.6	aaa_glibc-solibs
knewstuff5	libm.so.6	glibc
knewstuff5	libstdc++.so.6	aaa_libraries
knewstuff5	libstdc++.so.6	gcc-g++
knights	libGLX.so.0	libglvnd
knights	libKDEGames6.so.6	libkdegames
knights	libKF6ColorScheme.so.6	kcolorscheme
knights	libKF6Completion.so.6	kcompletion
knights	libKF6ConfigCore.so.6	kconfig
knights	libKF6ConfigGui.so.6	kconfig
knights	libKF6ConfigWidgets.so.6	kconfigwidgets
knights	libKF6CoreAddons.so.6	kcoreaddons
knights	libKF6Crash.so.6	kcrash
knights	libKF6DBusAddons.so.6	kdbusaddons
knights	libKF6GuiAddons.so.6	kguiaddons
knights	libKF6I18n.so.6	ki18n
knights	libKF6Plotting.so.6	kplotting
knights	libKF6Solid.so.6	solid
knights	libKF6SonnetUi.so.6	sonnet
knights	libKF6Svg.so.6	ksvg
knights	libKF6TextWidgets.so.6	ktextwidgets
knights	libKF6Wallet.so.6	kwallet
knights	libKF6WidgetsAddons.so.6	kwidgetsaddons
knights	libKF6XmlGui.so.6	kxmlgui
knights	libOpenGL.so.0	libglvnd
knights	libQt6Concurrent.so.6	qt6
knights	libQt6Core.so.6	qt6
knights	libQt6DBus.so.6	qt6
knights	libQt6Gui.so.6	qt6
knights	libQt6Multimedia.so.6	qt6
knights	libQt6Network.so.6	qt6
knights	libQt6Qml.so.6	qt6
knights	libQt6Svg.so.6	qt6
knights	libQt6TextToSpeech.so.6	qt6
knights	libQt6Widgets.so.6	qt6
knights	libQt6Xml.so.6	qt6
knights	libc.so.6	aaa_glibc-solibs
knights	libc.so.6	glibc
knights	libgcc_s.so.1	aaa_libraries
knights	libgcc_s.so.1	gcc
knights	libm.so.6	aaa_glibc-solibs
knights	libm.so.6	glibc
knights	libstdc++.so.6	aaa_libraries
knights	libstdc++.so.6	gcc-g++
knighttime	libGLX.so.0	libglvnd
knighttime	libKF6ConfigCore.so.6	kconfig
knighttime	libKF6ConfigGui.so.6	kconfig
knighttime	libKF6CoreAddons.so.6	kcoreaddons
knighttime	libKF6DBusAddons.so.6	kdbusaddons
knighttime	libKF6Holidays.so.6	kholidays
knighttime	libOpenGL.so.0	libglvnd
knighttime	libQt6Core.so.6	qt6
knighttime	libQt6DBus.so.6	qt6
knighttime	libQt6Gui.so.6	qt6
knighttime	libQt6Positioning.so.6	qt6
knighttime	libc.so.6	aaa_glibc-solibs
knighttime	libc.so.6	glibc
knighttime	libgcc_s.so.1	aaa_libraries
knighttime	libgcc_s.so.1	gcc
knighttime	libm.so.6	aaa_glibc-solibs
knighttime	libm.so.6	glibc
knighttime	libstdc++.so.6	aaa_libraries
knighttime	libstdc++.so.6	gcc-g++
knotifications	libGLX.so.0	libglvnd
knotifications	libKF6ConfigCore.so.6	kconfig
knotifications	libOpenGL.so.0	libglvnd
knotifications	libQt6Core.so.6	qt6
knotifications	libQt6DBus.so.6	qt6
knotifications	libQt6Gui.so.6	qt6
knotifications	libQt6Network.so.6	qt6
knotifications	libQt6Qml.so.6	qt6
knotifications	libc.so.6	aaa_glibc-solibs
knotifications	libc.so.6	glibc
knotifications	libcanberra.so.0	libcanberra
knotifications	libgcc_s.so.1	aaa_libraries
knotifications	libgcc_s.so.1	gcc
knotifications	libm.so.6	aaa_glibc-solibs
knotifications	libm.so.6	glibc
knotifications	libstdc++.so.6	aaa_libraries
knotifications	libstdc++.so.6	gcc-g++
knotifications5	libKF5ConfigCore.so.5	kconfig5
knotifications5	libKF5CoreAddons.so.5	kcoreaddons5
knotifications5	libKF5WindowSystem.so.5	kwindowsystem5
knotifications5	libQt5Core.so.5	qt5
knotifications5	libQt5DBus.so.5	qt5
knotifications5	libQt5Gui.so.5	qt5
knotifications5	libQt5Network.so.5	qt5
knotifications5	libQt5Qml.so.5	qt5
knotifications5	libQt5TextToSpeech.so.5	qt5
knotifications5	libQt5Widgets.so.5	qt5
knotifications5	libQt5X11Extras.so.5	qt5
knotifications5	libX11.so.6	libX11
knotifications5	libXtst.so.6	libXtst
knotifications5	libc.so.6	aaa_glibc-solibs
knotifications5	libc.so.6	glibc
knotifications5	libcanberra.so.0	libcanberra
knotifications5	libdbusmenu-qt5.so.2	libdbusmenu-qt
knotifications5	libgcc_s.so.1	aaa_libraries
knotifications5	libgcc_s.so.1	gcc
knotifications5	libm.so.6	aaa_glibc-solibs
knotifications5	libm.so.6	glibc
knotifications5	libstdc++.so.6	aaa_libraries
knotifications5	libstdc++.so.6	gcc-g++
knotifyconfig	libGLX.so.0	libglvnd
knotifyconfig	libKF6Completion.so.6	kcompletion
knotifyconfig	libKF6ConfigCore.so.6	kconfig
knotifyconfig	libKF6CoreAddons.so.6	kcoreaddons
knotifyconfig	libKF6I18n.so.6	ki18n
knotifyconfig	libKF6JobWidgets.so.6	kjobwidgets
knotifyconfig	libKF6KIOCore.so.6	kio
knotifyconfig	libKF6KIOGui.so.6	kio
knotifyconfig	libKF6KIOWidgets.so.6	kio
knotifyconfig	libKF6Service.so.6	kservice
knotifyconfig	libKF6WidgetsAddons.so.6	kwidgetsaddons
knotifyconfig	libOpenGL.so.0	libglvnd
knotifyconfig	libQt6Core.so.6	qt6
knotifyconfig	libQt6DBus.so.6	qt6
knotifyconfig	libQt6Gui.so.6	qt6
knotifyconfig	libQt6Network.so.6	qt6
knotifyconfig	libQt6Widgets.so.6	qt6
knotifyconfig	libc.so.6	aaa_glibc-solibs
knotifyconfig	libc.so.6	glibc
knotifyconfig	libcanberra.so.0	libcanberra
knotifyconfig	libgcc_s.so.1	aaa_libraries
knotifyconfig	libgcc_s.so.1	gcc
knotifyconfig	libm.so.6	aaa_glibc-solibs
knotifyconfig	libm.so.6	glibc
knotifyconfig	libstdc++.so.6	aaa_libraries
knotifyconfig	libstdc++.so.6	gcc-g++
knotifyconfig5	libKF5Completion.so.5	kcompletion5
knotifyconfig5	libKF5ConfigCore.so.5	kconfig5
knotifyconfig5	libKF5CoreAddons.so.5	kcoreaddons5
knotifyconfig5	libKF5I18n.so.5	ki18n5
knotifyconfig5	libKF5JobWidgets.so.5	kjobwidgets5
knotifyconfig5	libKF5KIOCore.so.5	kio5
knotifyconfig5	libKF5KIOGui.so.5	kio5
knotifyconfig5	libKF5KIOWidgets.so.5	kio5
knotifyconfig5	libKF5Service.so.5	kservice5
knotifyconfig5	libKF5Solid.so.5	solid5
knotifyconfig5	libKF5WidgetsAddons.so.5	kwidgetsaddons5
knotifyconfig5	libKF5WindowSystem.so.5	kwindowsystem5
knotifyconfig5	libQt5Concurrent.so.5	qt5
knotifyconfig5	libQt5Core.so.5	qt5
knotifyconfig5	libQt5DBus.so.5	qt5
knotifyconfig5	libQt5Gui.so.5	qt5
knotifyconfig5	libQt5Network.so.5	qt5
knotifyconfig5	libQt5Widgets.so.5	qt5
knotifyconfig5	libX11.so.6	libX11
knotifyconfig5	libc.so.6	aaa_glibc-solibs
knotifyconfig5	libc.so.6	glibc
knotifyconfig5	libcanberra.so.0	libcanberra
knotifyconfig5	libgcc_s.so.1	aaa_libraries
knotifyconfig5	libgcc_s.so.1	gcc
knotifyconfig5	libm.so.6	aaa_glibc-solibs
knotifyconfig5	libm.so.6	glibc
knotifyconfig5	libstdc++.so.6	aaa_libraries
knotifyconfig5	libstdc++.so.6	gcc-g++
koko	libGLX.so.0	libglvnd
koko	libKF6Bookmarks.so.6	kbookmarks
koko	libKF6ColorScheme.so.6	kcolorscheme
koko	libKF6Completion.so.6	kcompletion
koko	libKF6ConfigCore.so.6	kconfig
koko	libKF6ConfigGui.so.6	kconfig
koko	libKF6ConfigWidgets.so.6	kconfigwidgets
koko	libKF6CoreAddons.so.6	kcoreaddons
koko	libKF6Crash.so.6	kcrash
koko	libKF6DBusAddons.so.6	kdbusaddons
koko	libKF6FileMetaData.so.3	kfilemetadata
koko	libKF6I18n.so.6	ki18n
koko	libKF6I18nQml.so.6	ki18n
koko	libKF6ItemViews.so.6	kitemviews
koko	libKF6JobWidgets.so.6	kjobwidgets
koko	libKF6KIOCore.so.6	kio
koko	libKF6KIOFileWidgets.so.6	kio
koko	libKF6KIOGui.so.6	kio
koko	libKF6KIOWidgets.so.6	kio
koko	libKF6Notifications.so.6	knotifications
koko	libKF6Service.so.6	kservice
koko	libKF6Solid.so.6	solid
koko	libKF6WidgetsAddons.so.6	kwidgetsaddons
koko	libKF6WindowSystem.so.6	kwindowsystem
koko	libKQuickImageEditor.so.1	kquickimageeditor
koko	libKirigamiActionCollection.so.6	kirigami-app-components
koko	libOpenGL.so.0	libglvnd
koko	libQt6Core.so.6	qt6
koko	libQt6DBus.so.6	qt6
koko	libQt6Gui.so.6	qt6
koko	libQt6Network.so.6	qt6
koko	libQt6OpenGL.so.6	qt6
koko	libQt6Positioning.so.6	qt6
koko	libQt6PrintSupport.so.6	qt6
koko	libQt6Qml.so.6	qt6
koko	libQt6Quick.so.6	qt6
koko	libQt6QuickControls2.so.6	qt6
koko	libQt6Sql.so.6	qt6
koko	libQt6Svg.so.6	qt6
koko	libQt6Widgets.so.6	qt6
koko	libQt6Xml.so.6	qt6
koko	libX11.so.6	libX11
koko	libc.so.6	aaa_glibc-solibs
koko	libc.so.6	glibc
koko	libexiv2.so.28	exiv2
koko	libgcc_s.so.1	aaa_libraries
koko	libgcc_s.so.1	gcc
koko	libm.so.6	aaa_glibc-solibs
koko	libm.so.6	glibc
koko	libstdc++.so.6	aaa_libraries
koko	libstdc++.so.6	gcc-g++
koko	libxcb.so.1	libxcb
koko	libxkbcommon.so.0	aaa_libraries
koko	libxkbcommon.so.0	libxkbcommon
kolf	libGLX.so.0	libglvnd
kolf	libKDEGames6.so.6	libkdegames
kolf	libKF6ColorScheme.so.6	kcolorscheme
kolf	libKF6Completion.so.6	kcompletion
kolf	libKF6ConfigCore.so.6	kconfig
kolf	libKF6ConfigGui.so.6	kconfig
kolf	libKF6ConfigWidgets.so.6	kconfigwidgets
kolf	libKF6CoreAddons.so.6	kcoreaddons
kolf	libKF6Crash.so.6	kcrash
kolf	libKF6DBusAddons.so.6	kdbusaddons
kolf	libKF6GuiAddons.so.6	kguiaddons
kolf	libKF6I18n.so.6	ki18n
kolf	libKF6IconThemes.so.6	kiconthemes
kolf	libKF6JobWidgets.so.6	kjobwidgets
kolf	libKF6KIOCore.so.6	kio
kolf	libKF6SonnetUi.so.6	sonnet
kolf	libKF6TextWidgets.so.6	ktextwidgets
kolf	libKF6WidgetsAddons.so.6	kwidgetsaddons
kolf	libKF6XmlGui.so.6	kxmlgui
kolf	libOpenGL.so.0	libglvnd
kolf	libQt6Core.so.6	qt6
kolf	libQt6DBus.so.6	qt6
kolf	libQt6Gui.so.6	qt6
kolf	libQt6Network.so.6	qt6
kolf	libQt6Qml.so.6	qt6
kolf	libQt6Widgets.so.6	qt6
kolf	libQt6Xml.so.6	qt6
kolf	libc.so.6	aaa_glibc-solibs
kolf	libc.so.6	glibc
kolf	libgcc_s.so.1	aaa_libraries
kolf	libgcc_s.so.1	gcc
kolf	libm.so.6	aaa_glibc-solibs
kolf	libm.so.6	glibc
kolf	libstdc++.so.6	aaa_libraries
kolf	libstdc++.so.6	gcc-g++
kollision	libGLX.so.0	libglvnd
kollision	libKDEGames6.so.6	libkdegames
kollision	libKF6ColorScheme.so.6	kcolorscheme
kollision	libKF6ConfigCore.so.6	kconfig
kollision	libKF6ConfigGui.so.6	kconfig
kollision	libKF6ConfigWidgets.so.6	kconfigwidgets
kollision	libKF6CoreAddons.so.6	kcoreaddons
kollision	libKF6Crash.so.6	kcrash
kollision	libKF6DBusAddons.so.6	kdbusaddons
kollision	libKF6GuiAddons.so.6	kguiaddons
kollision	libKF6I18n.so.6	ki18n
kollision	libKF6IconThemes.so.6	kiconthemes
kollision	libKF6WidgetsAddons.so.6	kwidgetsaddons
kollision	libKF6XmlGui.so.6	kxmlgui
kollision	libOpenGL.so.0	libglvnd
kollision	libQt6Core.so.6	qt6
kollision	libQt6DBus.so.6	qt6
kollision	libQt6Gui.so.6	qt6
kollision	libQt6Network.so.6	qt6
kollision	libQt6Qml.so.6	qt6
kollision	libQt6Widgets.so.6	qt6
kollision	libQt6Xml.so.6	qt6
kollision	libc.so.6	aaa_glibc-solibs
kollision	libc.so.6	glibc
kollision	libgcc_s.so.1	aaa_libraries
kollision	libgcc_s.so.1	gcc
kollision	libm.so.6	aaa_glibc-solibs
kollision	libm.so.6	glibc
kollision	libstdc++.so.6	aaa_libraries
kollision	libstdc++.so.6	gcc-g++
kolourpaint	libGLX.so.0	libglvnd
kolourpaint	libKF6Bookmarks.so.6	kbookmarks
kolourpaint	libKF6ColorScheme.so.6	kcolorscheme
kolourpaint	libKF6Completion.so.6	kcompletion
kolourpaint	libKF6ConfigCore.so.6	kconfig
kolourpaint	libKF6ConfigGui.so.6	kconfig
kolourpaint	libKF6ConfigWidgets.so.6	kconfigwidgets
kolourpaint	libKF6CoreAddons.so.6	kcoreaddons
kolourpaint	libKF6Crash.so.6	kcrash
kolourpaint	libKF6GuiAddons.so.6	kguiaddons
kolourpaint	libKF6I18n.so.6	ki18n
kolourpaint	libKF6ItemViews.so.6	kitemviews
kolourpaint	libKF6JobWidgets.so.6	kjobwidgets
kolourpaint	libKF6KIOCore.so.6	kio
kolourpaint	libKF6KIOFileWidgets.so.6	kio
kolourpaint	libKF6KIOGui.so.6	kio
kolourpaint	libKF6KIOWidgets.so.6	kio
kolourpaint	libKF6Service.so.6	kservice
kolourpaint	libKF6Solid.so.6	solid
kolourpaint	libKF6WidgetsAddons.so.6	kwidgetsaddons
kolourpaint	libKF6XmlGui.so.6	kxmlgui
kolourpaint	libKSaneWidgets6.so.6	libksane
kolourpaint	libOpenGL.so.0	libglvnd
kolourpaint	libQt6Core.so.6	qt6
kolourpaint	libQt6DBus.so.6	qt6
kolourpaint	libQt6Gui.so.6	qt6
kolourpaint	libQt6Network.so.6	qt6
kolourpaint	libQt6PrintSupport.so.6	qt6
kolourpaint	libQt6Widgets.so.6	qt6
kolourpaint	libQt6Xml.so.6	qt6
kolourpaint	libc.so.6	aaa_glibc-solibs
kolourpaint	libc.so.6	glibc
kolourpaint	libgcc_s.so.1	aaa_libraries
kolourpaint	libgcc_s.so.1	gcc
kolourpaint	libm.so.6	aaa_glibc-solibs
kolourpaint	libm.so.6	glibc
kolourpaint	libstdc++.so.6	aaa_libraries
kolourpaint	libstdc++.so.6	gcc-g++
kompare	libGLX.so.0	libglvnd
kompare	libKF6Codecs.so.6	kcodecs
kompare	libKF6ColorScheme.so.6	kcolorscheme
kompare	libKF6Completion.so.6	kcompletion
kompare	libKF6ConfigCore.so.6	kconfig
kompare	libKF6ConfigGui.so.6	kconfig
kompare	libKF6ConfigWidgets.so.6	kconfigwidgets
kompare	libKF6CoreAddons.so.6	kcoreaddons
kompare	libKF6GuiAddons.so.6	kguiaddons
kompare	libKF6I18n.so.6	ki18n
kompare	libKF6IconThemes.so.6	kiconthemes
kompare	libKF6JobWidgets.so.6	kjobwidgets
kompare	libKF6KIOCore.so.6	kio
kompare	libKF6KIOGui.so.6	kio
kompare	libKF6KIOWidgets.so.6	kio
kompare	libKF6Parts.so.6	kparts
kompare	libKF6Service.so.6	kservice
kompare	libKF6SyntaxHighlighting.so.6	syntax-highlighting
kompare	libKF6TextEditor.so.6	ktexteditor
kompare	libKF6WidgetsAddons.so.6	kwidgetsaddons
kompare	libKF6XmlGui.so.6	kxmlgui
kompare	libOpenGL.so.0	libglvnd
kompare	libQt6Core.so.6	qt6
kompare	libQt6DBus.so.6	qt6
kompare	libQt6Gui.so.6	qt6
kompare	libQt6Network.so.6	qt6
kompare	libQt6PrintSupport.so.6	qt6
kompare	libQt6Widgets.so.6	qt6
kompare	libQt6Xml.so.6	qt6
kompare	libc.so.6	aaa_glibc-solibs
kompare	libc.so.6	glibc
kompare	libgcc_s.so.1	aaa_libraries
kompare	libgcc_s.so.1	gcc
kompare	libkomparediff2.so.6	libkomparediff2
kompare	libm.so.6	aaa_glibc-solibs
kompare	libm.so.6	glibc
kompare	libstdc++.so.6	aaa_libraries
kompare	libstdc++.so.6	gcc-g++
konqueror	libGLX.so.0	libglvnd
konqueror	libKF6Archive.so.6	karchive
konqueror	libKF6Bookmarks.so.6	kbookmarks
konqueror	libKF6BookmarksWidgets.so.6	kbookmarks
konqueror	libKF6Codecs.so.6	kcodecs
konqueror	libKF6ColorScheme.so.6	kcolorscheme
konqueror	libKF6Completion.so.6	kcompletion
konqueror	libKF6ConfigCore.so.6	kconfig
konqueror	libKF6ConfigGui.so.6	kconfig
konqueror	libKF6ConfigWidgets.so.6	kconfigwidgets
konqueror	libKF6CoreAddons.so.6	kcoreaddons
konqueror	libKF6Crash.so.6	kcrash
konqueror	libKF6DBusAddons.so.6	kdbusaddons
konqueror	libKF6GuiAddons.so.6	kguiaddons
konqueror	libKF6I18n.so.6	ki18n
konqueror	libKF6IconThemes.so.6	kiconthemes
konqueror	libKF6IconWidgets.so.6	kiconthemes
konqueror	libKF6ItemViews.so.6	kitemviews
konqueror	libKF6JobWidgets.so.6	kjobwidgets
konqueror	libKF6KCMUtils.so.6	kcmutils
konqueror	libKF6KCMUtilsCore.so.6	kcmutils
konqueror	libKF6KCMUtilsQuick.so.6	kcmutils
konqueror	libKF6KIOCore.so.6	kio
konqueror	libKF6KIOFileWidgets.so.6	kio
konqueror	libKF6KIOGui.so.6	kio
konqueror	libKF6KIOWidgets.so.6	kio
konqueror	libKF6Notifications.so.6	knotifications
konqueror	libKF6Parts.so.6	kparts
konqueror	libKF6Pty.so.6	kpty
konqueror	libKF6Service.so.6	kservice
konqueror	libKF6Solid.so.6	solid
konqueror	libKF6SonnetCore.so.6	sonnet
konqueror	libKF6SonnetUi.so.6	sonnet
konqueror	libKF6Su.so.6	kdesu
konqueror	libKF6TextWidgets.so.6	ktextwidgets
konqueror	libKF6Wallet.so.6	kwallet
konqueror	libKF6WidgetsAddons.so.6	kwidgetsaddons
konqueror	libKF6WindowSystem.so.6	kwindowsystem
konqueror	libKF6XmlGui.so.6	kxmlgui
konqueror	libOpenGL.so.0	libglvnd
konqueror	libPlasmaActivities.so.7	plasma-activities
konqueror	libQt6Core.so.6	qt6
konqueror	libQt6DBus.so.6	qt6
konqueror	libQt6Gui.so.6	qt6
konqueror	libQt6Network.so.6	qt6
konqueror	libQt6OpenGL.so.6	qt6
konqueror	libQt6Positioning.so.6	qt6
konqueror	libQt6PrintSupport.so.6	qt6
konqueror	libQt6Qml.so.6	qt6
konqueror	libQt6Quick.so.6	qt6
konqueror	libQt6WebChannel.so.6	qt6
konqueror	libQt6WebEngineCore.so.6	qt6
konqueror	libQt6WebEngineWidgets.so.6	qt6
konqueror	libQt6Widgets.so.6	qt6
konqueror	libQt6Xml.so.6	qt6
konqueror	libX11.so.6	libX11
konqueror	libc.so.6	aaa_glibc-solibs
konqueror	libc.so.6	glibc
konqueror	libgcc_s.so.1	aaa_libraries
konqueror	libgcc_s.so.1	gcc
konqueror	libm.so.6	aaa_glibc-solibs
konqueror	libm.so.6	glibc
konqueror	libstdc++.so.6	aaa_libraries
konqueror	libstdc++.so.6	gcc-g++
konqueror	libxkbcommon.so.0	aaa_libraries
konqueror	libxkbcommon.so.0	libxkbcommon
konqueror	libz.so.1	aaa_libraries
konqueror	libz.so.1	zlib
konquest	libGLX.so.0	libglvnd
konquest	libKDEGames6.so.6	libkdegames
konquest	libKF6ColorScheme.so.6	kcolorscheme
konquest	libKF6ConfigCore.so.6	kconfig
konquest	libKF6ConfigGui.so.6	kconfig
konquest	libKF6ConfigWidgets.so.6	kconfigwidgets
konquest	libKF6CoreAddons.so.6	kcoreaddons
konquest	libKF6Crash.so.6	kcrash
konquest	libKF6DBusAddons.so.6	kdbusaddons
konquest	libKF6GuiAddons.so.6	kguiaddons
konquest	libKF6I18n.so.6	ki18n
konquest	libKF6WidgetsAddons.so.6	kwidgetsaddons
konquest	libKF6XmlGui.so.6	kxmlgui
konquest	libOpenGL.so.0	libglvnd
konquest	libQt6Core.so.6	qt6
konquest	libQt6DBus.so.6	qt6
konquest	libQt6Gui.so.6	qt6
konquest	libQt6Network.so.6	qt6
konquest	libQt6Qml.so.6	qt6
konquest	libQt6StateMachine.so.6	qt6
konquest	libQt6Svg.so.6	qt6
konquest	libQt6Widgets.so.6	qt6
konquest	libQt6Xml.so.6	qt6
konquest	libc.so.6	aaa_glibc-solibs
konquest	libc.so.6	glibc
konquest	libgcc_s.so.1	aaa_libraries
konquest	libgcc_s.so.1	gcc
konquest	libm.so.6	aaa_glibc-solibs
konquest	libm.so.6	glibc
konquest	libstdc++.so.6	aaa_libraries
konquest	libstdc++.so.6	gcc-g++
konsole	libGLX.so.0	libglvnd
konsole	libKF6Attica.so.6	attica
konsole	libKF6Bookmarks.so.6	kbookmarks
konsole	libKF6BookmarksWidgets.so.6	kbookmarks
konsole	libKF6ColorScheme.so.6	kcolorscheme
konsole	libKF6Completion.so.6	kcompletion
konsole	libKF6ConfigCore.so.6	kconfig
konsole	libKF6ConfigGui.so.6	kconfig
konsole	libKF6ConfigWidgets.so.6	kconfigwidgets
konsole	libKF6CoreAddons.so.6	kcoreaddons
konsole	libKF6Crash.so.6	kcrash
konsole	libKF6DBusAddons.so.6	kdbusaddons
konsole	libKF6GlobalAccel.so.6	kglobalaccel
konsole	libKF6GuiAddons.so.6	kguiaddons
konsole	libKF6I18n.so.6	ki18n
konsole	libKF6IconThemes.so.6	kiconthemes
konsole	libKF6IconWidgets.so.6	kiconthemes
konsole	libKF6JobWidgets.so.6	kjobwidgets
konsole	libKF6KIOCore.so.6	kio
konsole	libKF6KIOGui.so.6	kio
konsole	libKF6KIOWidgets.so.6	kio
konsole	libKF6NewStuffCore.so.6	knewstuff
konsole	libKF6NewStuffWidgets.so.6	knewstuff
konsole	libKF6Notifications.so.6	knotifications
konsole	libKF6NotifyConfig.so.6	knotifyconfig
konsole	libKF6Parts.so.6	kparts
konsole	libKF6Pty.so.6	kpty
konsole	libKF6Service.so.6	kservice
konsole	libKF6SonnetUi.so.6	sonnet
konsole	libKF6TextWidgets.so.6	ktextwidgets
konsole	libKF6WidgetsAddons.so.6	kwidgetsaddons
konsole	libKF6WindowSystem.so.6	kwindowsystem
konsole	libKF6XmlGui.so.6	kxmlgui
konsole	libOpenGL.so.0	libglvnd
konsole	libQt6Core.so.6	qt6
konsole	libQt6DBus.so.6	qt6
konsole	libQt6Gui.so.6	qt6
konsole	libQt6Multimedia.so.6	qt6
konsole	libQt6Network.so.6	qt6
konsole	libQt6PrintSupport.so.6	qt6
konsole	libQt6Widgets.so.6	qt6
konsole	libQt6Xml.so.6	qt6
konsole	libX11.so.6	libX11
konsole	libc.so.6	aaa_glibc-solibs
konsole	libc.so.6	glibc
konsole	libgcc_s.so.1	aaa_libraries
konsole	libgcc_s.so.1	gcc
konsole	libicui18n.so.78	icu4c
konsole	libicuuc.so.78	icu4c
konsole	libm.so.6	aaa_glibc-solibs
konsole	libm.so.6	glibc
konsole	libssh.so.4	libssh
konsole	libstdc++.so.6	aaa_libraries
konsole	libstdc++.so.6	gcc-g++
konsole	libxkbcommon.so.0	aaa_libraries
konsole	libxkbcommon.so.0	libxkbcommon
kontact	libGLX.so.0	libglvnd
kontact	libKF6ColorScheme.so.6	kcolorscheme
kontact	libKF6Completion.so.6	kcompletion
kontact	libKF6ConfigCore.so.6	kconfig
kontact	libKF6ConfigGui.so.6	kconfig
kontact	libKF6ConfigWidgets.so.6	kconfigwidgets
kontact	libKF6CoreAddons.so.6	kcoreaddons
kontact	libKF6Crash.so.6	kcrash
kontact	libKF6GuiAddons.so.6	kguiaddons
kontact	libKF6I18n.so.6	ki18n
kontact	libKF6IconThemes.so.6	kiconthemes
kontact	libKF6JobWidgets.so.6	kjobwidgets
kontact	libKF6KCMUtils.so.6	kcmutils
kontact	libKF6KCMUtilsCore.so.6	kcmutils
kontact	libKF6KCMUtilsQuick.so.6	kcmutils
kontact	libKF6KIOCore.so.6	kio
kontact	libKF6KIOGui.so.6	kio
kontact	libKF6KIOWidgets.so.6	kio
kontact	libKF6Parts.so.6	kparts
kontact	libKF6Service.so.6	kservice
kontact	libKF6SonnetUi.so.6	sonnet
kontact	libKF6SyntaxHighlighting.so.6	syntax-highlighting
kontact	libKF6TextAddonsWidgets.so.1	ktextaddons
kontact	libKF6TextAutoCorrectionCore.so.1	ktextaddons
kontact	libKF6TextAutoCorrectionWidgets.so.1	ktextaddons
kontact	libKF6TextCustomEditor.so.1	ktextaddons
kontact	libKF6TextTemplate.so.6	ktexttemplate
kontact	libKF6WidgetsAddons.so.6	kwidgetsaddons
kontact	libKF6XmlGui.so.6	kxmlgui
kontact	libKPim6GrantleeTheme.so.6	grantleetheme
kontact	libKPim6KontactInterface.so.6	kontactinterface
kontact	libKPim6Libkdepim.so.6	libkdepim
kontact	libKPim6PimCommon.so.6	pimcommon
kontact	libOpenGL.so.0	libglvnd
kontact	libQt6Core.so.6	qt6
kontact	libQt6DBus.so.6	qt6
kontact	libQt6Gui.so.6	qt6
kontact	libQt6Network.so.6	qt6
kontact	libQt6OpenGL.so.6	qt6
kontact	libQt6Positioning.so.6	qt6
kontact	libQt6PrintSupport.so.6	qt6
kontact	libQt6Qml.so.6	qt6
kontact	libQt6Quick.so.6	qt6
kontact	libQt6WebChannel.so.6	qt6
kontact	libQt6WebEngineCore.so.6	qt6
kontact	libQt6WebEngineWidgets.so.6	qt6
kontact	libQt6Widgets.so.6	qt6
kontact	libQt6Xml.so.6	qt6
kontact	libc.so.6	aaa_glibc-solibs
kontact	libc.so.6	glibc
kontact	libgcc_s.so.1	aaa_libraries
kontact	libgcc_s.so.1	gcc
kontact	libm.so.6	aaa_glibc-solibs
kontact	libm.so.6	glibc
kontact	libstdc++.so.6	aaa_libraries
kontact	libstdc++.so.6	gcc-g++
kontactinterface	libGLX.so.0	libglvnd
kontactinterface	libKF6ColorScheme.so.6	kcolorscheme
kontactinterface	libKF6ConfigCore.so.6	kconfig
kontactinterface	libKF6ConfigGui.so.6	kconfig
kontactinterface	libKF6ConfigWidgets.so.6	kconfigwidgets
kontactinterface	libKF6CoreAddons.so.6	kcoreaddons
kontactinterface	libKF6GuiAddons.so.6	kguiaddons
kontactinterface	libKF6I18n.so.6	ki18n
kontactinterface	libKF6KIOCore.so.6	kio
kontactinterface	libKF6KIOGui.so.6	kio
kontactinterface	libKF6Parts.so.6	kparts
kontactinterface	libKF6Service.so.6	kservice
kontactinterface	libKF6WidgetsAddons.so.6	kwidgetsaddons
kontactinterface	libKF6WindowSystem.so.6	kwindowsystem
kontactinterface	libKF6XmlGui.so.6	kxmlgui
kontactinterface	libOpenGL.so.0	libglvnd
kontactinterface	libQt6Core.so.6	qt6
kontactinterface	libQt6DBus.so.6	qt6
kontactinterface	libQt6Gui.so.6	qt6
kontactinterface	libQt6Network.so.6	qt6
kontactinterface	libQt6Widgets.so.6	qt6
kontactinterface	libQt6Xml.so.6	qt6
kontactinterface	libX11.so.6	libX11
kontactinterface	libc.so.6	aaa_glibc-solibs
kontactinterface	libc.so.6	glibc
kontactinterface	libgcc_s.so.1	aaa_libraries
kontactinterface	libgcc_s.so.1	gcc
kontactinterface	libm.so.6	aaa_glibc-solibs
kontactinterface	libm.so.6	glibc
kontactinterface	libstdc++.so.6	aaa_libraries
kontactinterface	libstdc++.so.6	gcc-g++
kontactinterface	libxkbcommon.so.0	aaa_libraries
kontactinterface	libxkbcommon.so.0	libxkbcommon
kontrast	libGLX.so.0	libglvnd
kontrast	libKF6CoreAddons.so.6	kcoreaddons
kontrast	libKF6Crash.so.6	kcrash
kontrast	libKF6I18n.so.6	ki18n
kontrast	libKF6I18nQml.so.6	ki18n
kontrast	libOpenGL.so.0	libglvnd
kontrast	libQCoro6Core.so.0	qcoro
kontrast	libQt6Core.so.6	qt6
kontrast	libQt6DBus.so.6	qt6
kontrast	libQt6Gui.so.6	qt6
kontrast	libQt6Network.so.6	qt6
kontrast	libQt6OpenGL.so.6	qt6
kontrast	libQt6Qml.so.6	qt6
kontrast	libQt6Quick.so.6	qt6
kontrast	libQt6QuickControls2.so.6	qt6
kontrast	libQt6Sql.so.6	qt6
kontrast	libQt6Svg.so.6	qt6
kontrast	libQt6Widgets.so.6	qt6
kontrast	libc.so.6	aaa_glibc-solibs
kontrast	libc.so.6	glibc
kontrast	libfuturesql6.so.0	futuresql
kontrast	libgcc_s.so.1	aaa_libraries
kontrast	libgcc_s.so.1	gcc
kontrast	libm.so.6	aaa_glibc-solibs
kontrast	libm.so.6	glibc
kontrast	libstdc++.so.6	aaa_libraries
kontrast	libstdc++.so.6	gcc-g++
konversation	libGLX.so.0	libglvnd
konversation	libKF6Archive.so.6	karchive
konversation	libKF6Attica.so.6	attica
konversation	libKF6Bookmarks.so.6	kbookmarks
konversation	libKF6BookmarksWidgets.so.6	kbookmarks
konversation	libKF6Codecs.so.6	kcodecs
konversation	libKF6ColorScheme.so.6	kcolorscheme
konversation	libKF6Completion.so.6	kcompletion
konversation	libKF6ConfigCore.so.6	kconfig
konversation	libKF6ConfigGui.so.6	kconfig
konversation	libKF6ConfigWidgets.so.6	kconfigwidgets
konversation	libKF6CoreAddons.so.6	kcoreaddons
konversation	libKF6Crash.so.6	kcrash
konversation	libKF6DBusAddons.so.6	kdbusaddons
konversation	libKF6GlobalAccel.so.6	kglobalaccel
konversation	libKF6GuiAddons.so.6	kguiaddons
konversation	libKF6I18n.so.6	ki18n
konversation	libKF6IdleTime.so.6	kidletime
konversation	libKF6ItemViews.so.6	kitemviews
konversation	libKF6JobWidgets.so.6	kjobwidgets
konversation	libKF6KIOCore.so.6	kio
konversation	libKF6KIOFileWidgets.so.6	kio
konversation	libKF6KIOGui.so.6	kio
konversation	libKF6KIOWidgets.so.6	kio
konversation	libKF6NewStuffCore.so.6	knewstuff
konversation	libKF6NewStuffWidgets.so.6	knewstuff
konversation	libKF6Notifications.so.6	knotifications
konversation	libKF6NotifyConfig.so.6	knotifyconfig
konversation	libKF6Parts.so.6	kparts
konversation	libKF6Service.so.6	kservice
konversation	libKF6Solid.so.6	solid
konversation	libKF6SonnetUi.so.6	sonnet
konversation	libKF6StatusNotifierItem.so.6	kstatusnotifieritem
konversation	libKF6TextWidgets.so.6	ktextwidgets
konversation	libKF6Wallet.so.6	kwallet
konversation	libKF6WidgetsAddons.so.6	kwidgetsaddons
konversation	libKF6WindowSystem.so.6	kwindowsystem
konversation	libKF6XmlGui.so.6	kxmlgui
konversation	libOpenGL.so.0	libglvnd
konversation	libQt6Core.so.6	qt6
konversation	libQt6Core5Compat.so.6	qt6
konversation	libQt6DBus.so.6	qt6
konversation	libQt6Gui.so.6	qt6
konversation	libQt6Multimedia.so.6	qt6
konversation	libQt6Network.so.6	qt6
konversation	libQt6Widgets.so.6	qt6
konversation	libQt6Xml.so.6	qt6
konversation	libX11.so.6	libX11
konversation	libc.so.6	aaa_glibc-solibs
konversation	libc.so.6	glibc
konversation	libgcc_s.so.1	aaa_libraries
konversation	libgcc_s.so.1	gcc
konversation	libm.so.6	aaa_glibc-solibs
konversation	libm.so.6	glibc
konversation	libqca-qt6.so.2	qca
konversation	libstdc++.so.6	aaa_libraries
konversation	libstdc++.so.6	gcc-g++
kopeninghours	libKF6Holidays.so.6	kholidays
kopeninghours	libKF6I18n.so.6	ki18n
kopeninghours	libQt6Core.so.6	qt6
kopeninghours	libQt6Network.so.6	qt6
kopeninghours	libQt6Qml.so.6	qt6
kopeninghours	libboost_atomic.so.1.92.0	boost
kopeninghours	libboost_chrono.so.1.92.0	boost
kopeninghours	libboost_container.so.1.92.0	boost
kopeninghours	libboost_date_time.so.1.92.0	boost
kopeninghours	libboost_graph.so.1.92.0	boost
kopeninghours	libboost_math_tr1.so.1.92.0	boost
kopeninghours	libboost_python312.so.1.92.0	boost
kopeninghours	libboost_random.so.1.92.0	boost
kopeninghours	libboost_serialization.so.1.92.0	boost
kopeninghours	libboost_thread.so.1.92.0	boost
kopeninghours	libc.so.6	aaa_glibc-solibs
kopeninghours	libc.so.6	glibc
kopeninghours	libgcc_s.so.1	aaa_libraries
kopeninghours	libgcc_s.so.1	gcc
kopeninghours	libm.so.6	aaa_glibc-solibs
kopeninghours	libm.so.6	glibc
kopeninghours	libpython3.12.so.1.0	python3
kopeninghours	libstdc++.so.6	aaa_libraries
kopeninghours	libstdc++.so.6	gcc-g++
korganizer	libGLX.so.0	libglvnd
korganizer	libKF6CalendarCore.so.6	kcalendarcore
korganizer	libKF6ColorScheme.so.6	kcolorscheme
korganizer	libKF6Completion.so.6	kcompletion
korganizer	libKF6ConfigCore.so.6	kconfig
korganizer	libKF6ConfigGui.so.6	kconfig
korganizer	libKF6ConfigWidgets.so.6	kconfigwidgets
korganizer	libKF6Contacts.so.6	kcontacts
korganizer	libKF6CoreAddons.so.6	kcoreaddons
korganizer	libKF6Crash.so.6	kcrash
korganizer	libKF6GuiAddons.so.6	kguiaddons
korganizer	libKF6Holidays.so.6	kholidays
korganizer	libKF6I18n.so.6	ki18n
korganizer	libKF6IconThemes.so.6	kiconthemes
korganizer	libKF6IconWidgets.so.6	kiconthemes
korganizer	libKF6ItemModels.so.6	kitemmodels
korganizer	libKF6ItemViews.so.6	kitemviews
korganizer	libKF6JobWidgets.so.6	kjobwidgets
korganizer	libKF6KCMUtils.so.6	kcmutils
korganizer	libKF6KCMUtilsCore.so.6	kcmutils
korganizer	libKF6KCMUtilsQuick.so.6	kcmutils
korganizer	libKF6KIOCore.so.6	kio
korganizer	libKF6KIOGui.so.6	kio
korganizer	libKF6KIOWidgets.so.6	kio
korganizer	libKF6Mime.so.6	kmime
korganizer	libKF6Parts.so.6	kparts
korganizer	libKF6Service.so.6	kservice
korganizer	libKF6SonnetUi.so.6	sonnet
korganizer	libKF6SyntaxHighlighting.so.6	syntax-highlighting
korganizer	libKF6TextAddonsWidgets.so.1	ktextaddons
korganizer	libKF6TextAutoCorrectionCore.so.1	ktextaddons
korganizer	libKF6TextAutoCorrectionWidgets.so.1	ktextaddons
korganizer	libKF6TextCustomEditor.so.1	ktextaddons
korganizer	libKF6TextTemplate.so.6	ktexttemplate
korganizer	libKF6WidgetsAddons.so.6	kwidgetsaddons
korganizer	libKF6WindowSystem.so.6	kwindowsystem
korganizer	libKF6XmlGui.so.6	kxmlgui
korganizer	libKPim6AkonadiCalendar.so.6	akonadi-calendar
korganizer	libKPim6AkonadiCalendarCore.so.6	akonadi-calendar
korganizer	libKPim6AkonadiContactCore.so.6	akonadi-contacts
korganizer	libKPim6AkonadiContactWidgets.so.6	akonadi-contacts
korganizer	libKPim6AkonadiCore.so.6	akonadi
korganizer	libKPim6AkonadiMime.so.6	akonadi-mime
korganizer	libKPim6AkonadiPrivate.so.6	akonadi
korganizer	libKPim6AkonadiWidgets.so.6	akonadi
korganizer	libKPim6CalendarSupport.so.6	calendarsupport
korganizer	libKPim6CalendarUtils.so.6	kcalutils
korganizer	libKPim6EventViews.so.6	eventviews
korganizer	libKPim6GrantleeTheme.so.6	grantleetheme
korganizer	libKPim6IMAP.so.6	kimap
korganizer	libKPim6IdentityManagementCore.so.6	kidentitymanagement
korganizer	libKPim6IncidenceEditor.so.6	incidenceeditor
korganizer	libKPim6KontactInterface.so.6	kontactinterface
korganizer	libKPim6LdapCore.so.6	kldap
korganizer	libKPim6LdapWidgets.so.6	kldap
korganizer	libKPim6Libkdepim.so.6	libkdepim
korganizer	libKPim6MailTransport.so.6	kmailtransport
korganizer	libKPim6PimCommon.so.6	pimcommon
korganizer	libKPim6PimCommonActivities.so.6	pimcommon
korganizer	libKPim6PimCommonAkonadi.so.6	pimcommon
korganizer	libOpenGL.so.0	libglvnd
korganizer	libPlasmaActivities.so.7	plasma-activities
korganizer	libQt6Core.so.6	qt6
korganizer	libQt6DBus.so.6	qt6
korganizer	libQt6Gui.so.6	qt6
korganizer	libQt6Network.so.6	qt6
korganizer	libQt6PrintSupport.so.6	qt6
korganizer	libQt6Qml.so.6	qt6
korganizer	libQt6Widgets.so.6	qt6
korganizer	libQt6Xml.so.6	qt6
korganizer	libX11.so.6	libX11
korganizer	libc.so.6	aaa_glibc-solibs
korganizer	libc.so.6	glibc
korganizer	libgcc_s.so.1	aaa_libraries
korganizer	libgcc_s.so.1	gcc
korganizer	libm.so.6	aaa_glibc-solibs
korganizer	libm.so.6	glibc
korganizer	libstdc++.so.6	aaa_libraries
korganizer	libstdc++.so.6	gcc-g++
kosmindoormap	libGLX.so.0	libglvnd
kosmindoormap	libKF6CoreAddons.so.6	kcoreaddons
kosmindoormap	libKF6I18n.so.6	ki18n
kosmindoormap	libKF6I18nLocaleData.so.6	ki18n
kosmindoormap	libKF6Service.so.6	kservice
kosmindoormap	libKOpeningHours.so.1	kopeninghours
kosmindoormap	libKPublicTransport.so.1	kpublictransport
kosmindoormap	libOpenGL.so.0	libglvnd
kosmindoormap	libQt6Core.so.6	qt6
kosmindoormap	libQt6Gui.so.6	qt6
kosmindoormap	libQt6Network.so.6	qt6
kosmindoormap	libQt6OpenGL.so.6	qt6
kosmindoormap	libQt6Qml.so.6	qt6
kosmindoormap	libQt6Quick.so.6	qt6
kosmindoormap	libc.so.6	aaa_glibc-solibs
kosmindoormap	libc.so.6	glibc
kosmindoormap	libgcc_s.so.1	aaa_libraries
kosmindoormap	libgcc_s.so.1	gcc
kosmindoormap	libm.so.6	aaa_glibc-solibs
kosmindoormap	libm.so.6	glibc
kosmindoormap	libstdc++.so.6	aaa_libraries
kosmindoormap	libstdc++.so.6	gcc-g++
kosmindoormap	libxkbcommon.so.0	aaa_libraries
kosmindoormap	libxkbcommon.so.0	libxkbcommon
kpackage	libKF6Archive.so.6	karchive
kpackage	libKF6CoreAddons.so.6	kcoreaddons
kpackage	libKF6I18n.so.6	ki18n
kpackage	libQt6Core.so.6	qt6
kpackage	libQt6DBus.so.6	qt6
kpackage	libc.so.6	aaa_glibc-solibs
kpackage	libc.so.6	glibc
kpackage	libgcc_s.so.1	aaa_libraries
kpackage	libgcc_s.so.1	gcc
kpackage	libm.so.6	aaa_glibc-solibs
kpackage	libm.so.6	glibc
kpackage	libstdc++.so.6	aaa_libraries
kpackage	libstdc++.so.6	gcc-g++
kpackage5	libKF5Archive.so.5	karchive5
kpackage5	libKF5CoreAddons.so.5	kcoreaddons5
kpackage5	libKF5I18n.so.5	ki18n5
kpackage5	libQt5Core.so.5	qt5
kpackage5	libQt5DBus.so.5	qt5
kpackage5	libc.so.6	aaa_glibc-solibs
kpackage5	libc.so.6	glibc
kpackage5	libgcc_s.so.1	aaa_libraries
kpackage5	libgcc_s.so.1	gcc
kpackage5	libm.so.6	aaa_glibc-solibs
kpackage5	libm.so.6	glibc
kpackage5	libstdc++.so.6	aaa_libraries
kpackage5	libstdc++.so.6	gcc-g++
kparts	libGLX.so.0	libglvnd
kparts	libKF6ColorScheme.so.6	kcolorscheme
kparts	libKF6Completion.so.6	kcompletion
kparts	libKF6ConfigCore.so.6	kconfig
kparts	libKF6ConfigGui.so.6	kconfig
kparts	libKF6ConfigWidgets.so.6	kconfigwidgets
kparts	libKF6CoreAddons.so.6	kcoreaddons
kparts	libKF6GuiAddons.so.6	kguiaddons
kparts	libKF6I18n.so.6	ki18n
kparts	libKF6JobWidgets.so.6	kjobwidgets
kparts	libKF6KIOCore.so.6	kio
kparts	libKF6KIOGui.so.6	kio
kparts	libKF6KIOWidgets.so.6	kio
kparts	libKF6Service.so.6	kservice
kparts	libKF6WidgetsAddons.so.6	kwidgetsaddons
kparts	libKF6XmlGui.so.6	kxmlgui
kparts	libOpenGL.so.0	libglvnd
kparts	libQt6Core.so.6	qt6
kparts	libQt6DBus.so.6	qt6
kparts	libQt6Gui.so.6	qt6
kparts	libQt6Network.so.6	qt6
kparts	libQt6Widgets.so.6	qt6
kparts	libQt6Xml.so.6	qt6
kparts	libc.so.6	aaa_glibc-solibs
kparts	libc.so.6	glibc
kparts	libgcc_s.so.1	aaa_libraries
kparts	libgcc_s.so.1	gcc
kparts	libm.so.6	aaa_glibc-solibs
kparts	libm.so.6	glibc
kparts	libstdc++.so.6	aaa_libraries
kparts	libstdc++.so.6	gcc-g++
kparts5	libKF5Auth.so.5	kauth5
kparts5	libKF5AuthCore.so.5	kauth5
kparts5	libKF5Codecs.so.5	kcodecs5
kparts5	libKF5Completion.so.5	kcompletion5
kparts5	libKF5ConfigCore.so.5	kconfig5
kparts5	libKF5ConfigGui.so.5	kconfig5
kparts5	libKF5ConfigWidgets.so.5	kconfigwidgets5
kparts5	libKF5CoreAddons.so.5	kcoreaddons5
kparts5	libKF5I18n.so.5	ki18n5
kparts5	libKF5IconThemes.so.5	kiconthemes5
kparts5	libKF5JobWidgets.so.5	kjobwidgets5
kparts5	libKF5KIOCore.so.5	kio5
kparts5	libKF5KIOGui.so.5	kio5
kparts5	libKF5KIOWidgets.so.5	kio5
kparts5	libKF5Service.so.5	kservice5
kparts5	libKF5Solid.so.5	solid5
kparts5	libKF5SonnetUi.so.5	sonnet5
kparts5	libKF5TextWidgets.so.5	ktextwidgets5
kparts5	libKF5WidgetsAddons.so.5	kwidgetsaddons5
kparts5	libKF5WindowSystem.so.5	kwindowsystem5
kparts5	libKF5XmlGui.so.5	kxmlgui5
kparts5	libQt5Concurrent.so.5	qt5
kparts5	libQt5Core.so.5	qt5
kparts5	libQt5DBus.so.5	qt5
kparts5	libQt5Gui.so.5	qt5
kparts5	libQt5Network.so.5	qt5
kparts5	libQt5Widgets.so.5	qt5
kparts5	libQt5Xml.so.5	qt5
kparts5	libX11.so.6	libX11
kparts5	libc.so.6	aaa_glibc-solibs
kparts5	libc.so.6	glibc
kparts5	libgcc_s.so.1	aaa_libraries
kparts5	libgcc_s.so.1	gcc
kparts5	libm.so.6	aaa_glibc-solibs
kparts5	libm.so.6	glibc
kparts5	libstdc++.so.6	aaa_libraries
kparts5	libstdc++.so.6	gcc-g++
kpat	libGLX.so.0	libglvnd
kpat	libKDEGames6.so.6	libkdegames
kpat	libKF6Attica.so.6	attica
kpat	libKF6ColorScheme.so.6	kcolorscheme
kpat	libKF6Completion.so.6	kcompletion
kpat	libKF6ConfigCore.so.6	kconfig
kpat	libKF6ConfigGui.so.6	kconfig
kpat	libKF6ConfigWidgets.so.6	kconfigwidgets
kpat	libKF6CoreAddons.so.6	kcoreaddons
kpat	libKF6Crash.so.6	kcrash
kpat	libKF6DBusAddons.so.6	kdbusaddons
kpat	libKF6GuiAddons.so.6	kguiaddons
kpat	libKF6I18n.so.6	ki18n
kpat	libKF6KIOCore.so.6	kio
kpat	libKF6NewStuffCore.so.6	knewstuff
kpat	libKF6NewStuffWidgets.so.6	knewstuff
kpat	libKF6WidgetsAddons.so.6	kwidgetsaddons
kpat	libKF6XmlGui.so.6	kxmlgui
kpat	libOpenGL.so.0	libglvnd
kpat	libQt6Core.so.6	qt6
kpat	libQt6DBus.so.6	qt6
kpat	libQt6Gui.so.6	qt6
kpat	libQt6Network.so.6	qt6
kpat	libQt6Qml.so.6	qt6
kpat	libQt6Svg.so.6	qt6
kpat	libQt6Widgets.so.6	qt6
kpat	libQt6Xml.so.6	qt6
kpat	libc.so.6	aaa_glibc-solibs
kpat	libc.so.6	glibc
kpat	libfreecell-solver.so.0	freecell-solver
kpat	libgcc_s.so.1	aaa_libraries
kpat	libgcc_s.so.1	gcc
kpat	libm.so.6	aaa_glibc-solibs
kpat	libm.so.6	glibc
kpat	libstdc++.so.6	aaa_libraries
kpat	libstdc++.so.6	gcc-g++
kpeople	libGLX.so.0	libglvnd
kpeople	libKF6Contacts.so.6	kcontacts
kpeople	libKF6CoreAddons.so.6	kcoreaddons
kpeople	libKF6I18n.so.6	ki18n
kpeople	libKF6ItemViews.so.6	kitemviews
kpeople	libKF6WidgetsAddons.so.6	kwidgetsaddons
kpeople	libOpenGL.so.0	libglvnd
kpeople	libQt6Core.so.6	qt6
kpeople	libQt6DBus.so.6	qt6
kpeople	libQt6Gui.so.6	qt6
kpeople	libQt6Network.so.6	qt6
kpeople	libQt6OpenGL.so.6	qt6
kpeople	libQt6Qml.so.6	qt6
kpeople	libQt6Quick.so.6	qt6
kpeople	libQt6Sql.so.6	qt6
kpeople	libQt6Widgets.so.6	qt6
kpeople	libc.so.6	aaa_glibc-solibs
kpeople	libc.so.6	glibc
kpeople	libgcc_s.so.1	aaa_libraries
kpeople	libgcc_s.so.1	gcc
kpeople	libm.so.6	aaa_glibc-solibs
kpeople	libm.so.6	glibc
kpeople	libstdc++.so.6	aaa_libraries
kpeople	libstdc++.so.6	gcc-g++
kpeople5	libKF5CoreAddons.so.5	kcoreaddons5
kpeople5	libKF5I18n.so.5	ki18n5
kpeople5	libKF5ItemViews.so.5	kitemviews5
kpeople5	libKF5WidgetsAddons.so.5	kwidgetsaddons5
kpeople5	libQt5Core.so.5	qt5
kpeople5	libQt5DBus.so.5	qt5
kpeople5	libQt5Gui.so.5	qt5
kpeople5	libQt5Network.so.5	qt5
kpeople5	libQt5Qml.so.5	qt5
kpeople5	libQt5QmlModels.so.5	qt5
kpeople5	libQt5Quick.so.5	qt5
kpeople5	libQt5Sql.so.5	qt5
kpeople5	libQt5Widgets.so.5	qt5
kpeople5	libc.so.6	aaa_glibc-solibs
kpeople5	libc.so.6	glibc
kpeople5	libgcc_s.so.1	aaa_libraries
kpeople5	libgcc_s.so.1	gcc
kpeople5	libm.so.6	aaa_glibc-solibs
kpeople5	libm.so.6	glibc
kpeople5	libstdc++.so.6	aaa_libraries
kpeople5	libstdc++.so.6	gcc-g++
kpeoplevcard	libGLX.so.0	libglvnd
kpeoplevcard	libKF6Contacts.so.6	kcontacts
kpeoplevcard	libKF6CoreAddons.so.6	kcoreaddons
kpeoplevcard	libKF6I18n.so.6	ki18n
kpeoplevcard	libKF6PeopleBackend.so.6	kpeople
kpeoplevcard	libOpenGL.so.0	libglvnd
kpeoplevcard	libQt6Core.so.6	qt6
kpeoplevcard	libQt6Gui.so.6	qt6
kpeoplevcard	libc.so.6	aaa_glibc-solibs
kpeoplevcard	libc.so.6	glibc
kpeoplevcard	libgcc_s.so.1	aaa_libraries
kpeoplevcard	libgcc_s.so.1	gcc
kpeoplevcard	libm.so.6	aaa_glibc-solibs
kpeoplevcard	libm.so.6	glibc
kpeoplevcard	libstdc++.so.6	aaa_libraries
kpeoplevcard	libstdc++.so.6	gcc-g++
kpimtextedit	libGLX.so.0	libglvnd
kpimtextedit	libKF6Codecs.so.6	kcodecs
kpimtextedit	libKF6ColorScheme.so.6	kcolorscheme
kpimtextedit	libKF6Completion.so.6	kcompletion
kpimtextedit	libKF6ConfigCore.so.6	kconfig
kpimtextedit	libKF6ConfigGui.so.6	kconfig
kpimtextedit	libKF6ConfigWidgets.so.6	kconfigwidgets
kpimtextedit	libKF6CoreAddons.so.6	kcoreaddons
kpimtextedit	libKF6GuiAddons.so.6	kguiaddons
kpimtextedit	libKF6I18n.so.6	ki18n
kpimtextedit	libKF6JobWidgets.so.6	kjobwidgets
kpimtextedit	libKF6KIOCore.so.6	kio
kpimtextedit	libKF6KIOGui.so.6	kio
kpimtextedit	libKF6KIOWidgets.so.6	kio
kpimtextedit	libKF6Service.so.6	kservice
kpimtextedit	libKF6SonnetCore.so.6	sonnet
kpimtextedit	libKF6SonnetUi.so.6	sonnet
kpimtextedit	libKF6SyntaxHighlighting.so.6	syntax-highlighting
kpimtextedit	libKF6TextCustomEditor.so.1	ktextaddons
kpimtextedit	libKF6TextEmoticonsCore.so.1	ktextaddons
kpimtextedit	libKF6TextEmoticonsWidgets.so.1	ktextaddons
kpimtextedit	libKF6WidgetsAddons.so.6	kwidgetsaddons
kpimtextedit	libKF6XmlGui.so.6	kxmlgui
kpimtextedit	libOpenGL.so.0	libglvnd
kpimtextedit	libQt6Core.so.6	qt6
kpimtextedit	libQt6DBus.so.6	qt6
kpimtextedit	libQt6Gui.so.6	qt6
kpimtextedit	libQt6Network.so.6	qt6
kpimtextedit	libQt6Widgets.so.6	qt6
kpimtextedit	libQt6Xml.so.6	qt6
kpimtextedit	libc.so.6	aaa_glibc-solibs
kpimtextedit	libc.so.6	glibc
kpimtextedit	libgcc_s.so.1	aaa_libraries
kpimtextedit	libgcc_s.so.1	gcc
kpimtextedit	libm.so.6	aaa_glibc-solibs
kpimtextedit	libm.so.6	glibc
kpimtextedit	libstdc++.so.6	aaa_libraries
kpimtextedit	libstdc++.so.6	gcc-g++
kpipewire	ld-linux-x86-64.so.2	aaa_glibc-solibs
kpipewire	ld-linux-x86-64.so.2	glibc
kpipewire	libEGL.so.1	libglvnd
kpipewire	libGLX.so.0	libglvnd
kpipewire	libKF6CoreAddons.so.6	kcoreaddons
kpipewire	libKF6I18n.so.6	ki18n
kpipewire	libOpenGL.so.0	libglvnd
kpipewire	libQt6Core.so.6	qt6
kpipewire	libQt6Gui.so.6	qt6
kpipewire	libQt6Network.so.6	qt6
kpipewire	libQt6OpenGL.so.6	qt6
kpipewire	libQt6Qml.so.6	qt6
kpipewire	libQt6Quick.so.6	qt6
kpipewire	libavcodec.so.63	ffmpeg
kpipewire	libavfilter.so.12	ffmpeg
kpipewire	libavformat.so.63	ffmpeg
kpipewire	libavutil.so.61	ffmpeg
kpipewire	libc.so.6	aaa_glibc-solibs
kpipewire	libc.so.6	glibc
kpipewire	libdrm.so.2	libdrm
kpipewire	libepoxy.so.0	libepoxy
kpipewire	libgbm.so.1	mesa
kpipewire	libgcc_s.so.1	aaa_libraries
kpipewire	libgcc_s.so.1	gcc
kpipewire	libm.so.6	aaa_glibc-solibs
kpipewire	libm.so.6	glibc
kpipewire	libpipewire-0.3.so.0	pipewire
kpipewire	libstdc++.so.6	aaa_libraries
kpipewire	libstdc++.so.6	gcc-g++
kpipewire	libswscale.so.10	ffmpeg
kpipewire	libva-drm.so.2	libva
kpipewire	libva.so.2	libva
kpipewire	libxkbcommon.so.0	aaa_libraries
kpipewire	libxkbcommon.so.0	libxkbcommon
kpkpass	libGLX.so.0	libglvnd
kpkpass	libKF6Archive.so.6	karchive
kpkpass	libOpenGL.so.0	libglvnd
kpkpass	libQt6Core.so.6	qt6
kpkpass	libQt6Gui.so.6	qt6
kpkpass	libQt6Network.so.6	qt6
kpkpass	libQt6Qml.so.6	qt6
kpkpass	libc.so.6	aaa_glibc-solibs
kpkpass	libc.so.6	glibc
kpkpass	libgcc_s.so.1	aaa_libraries
kpkpass	libgcc_s.so.1	gcc
kpkpass	libm.so.6	aaa_glibc-solibs
kpkpass	libm.so.6	glibc
kpkpass	libstdc++.so.6	aaa_libraries
kpkpass	libstdc++.so.6	gcc-g++
kplotting	libGLX.so.0	libglvnd
kplotting	libOpenGL.so.0	libglvnd
kplotting	libQt6Core.so.6	qt6
kplotting	libQt6Gui.so.6	qt6
kplotting	libQt6Widgets.so.6	qt6
kplotting	libc.so.6	aaa_glibc-solibs
kplotting	libc.so.6	glibc
kplotting	libgcc_s.so.1	aaa_libraries
kplotting	libgcc_s.so.1	gcc
kplotting	libm.so.6	aaa_glibc-solibs
kplotting	libm.so.6	glibc
kplotting	libstdc++.so.6	aaa_libraries
kplotting	libstdc++.so.6	gcc-g++
kplotting5	libQt5Core.so.5	qt5
kplotting5	libQt5Gui.so.5	qt5
kplotting5	libQt5Widgets.so.5	qt5
kplotting5	libc.so.6	aaa_glibc-solibs
kplotting5	libc.so.6	glibc
kplotting5	libgcc_s.so.1	aaa_libraries
kplotting5	libgcc_s.so.1	gcc
kplotting5	libm.so.6	aaa_glibc-solibs
kplotting5	libm.so.6	glibc
kplotting5	libstdc++.so.6	aaa_libraries
kplotting5	libstdc++.so.6	gcc-g++
kpmcore	libGLX.so.0	libglvnd
kpmcore	libKF6CoreAddons.so.6	kcoreaddons
kpmcore	libKF6I18n.so.6	ki18n
kpmcore	libKF6WidgetsAddons.so.6	kwidgetsaddons
kpmcore	libOpenGL.so.0	libglvnd
kpmcore	libQt6Core.so.6	qt6
kpmcore	libQt6DBus.so.6	qt6
kpmcore	libQt6Gui.so.6	qt6
kpmcore	libQt6Widgets.so.6	qt6
kpmcore	libblkid.so.1	util-linux
kpmcore	libc.so.6	aaa_glibc-solibs
kpmcore	libc.so.6	glibc
kpmcore	libgcc_s.so.1	aaa_libraries
kpmcore	libgcc_s.so.1	gcc
kpmcore	libm.so.6	aaa_glibc-solibs
kpmcore	libm.so.6	glibc
kpmcore	libpolkit-qt6-core-1.so.1	polkit-qt-1
kpmcore	libstdc++.so.6	aaa_libraries
kpmcore	libstdc++.so.6	gcc-g++
kpty	libKF6CoreAddons.so.6	kcoreaddons
kpty	libKF6I18n.so.6	ki18n
kpty	libQt6Core.so.6	qt6
kpty	libc.so.6	aaa_glibc-solibs
kpty	libc.so.6	glibc
kpty	libgcc_s.so.1	aaa_libraries
kpty	libgcc_s.so.1	gcc
kpty	libm.so.6	aaa_glibc-solibs
kpty	libm.so.6	glibc
kpty	libstdc++.so.6	aaa_libraries
kpty	libstdc++.so.6	gcc-g++
kpty5	libKF5CoreAddons.so.5	kcoreaddons5
kpty5	libKF5I18n.so.5	ki18n5
kpty5	libQt5Core.so.5	qt5
kpty5	libc.so.6	aaa_glibc-solibs
kpty5	libc.so.6	glibc
kpty5	libgcc_s.so.1	aaa_libraries
kpty5	libgcc_s.so.1	gcc
kpty5	libm.so.6	aaa_glibc-solibs
kpty5	libm.so.6	glibc
kpty5	libstdc++.so.6	aaa_libraries
kpty5	libstdc++.so.6	gcc-g++
kpublictransport	libGLX.so.0	libglvnd
kpublictransport	libKF6I18n.so.6	ki18n
kpublictransport	libKF6I18nLocaleData.so.6	ki18n
kpublictransport	libKF6NetworkManagerQt.so.6	networkmanager-qt
kpublictransport	libOpenGL.so.0	libglvnd
kpublictransport	libQt6Core.so.6	qt6
kpublictransport	libQt6DBus.so.6	qt6
kpublictransport	libQt6Gui.so.6	qt6
kpublictransport	libQt6Network.so.6	qt6
kpublictransport	libQt6OpenGL.so.6	qt6
kpublictransport	libQt6Qml.so.6	qt6
kpublictransport	libQt6Quick.so.6	qt6
kpublictransport	libc.so.6	aaa_glibc-solibs
kpublictransport	libc.so.6	glibc
kpublictransport	libgcc_s.so.1	aaa_libraries
kpublictransport	libgcc_s.so.1	gcc
kpublictransport	libgio-2.0.so.0	glib2
kpublictransport	libglib-2.0.so.0	aaa_libraries
kpublictransport	libglib-2.0.so.0	glib2
kpublictransport	libgobject-2.0.so.0	aaa_libraries
kpublictransport	libgobject-2.0.so.0	glib2
kpublictransport	libm.so.6	aaa_glibc-solibs
kpublictransport	libm.so.6	glibc
kpublictransport	libnm.so.0	NetworkManager
kpublictransport	libstdc++.so.6	aaa_libraries
kpublictransport	libstdc++.so.6	gcc-g++
kpublictransport	libz.so.1	aaa_libraries
kpublictransport	libz.so.1	zlib
kqtquickcharts	libGLX.so.0	libglvnd
kqtquickcharts	libOpenGL.so.0	libglvnd
kqtquickcharts	libQt6Core.so.6	qt6
kqtquickcharts	libQt6Gui.so.6	qt6
kqtquickcharts	libQt6Network.so.6	qt6
kqtquickcharts	libQt6OpenGL.so.6	qt6
kqtquickcharts	libQt6Qml.so.6	qt6
kqtquickcharts	libQt6Quick.so.6	qt6
kqtquickcharts	libc.so.6	aaa_glibc-solibs
kqtquickcharts	libc.so.6	glibc
kqtquickcharts	libgcc_s.so.1	aaa_libraries
kqtquickcharts	libgcc_s.so.1	gcc
kqtquickcharts	libm.so.6	aaa_glibc-solibs
kqtquickcharts	libm.so.6	glibc
kqtquickcharts	libstdc++.so.6	aaa_libraries
kqtquickcharts	libstdc++.so.6	gcc-g++
kquickcharts	libGLX.so.0	libglvnd
kquickcharts	libOpenGL.so.0	libglvnd
kquickcharts	libQt6Core.so.6	qt6
kquickcharts	libQt6Gui.so.6	qt6
kquickcharts	libQt6Network.so.6	qt6
kquickcharts	libQt6OpenGL.so.6	qt6
kquickcharts	libQt6Qml.so.6	qt6
kquickcharts	libQt6Quick.so.6	qt6
kquickcharts	libQt6QuickControls2.so.6	qt6
kquickcharts	libc.so.6	aaa_glibc-solibs
kquickcharts	libc.so.6	glibc
kquickcharts	libgcc_s.so.1	aaa_libraries
kquickcharts	libgcc_s.so.1	gcc
kquickcharts	libm.so.6	aaa_glibc-solibs
kquickcharts	libm.so.6	glibc
kquickcharts	libstdc++.so.6	aaa_libraries
kquickcharts	libstdc++.so.6	gcc-g++
kquickcharts5	libQt5Core.so.5	qt5
kquickcharts5	libQt5Gui.so.5	qt5
kquickcharts5	libQt5Network.so.5	qt5
kquickcharts5	libQt5Qml.so.5	qt5
kquickcharts5	libQt5QmlModels.so.5	qt5
kquickcharts5	libQt5Quick.so.5	qt5
kquickcharts5	libQt5QuickControls2.so.5	qt5
kquickcharts5	libc.so.6	aaa_glibc-solibs
kquickcharts5	libc.so.6	glibc
kquickcharts5	libgcc_s.so.1	aaa_libraries
kquickcharts5	libgcc_s.so.1	gcc
kquickcharts5	libm.so.6	aaa_glibc-solibs
kquickcharts5	libm.so.6	glibc
kquickcharts5	libstdc++.so.6	aaa_libraries
kquickcharts5	libstdc++.so.6	gcc-g++
kquickimageeditor	libGLX.so.0	libglvnd
kquickimageeditor	libKF6ConfigCore.so.6	kconfig
kquickimageeditor	libKF6ConfigGui.so.6	kconfig
kquickimageeditor	libOpenGL.so.0	libglvnd
kquickimageeditor	libQt6Concurrent.so.6	qt6
kquickimageeditor	libQt6Core.so.6	qt6
kquickimageeditor	libQt6Gui.so.6	qt6
kquickimageeditor	libQt6Network.so.6	qt6
kquickimageeditor	libQt6OpenGL.so.6	qt6
kquickimageeditor	libQt6Qml.so.6	qt6
kquickimageeditor	libQt6Quick.so.6	qt6
kquickimageeditor	libc.so.6	aaa_glibc-solibs
kquickimageeditor	libc.so.6	glibc
kquickimageeditor	libgcc_s.so.1	aaa_libraries
kquickimageeditor	libgcc_s.so.1	gcc
kquickimageeditor	libhwy.so.1	highway
kquickimageeditor	libm.so.6	aaa_glibc-solibs
kquickimageeditor	libm.so.6	glibc
kquickimageeditor	libstdc++.so.6	aaa_libraries
kquickimageeditor	libstdc++.so.6	gcc-g++
krb5	libc.so.6	aaa_glibc-solibs
krb5	libc.so.6	glibc
krb5	libcom_err.so.2	e2fsprogs
krb5	libcrypto.so.3	openssl
krb5	libcrypto.so.3	openssl-solibs
krb5	libgssapi_krb5.so.2	aaa_libraries
krb5	libk5crypto.so.3	aaa_libraries
krb5	libkeyutils.so.1	aaa_libraries
krb5	libkeyutils.so.1	keyutils
krb5	libkrb5.so.3	aaa_libraries
krb5	libkrb5support.so.0	aaa_libraries
krb5	liblber.so.2	aaa_libraries
krb5	liblber.so.2	openldap
krb5	libldap.so.2	aaa_libraries
krb5	libldap.so.2	openldap
krb5	liblmdb.so.1	lmdb
krb5	libm.so.6	aaa_glibc-solibs
krb5	libm.so.6	glibc
krb5	libresolv.so.2	aaa_glibc-solibs
krb5	libresolv.so.2	glibc
krb5	libss.so.2	e2fsprogs
krb5	libssl.so.3	openssl
krb5	libssl.so.3	openssl-solibs
krdc	libGLX.so.0	libglvnd
krdc	libKF6Bookmarks.so.6	kbookmarks
krdc	libKF6BookmarksWidgets.so.6	kbookmarks
krdc	libKF6ColorScheme.so.6	kcolorscheme
krdc	libKF6Completion.so.6	kcompletion
krdc	libKF6ConfigCore.so.6	kconfig
krdc	libKF6ConfigGui.so.6	kconfig
krdc	libKF6ConfigWidgets.so.6	kconfigwidgets
krdc	libKF6CoreAddons.so.6	kcoreaddons
krdc	libKF6Crash.so.6	kcrash
krdc	libKF6DNSSD.so.6	kdnssd
krdc	libKF6GuiAddons.so.6	kguiaddons
krdc	libKF6I18n.so.6	ki18n
krdc	libKF6IconThemes.so.6	kiconthemes
krdc	libKF6JobWidgets.so.6	kjobwidgets
krdc	libKF6KCMUtils.so.6	kcmutils
krdc	libKF6KCMUtilsCore.so.6	kcmutils
krdc	libKF6KCMUtilsQuick.so.6	kcmutils
krdc	libKF6KIOCore.so.6	kio
krdc	libKF6KIOGui.so.6	kio
krdc	libKF6KIOWidgets.so.6	kio
krdc	libKF6Notifications.so.6	knotifications
krdc	libKF6NotifyConfig.so.6	knotifyconfig
krdc	libKF6Service.so.6	kservice
krdc	libKF6StatusNotifierItem.so.6	kstatusnotifieritem
krdc	libKF6WidgetsAddons.so.6	kwidgetsaddons
krdc	libKF6WindowSystem.so.6	kwindowsystem
krdc	libKF6XmlGui.so.6	kxmlgui
krdc	libOpenGL.so.0	libglvnd
krdc	libQt6Core.so.6	qt6
krdc	libQt6DBus.so.6	qt6
krdc	libQt6Gui.so.6	qt6
krdc	libQt6Network.so.6	qt6
krdc	libQt6Qml.so.6	qt6
krdc	libQt6WaylandClient.so.6	qt6
krdc	libQt6Widgets.so.6	qt6
krdc	libQt6Xml.so.6	qt6
krdc	libX11.so.6	libX11
krdc	libc.so.6	aaa_glibc-solibs
krdc	libc.so.6	glibc
krdc	libfreerdp-client3.so.3	freerdp
krdc	libfreerdp3.so.3	freerdp
krdc	libgcc_s.so.1	aaa_libraries
krdc	libgcc_s.so.1	gcc
krdc	libm.so.6	aaa_glibc-solibs
krdc	libm.so.6	glibc
krdc	libqt6keychain.so.1	qtkeychain
krdc	libssh.so.4	libssh
krdc	libstdc++.so.6	aaa_libraries
krdc	libstdc++.so.6	gcc-g++
krdc	libvncclient.so.1	libvncserver
krdc	libwayland-client.so.0	wayland
krdc	libwayland-cursor.so.0	wayland
krdc	libwinpr3.so.3	freerdp
krdc	libxkbcommon.so.0	aaa_libraries
krdc	libxkbcommon.so.0	libxkbcommon
krdp	ld-linux-x86-64.so.2	aaa_glibc-solibs
krdp	ld-linux-x86-64.so.2	glibc
krdp	libGLX.so.0	libglvnd
krdp	libKF6ColorScheme.so.6	kcolorscheme
krdp	libKF6ConfigCore.so.6	kconfig
krdp	libKF6ConfigGui.so.6	kconfig
krdp	libKF6ConfigWidgets.so.6	kconfigwidgets
krdp	libKF6CoreAddons.so.6	kcoreaddons
krdp	libKF6Crash.so.6	kcrash
krdp	libKF6DBusAddons.so.6	kdbusaddons
krdp	libKF6GuiAddons.so.6	kguiaddons
krdp	libKF6I18n.so.6	ki18n
krdp	libKF6KCMUtils.so.6	kcmutils
krdp	libKF6KCMUtilsCore.so.6	kcmutils
krdp	libKF6KCMUtilsQuick.so.6	kcmutils
krdp	libKF6StatusNotifierItem.so.6	kstatusnotifieritem
krdp	libKF6WidgetsAddons.so.6	kwidgetsaddons
krdp	libKPipeWire.so.6	kpipewire
krdp	libKPipeWireDmaBuf.so.6	kpipewire
krdp	libKPipeWireRecord.so.6	kpipewire
krdp	libOpenGL.so.0	libglvnd
krdp	libQt6Core.so.6	qt6
krdp	libQt6DBus.so.6	qt6
krdp	libQt6Gui.so.6	qt6
krdp	libQt6Network.so.6	qt6
krdp	libQt6OpenGL.so.6	qt6
krdp	libQt6Qml.so.6	qt6
krdp	libQt6Quick.so.6	qt6
krdp	libQt6WaylandClient.so.6	qt6
krdp	libQt6Widgets.so.6	qt6
krdp	libc.so.6	aaa_glibc-solibs
krdp	libc.so.6	glibc
krdp	libfreerdp-server3.so.3	freerdp
krdp	libfreerdp3.so.3	freerdp
krdp	libgcc_s.so.1	aaa_libraries
krdp	libgcc_s.so.1	gcc
krdp	libm.so.6	aaa_glibc-solibs
krdp	libm.so.6	glibc
krdp	libpam.so.0	pam
krdp	libqt6keychain.so.1	qtkeychain
krdp	libstdc++.so.6	aaa_libraries
krdp	libstdc++.so.6	gcc-g++
krdp	libwayland-client.so.0	wayland
krdp	libwayland-cursor.so.0	wayland
krdp	libwinpr3.so.3	freerdp
krdp	libxkbcommon.so.0	aaa_libraries
krdp	libxkbcommon.so.0	libxkbcommon
krename	libGLX.so.0	libglvnd
krename	libKF6Archive.so.6	karchive
krename	libKF6Bookmarks.so.6	kbookmarks
krename	libKF6ColorScheme.so.6	kcolorscheme
krename	libKF6Completion.so.6	kcompletion
krename	libKF6ConfigCore.so.6	kconfig
krename	libKF6ConfigGui.so.6	kconfig
krename	libKF6ConfigWidgets.so.6	kconfigwidgets
krename	libKF6CoreAddons.so.6	kcoreaddons
krename	libKF6Crash.so.6	kcrash
krename	libKF6GuiAddons.so.6	kguiaddons
krename	libKF6I18n.so.6	ki18n
krename	libKF6IconThemes.so.6	kiconthemes
krename	libKF6ItemViews.so.6	kitemviews
krename	libKF6JobWidgets.so.6	kjobwidgets
krename	libKF6KIOCore.so.6	kio
krename	libKF6KIOFileWidgets.so.6	kio
krename	libKF6KIOGui.so.6	kio
krename	libKF6KIOWidgets.so.6	kio
krename	libKF6Service.so.6	kservice
krename	libKF6Solid.so.6	solid
krename	libKF6WidgetsAddons.so.6	kwidgetsaddons
krename	libKF6XmlGui.so.6	kxmlgui
krename	libOpenGL.so.0	libglvnd
krename	libQt6Core.so.6	qt6
krename	libQt6Core5Compat.so.6	qt6
krename	libQt6DBus.so.6	qt6
krename	libQt6Gui.so.6	qt6
krename	libQt6Network.so.6	qt6
krename	libQt6Qml.so.6	qt6
krename	libQt6Widgets.so.6	qt6
krename	libQt6Xml.so.6	qt6
krename	libc.so.6	aaa_glibc-solibs
krename	libc.so.6	glibc
krename	libexiv2.so.28	exiv2
krename	libfreetype.so.6	freetype
krename	libgcc_s.so.1	aaa_libraries
krename	libgcc_s.so.1	gcc
krename	libm.so.6	aaa_glibc-solibs
krename	libm.so.6	glibc
krename	libstdc++.so.6	aaa_libraries
krename	libstdc++.so.6	gcc-g++
krename	libtag.so.2	taglib
kreversi	libGLX.so.0	libglvnd
kreversi	libKDEGames6.so.6	libkdegames
kreversi	libKF6Bookmarks.so.6	kbookmarks
kreversi	libKF6ColorScheme.so.6	kcolorscheme
kreversi	libKF6Completion.so.6	kcompletion
kreversi	libKF6ConfigCore.so.6	kconfig
kreversi	libKF6ConfigGui.so.6	kconfig
kreversi	libKF6ConfigWidgets.so.6	kconfigwidgets
kreversi	libKF6CoreAddons.so.6	kcoreaddons
kreversi	libKF6Crash.so.6	kcrash
kreversi	libKF6DBusAddons.so.6	kdbusaddons
kreversi	libKF6GuiAddons.so.6	kguiaddons
kreversi	libKF6I18n.so.6	ki18n
kreversi	libKF6I18nQml.so.6	ki18n
kreversi	libKF6IconThemes.so.6	kiconthemes
kreversi	libKF6ItemViews.so.6	kitemviews
kreversi	libKF6JobWidgets.so.6	kjobwidgets
kreversi	libKF6KIOCore.so.6	kio
kreversi	libKF6KIOFileWidgets.so.6	kio
kreversi	libKF6KIOGui.so.6	kio
kreversi	libKF6KIOWidgets.so.6	kio
kreversi	libKF6Service.so.6	kservice
kreversi	libKF6Solid.so.6	solid
kreversi	libKF6WidgetsAddons.so.6	kwidgetsaddons
kreversi	libKF6XmlGui.so.6	kxmlgui
kreversi	libOpenGL.so.0	libglvnd
kreversi	libQt6Core.so.6	qt6
kreversi	libQt6DBus.so.6	qt6
kreversi	libQt6Gui.so.6	qt6
kreversi	libQt6Network.so.6	qt6
kreversi	libQt6OpenGL.so.6	qt6
kreversi	libQt6Qml.so.6	qt6
kreversi	libQt6Quick.so.6	qt6
kreversi	libQt6QuickWidgets.so.6	qt6
kreversi	libQt6Svg.so.6	qt6
kreversi	libQt6Widgets.so.6	qt6
kreversi	libQt6Xml.so.6	qt6
kreversi	libc.so.6	aaa_glibc-solibs
kreversi	libc.so.6	glibc
kreversi	libgcc_s.so.1	aaa_libraries
kreversi	libgcc_s.so.1	gcc
kreversi	libm.so.6	aaa_glibc-solibs
kreversi	libm.so.6	glibc
kreversi	libstdc++.so.6	aaa_libraries
kreversi	libstdc++.so.6	gcc-g++
krfb	libGLX.so.0	libglvnd
krfb	libKF6ColorScheme.so.6	kcolorscheme
krfb	libKF6ConfigCore.so.6	kconfig
krfb	libKF6ConfigGui.so.6	kconfig
krfb	libKF6ConfigWidgets.so.6	kconfigwidgets
krfb	libKF6CoreAddons.so.6	kcoreaddons
krfb	libKF6Crash.so.6	kcrash
krfb	libKF6DBusAddons.so.6	kdbusaddons
krfb	libKF6DNSSD.so.6	kdnssd
krfb	libKF6GuiAddons.so.6	kguiaddons
krfb	libKF6I18n.so.6	ki18n
krfb	libKF6Notifications.so.6	knotifications
krfb	libKF6StatusNotifierItem.so.6	kstatusnotifieritem
krfb	libKF6Wallet.so.6	kwallet
krfb	libKF6WidgetsAddons.so.6	kwidgetsaddons
krfb	libKF6WindowSystem.so.6	kwindowsystem
krfb	libKF6XmlGui.so.6	kxmlgui
krfb	libKPipeWire.so.6	kpipewire
krfb	libKPipeWireDmaBuf.so.6	kpipewire
krfb	libKWaylandClient.so.6	kwayland
krfb	libOpenGL.so.0	libglvnd
krfb	libQt6Core.so.6	qt6
krfb	libQt6DBus.so.6	qt6
krfb	libQt6Gui.so.6	qt6
krfb	libQt6Network.so.6	qt6
krfb	libQt6Widgets.so.6	qt6
krfb	libQt6Xml.so.6	qt6
krfb	libX11.so.6	libX11
krfb	libXdamage.so.1	libXdamage
krfb	libXext.so.6	libXext
krfb	libXtst.so.6	libXtst
krfb	libc.so.6	aaa_glibc-solibs
krfb	libc.so.6	glibc
krfb	libcrypto.so.3	openssl
krfb	libcrypto.so.3	openssl-solibs
krfb	libgcc_s.so.1	aaa_libraries
krfb	libgcc_s.so.1	gcc
krfb	libgcrypt.so.20	libgcrypt
krfb	libgnutls.so.30	gnutls
krfb	libjpeg.so.62	aaa_libraries
krfb	libjpeg.so.62	libjpeg-turbo
krfb	liblzo2.so.2	lzo
krfb	libm.so.6	aaa_glibc-solibs
krfb	libm.so.6	glibc
krfb	libpipewire-0.3.so.0	pipewire
krfb	libpng16.so.16	aaa_libraries
krfb	libpng16.so.16	libpng
krfb	libsasl2.so.3	cyrus-sasl
krfb	libssl.so.3	openssl
krfb	libssl.so.3	openssl-solibs
krfb	libstdc++.so.6	aaa_libraries
krfb	libstdc++.so.6	gcc-g++
krfb	libvncserver.so.1	libvncserver
krfb	libwayland-client.so.0	wayland
krfb	libxcb-damage.so.0	libxcb
krfb	libxcb-image.so.0	xcb-util-image
krfb	libxcb-render.so.0	libxcb
krfb	libxcb-shape.so.0	libxcb
krfb	libxcb-shm.so.0	libxcb
krfb	libxcb-xfixes.so.0	libxcb
krfb	libxcb.so.1	libxcb
krfb	libxkbcommon.so.0	aaa_libraries
krfb	libxkbcommon.so.0	libxkbcommon
krfb	libz.so.1	aaa_libraries
krfb	libz.so.1	zlib
krita	ld-linux-x86-64.so.2	aaa_glibc-solibs
krita	ld-linux-x86-64.so.2	glibc
krita	libGLX.so.0	libglvnd
krita	libIex-3_5.so.34	openexr
krita	libIlmThread-3_5.so.34	openexr
krita	libImath-3_2.so.30	Imath
krita	libKDcrawQt6.so.5	libkdcraw
krita	libKF6ColorScheme.so.6	kcolorscheme
krita	libKF6Completion.so.6	kcompletion
krita	libKF6ConfigCore.so.6	kconfig
krita	libKF6ConfigGui.so.6	kconfig
krita	libKF6CoreAddons.so.6	kcoreaddons
krita	libKF6Crash.so.6	kcrash
krita	libKF6GuiAddons.so.6	kguiaddons
krita	libKF6I18n.so.6	ki18n
krita	libKF6ItemViews.so.6	kitemviews
krita	libKF6WidgetsAddons.so.6	kwidgetsaddons
krita	libKSeExpr.so.6	kseexpr
krita	libKSeExprUI.so.6	kseexpr
krita	libOpenEXR-3_5.so.34	openexr
krita	libOpenEXRCore-3_5.so.34	openexr
krita	libOpenGL.so.0	libglvnd
krita	libQt6Concurrent.so.6	qt6
krita	libQt6Core.so.6	qt6
krita	libQt6Core5Compat.so.6	qt6
krita	libQt6DBus.so.6	qt6
krita	libQt6Gui.so.6	qt6
krita	libQt6Network.so.6	qt6
krita	libQt6OpenGL.so.6	qt6
krita	libQt6OpenGLWidgets.so.6	qt6
krita	libQt6PrintSupport.so.6	qt6
krita	libQt6Qml.so.6	qt6
krita	libQt6Quick.so.6	qt6
krita	libQt6QuickControls2.so.6	qt6
krita	libQt6QuickWidgets.so.6	qt6
krita	libQt6Sql.so.6	qt6
krita	libQt6Svg.so.6	qt6
krita	libQt6SvgWidgets.so.6	qt6
krita	libQt6WaylandClient.so.6	qt6
krita	libQt6Widgets.so.6	qt6
krita	libQt6Xml.so.6	qt6
krita	libSDL2-2.0.so.0	SDL2
krita	libX11.so.6	libX11
krita	libbz2.so.1	aaa_libraries
krita	libbz2.so.1	bzip2
krita	libc.so.6	aaa_glibc-solibs
krita	libc.so.6	glibc
krita	libexiv2.so.28	exiv2
krita	libfftw3.so.3	fftw
krita	libfontconfig.so.1	fontconfig
krita	libfreetype.so.6	freetype
krita	libfribidi.so.0	fribidi
krita	libgcc_s.so.1	aaa_libraries
krita	libgcc_s.so.1	gcc
krita	libgif.so.7	giflib
krita	libglib-2.0.so.0	aaa_libraries
krita	libglib-2.0.so.0	glib2
krita	libgobject-2.0.so.0	aaa_libraries
krita	libgobject-2.0.so.0	glib2
krita	libgsl.so.28	gsl
krita	libgslcblas.so.0	gsl
krita	libharfbuzz.so.0	harfbuzz
krita	libjpeg.so.62	aaa_libraries
krita	libjpeg.so.62	libjpeg-turbo
krita	libjson-c.so.5	aaa_libraries
krita	libjson-c.so.5	json-c
krita	libjxl.so.0.12	libjxl
krita	libjxl_threads.so.0.12	libjxl
krita	liblcms2.so.2	lcms2
krita	libm.so.6	aaa_glibc-solibs
krita	libm.so.6	glibc
krita	libmlt++-7.so.7	mlt
krita	libmlt-7.so.7	mlt
krita	libmypaint.so.0	libmypaint
krita	libopenjp2.so.7	openjpeg
krita	libpng16.so.16	aaa_libraries
krita	libpng16.so.16	libpng
krita	libpoppler-qt6.so.3	poppler
krita	libpoppler.so.165	poppler
krita	libpython3.12.so.1.0	python3
krita	libquazip1-qt6.so.1.7	quazip
krita	libstdc++.so.6	aaa_libraries
krita	libstdc++.so.6	gcc-g++
krita	libtiff.so.6	aaa_libraries
krita	libtiff.so.6	libtiff
krita	libturbojpeg.so.0	aaa_libraries
krita	libturbojpeg.so.0	libjpeg-turbo
krita	libunibreak.so.8	libunibreak
krita	libwayland-client.so.0	wayland
krita	libwayland-cursor.so.0	wayland
krita	libwebp.so.7	libwebp
krita	libwebpdemux.so.2	libwebp
krita	libwebpmux.so.3	libwebp
krita	libxkbcommon.so.0	aaa_libraries
krita	libxkbcommon.so.0	libxkbcommon
krita	libz.so.1	aaa_libraries
krita	libz.so.1	zlib
kross5	libGL.so.1	libglvnd
kross5	libKF5Auth.so.5	kauth5
kross5	libKF5AuthCore.so.5	kauth5
kross5	libKF5Bookmarks.so.5	kbookmarks5
kross5	libKF5Codecs.so.5	kcodecs5
kross5	libKF5Completion.so.5	kcompletion5
kross5	libKF5ConfigCore.so.5	kconfig5
kross5	libKF5ConfigGui.so.5	kconfig5
kross5	libKF5ConfigWidgets.so.5	kconfigwidgets5
kross5	libKF5CoreAddons.so.5	kcoreaddons5
kross5	libKF5I18n.so.5	ki18n5
kross5	libKF5IconThemes.so.5	kiconthemes5
kross5	libKF5ItemViews.so.5	kitemviews5
kross5	libKF5JobWidgets.so.5	kjobwidgets5
kross5	libKF5KIOCore.so.5	kio5
kross5	libKF5KIOFileWidgets.so.5	kio5
kross5	libKF5KIOGui.so.5	kio5
kross5	libKF5KIOWidgets.so.5	kio5
kross5	libKF5Parts.so.5	kparts5
kross5	libKF5Service.so.5	kservice5
kross5	libKF5Solid.so.5	solid5
kross5	libKF5SonnetUi.so.5	sonnet5
kross5	libKF5TextWidgets.so.5	ktextwidgets5
kross5	libKF5WidgetsAddons.so.5	kwidgetsaddons5
kross5	libKF5WindowSystem.so.5	kwindowsystem5
kross5	libKF5XmlGui.so.5	kxmlgui5
kross5	libQt5Concurrent.so.5	qt5
kross5	libQt5Core.so.5	qt5
kross5	libQt5DBus.so.5	qt5
kross5	libQt5Gui.so.5	qt5
kross5	libQt5Network.so.5	qt5
kross5	libQt5Script.so.5	qt5
kross5	libQt5Widgets.so.5	qt5
kross5	libQt5Xml.so.5	qt5
kross5	libX11.so.6	libX11
kross5	libc.so.6	aaa_glibc-solibs
kross5	libc.so.6	glibc
kross5	libgcc_s.so.1	aaa_libraries
kross5	libgcc_s.so.1	gcc
kross5	libm.so.6	aaa_glibc-solibs
kross5	libm.so.6	glibc
kross5	libstdc++.so.6	aaa_libraries
kross5	libstdc++.so.6	gcc-g++
kruler	libGLX.so.0	libglvnd
kruler	libKF6ColorScheme.so.6	kcolorscheme
kruler	libKF6ConfigCore.so.6	kconfig
kruler	libKF6ConfigGui.so.6	kconfig
kruler	libKF6ConfigWidgets.so.6	kconfigwidgets
kruler	libKF6CoreAddons.so.6	kcoreaddons
kruler	libKF6Crash.so.6	kcrash
kruler	libKF6GuiAddons.so.6	kguiaddons
kruler	libKF6I18n.so.6	ki18n
kruler	libKF6Notifications.so.6	knotifications
kruler	libKF6StatusNotifierItem.so.6	kstatusnotifieritem
kruler	libKF6WidgetsAddons.so.6	kwidgetsaddons
kruler	libKF6WindowSystem.so.6	kwindowsystem
kruler	libKF6XmlGui.so.6	kxmlgui
kruler	libOpenGL.so.0	libglvnd
kruler	libQt6Core.so.6	qt6
kruler	libQt6DBus.so.6	qt6
kruler	libQt6Gui.so.6	qt6
kruler	libQt6Widgets.so.6	qt6
kruler	libQt6Xml.so.6	qt6
kruler	libX11.so.6	libX11
kruler	libc.so.6	aaa_glibc-solibs
kruler	libc.so.6	glibc
kruler	libgcc_s.so.1	aaa_libraries
kruler	libgcc_s.so.1	gcc
kruler	libm.so.6	aaa_glibc-solibs
kruler	libm.so.6	glibc
kruler	libstdc++.so.6	aaa_libraries
kruler	libstdc++.so.6	gcc-g++
kruler	libxcb.so.1	libxcb
kruler	libxkbcommon.so.0	aaa_libraries
kruler	libxkbcommon.so.0	libxkbcommon
krunner	libGLX.so.0	libglvnd
krunner	libKF6ConfigCore.so.6	kconfig
krunner	libKF6CoreAddons.so.6	kcoreaddons
krunner	libKF6I18n.so.6	ki18n
krunner	libKF6ItemModels.so.6	kitemmodels
krunner	libKF6WindowSystem.so.6	kwindowsystem
krunner	libOpenGL.so.0	libglvnd
krunner	libQt6Core.so.6	qt6
krunner	libQt6DBus.so.6	qt6
krunner	libQt6Gui.so.6	qt6
krunner	libX11.so.6	libX11
krunner	libc.so.6	aaa_glibc-solibs
krunner	libc.so.6	glibc
krunner	libgcc_s.so.1	aaa_libraries
krunner	libgcc_s.so.1	gcc
krunner	libm.so.6	aaa_glibc-solibs
krunner	libm.so.6	glibc
krunner	libstdc++.so.6	aaa_libraries
krunner	libstdc++.so.6	gcc-g++
krunner5	libKF5Activities.so.5	kactivities5
krunner5	libKF5ConfigCore.so.5	kconfig5
krunner5	libKF5CoreAddons.so.5	kcoreaddons5
krunner5	libKF5I18n.so.5	ki18n5
krunner5	libKF5KIOCore.so.5	kio5
krunner5	libKF5Package.so.5	kpackage5
krunner5	libKF5Plasma.so.5	plasma-framework5
krunner5	libKF5Service.so.5	kservice5
krunner5	libKF5ThreadWeaver.so.5	threadweaver5
krunner5	libQt5Concurrent.so.5	qt5
krunner5	libQt5Core.so.5	qt5
krunner5	libQt5DBus.so.5	qt5
krunner5	libQt5Gui.so.5	qt5
krunner5	libQt5Network.so.5	qt5
krunner5	libQt5Qml.so.5	qt5
krunner5	libQt5QmlModels.so.5	qt5
krunner5	libQt5Quick.so.5	qt5
krunner5	libQt5Widgets.so.5	qt5
krunner5	libc.so.6	aaa_glibc-solibs
krunner5	libc.so.6	glibc
krunner5	libgcc_s.so.1	aaa_libraries
krunner5	libgcc_s.so.1	gcc
krunner5	libm.so.6	aaa_glibc-solibs
krunner5	libm.so.6	glibc
krunner5	libstdc++.so.6	aaa_libraries
krunner5	libstdc++.so.6	gcc-g++
krusader	libGLX.so.0	libglvnd
krusader	libKF6Archive.so.6	karchive
krusader	libKF6Bookmarks.so.6	kbookmarks
krusader	libKF6BookmarksWidgets.so.6	kbookmarks
krusader	libKF6Codecs.so.6	kcodecs
krusader	libKF6ColorScheme.so.6	kcolorscheme
krusader	libKF6Completion.so.6	kcompletion
krusader	libKF6ConfigCore.so.6	kconfig
krusader	libKF6ConfigGui.so.6	kconfig
krusader	libKF6ConfigWidgets.so.6	kconfigwidgets
krusader	libKF6CoreAddons.so.6	kcoreaddons
krusader	libKF6Crash.so.6	kcrash
krusader	libKF6GlobalAccel.so.6	kglobalaccel
krusader	libKF6GuiAddons.so.6	kguiaddons
krusader	libKF6I18n.so.6	ki18n
krusader	libKF6IconThemes.so.6	kiconthemes
krusader	libKF6IconWidgets.so.6	kiconthemes
krusader	libKF6ItemViews.so.6	kitemviews
krusader	libKF6JobWidgets.so.6	kjobwidgets
krusader	libKF6KIOCore.so.6	kio
krusader	libKF6KIOFileWidgets.so.6	kio
krusader	libKF6KIOGui.so.6	kio
krusader	libKF6KIOWidgets.so.6	kio
krusader	libKF6Notifications.so.6	knotifications
krusader	libKF6Parts.so.6	kparts
krusader	libKF6Service.so.6	kservice
krusader	libKF6Solid.so.6	solid
krusader	libKF6SonnetUi.so.6	sonnet
krusader	libKF6StatusNotifierItem.so.6	kstatusnotifieritem
krusader	libKF6TextWidgets.so.6	ktextwidgets
krusader	libKF6Wallet.so.6	kwallet
krusader	libKF6WidgetsAddons.so.6	kwidgetsaddons
krusader	libKF6WindowSystem.so.6	kwindowsystem
krusader	libKF6XmlGui.so.6	kxmlgui
krusader	libOpenGL.so.0	libglvnd
krusader	libQt6Concurrent.so.6	qt6
krusader	libQt6Core.so.6	qt6
krusader	libQt6Core5Compat.so.6	qt6
krusader	libQt6DBus.so.6	qt6
krusader	libQt6Gui.so.6	qt6
krusader	libQt6Network.so.6	qt6
krusader	libQt6PrintSupport.so.6	qt6
krusader	libQt6Widgets.so.6	qt6
krusader	libQt6Xml.so.6	qt6
krusader	libX11.so.6	libX11
krusader	libacl.so.1	aaa_libraries
krusader	libacl.so.1	acl
krusader	libattr.so.1	aaa_libraries
krusader	libattr.so.1	attr
krusader	libc.so.6	aaa_glibc-solibs
krusader	libc.so.6	glibc
krusader	libgcc_s.so.1	aaa_libraries
krusader	libgcc_s.so.1	gcc
krusader	libm.so.6	aaa_glibc-solibs
krusader	libm.so.6	glibc
krusader	libstdc++.so.6	aaa_libraries
krusader	libstdc++.so.6	gcc-g++
krusader	libz.so.1	aaa_libraries
krusader	libz.so.1	zlib
ksanecore	libGLX.so.0	libglvnd
ksanecore	libKF6I18n.so.6	ki18n
ksanecore	libOpenGL.so.0	libglvnd
ksanecore	libQt6Core.so.6	qt6
ksanecore	libQt6Gui.so.6	qt6
ksanecore	libc.so.6	aaa_glibc-solibs
ksanecore	libc.so.6	glibc
ksanecore	libgcc_s.so.1	aaa_libraries
ksanecore	libgcc_s.so.1	gcc
ksanecore	libm.so.6	aaa_glibc-solibs
ksanecore	libm.so.6	glibc
ksanecore	libsane.so.1	sane
ksanecore	libstdc++.so.6	aaa_libraries
ksanecore	libstdc++.so.6	gcc-g++
kscreen	libGLX.so.0	libglvnd
kscreen	libKF6ColorScheme.so.6	kcolorscheme
kscreen	libKF6ConfigCore.so.6	kconfig
kscreen	libKF6ConfigGui.so.6	kconfig
kscreen	libKF6ConfigWidgets.so.6	kconfigwidgets
kscreen	libKF6CoreAddons.so.6	kcoreaddons
kscreen	libKF6Crash.so.6	kcrash
kscreen	libKF6DBusAddons.so.6	kdbusaddons
kscreen	libKF6GuiAddons.so.6	kguiaddons
kscreen	libKF6I18n.so.6	ki18n
kscreen	libKF6I18nQml.so.6	ki18n
kscreen	libKF6KCMUtilsCore.so.6	kcmutils
kscreen	libKF6KCMUtilsQuick.so.6	kcmutils
kscreen	libKF6Screen.so.8	libkscreen
kscreen	libKF6WidgetsAddons.so.6	kwidgetsaddons
kscreen	libKF6WindowSystem.so.6	kwindowsystem
kscreen	libKF6XmlGui.so.6	kxmlgui
kscreen	libKirigamiPlatform.so.6	kirigami
kscreen	libLayerShellQtInterface.so.6	layer-shell-qt
kscreen	libOpenGL.so.0	libglvnd
kscreen	libPlasma.so.7	libplasma
kscreen	libPlasmaQuick.so.7	libplasma
kscreen	libQt6Core.so.6	qt6
kscreen	libQt6DBus.so.6	qt6
kscreen	libQt6Gui.so.6	qt6
kscreen	libQt6Network.so.6	qt6
kscreen	libQt6OpenGL.so.6	qt6
kscreen	libQt6Qml.so.6	qt6
kscreen	libQt6Quick.so.6	qt6
kscreen	libQt6QuickControls2.so.6	qt6
kscreen	libQt6WaylandClient.so.6	qt6
kscreen	libQt6Widgets.so.6	qt6
kscreen	libQt6Xml.so.6	qt6
kscreen	libX11-xcb.so.1	libX11
kscreen	libX11.so.6	libX11
kscreen	libXext.so.6	libXext
kscreen	libXi.so.6	libXi
kscreen	libc.so.6	aaa_glibc-solibs
kscreen	libc.so.6	glibc
kscreen	libgcc_s.so.1	aaa_libraries
kscreen	libgcc_s.so.1	gcc
kscreen	libm.so.6	aaa_glibc-solibs
kscreen	libm.so.6	glibc
kscreen	libstdc++.so.6	aaa_libraries
kscreen	libstdc++.so.6	gcc-g++
kscreen	libwayland-client.so.0	wayland
kscreen	libwayland-cursor.so.0	wayland
kscreen	libxcb-util.so.1	xcb-util
kscreen	libxcb.so.1	libxcb
kscreen	libxkbcommon.so.0	aaa_libraries
kscreen	libxkbcommon.so.0	libxkbcommon
kscreenlocker	libGLX.so.0	libglvnd
kscreenlocker	libKF6ColorScheme.so.6	kcolorscheme
kscreenlocker	libKF6ConfigCore.so.6	kconfig
kscreenlocker	libKF6ConfigGui.so.6	kconfig
kscreenlocker	libKF6ConfigQml.so.6	kconfig
kscreenlocker	libKF6ConfigWidgets.so.6	kconfigwidgets
kscreenlocker	libKF6CoreAddons.so.6	kcoreaddons
kscreenlocker	libKF6Crash.so.6	kcrash
kscreenlocker	libKF6GlobalAccel.so.6	kglobalaccel
kscreenlocker	libKF6GuiAddons.so.6	kguiaddons
kscreenlocker	libKF6I18n.so.6	ki18n
kscreenlocker	libKF6I18nQml.so.6	ki18n
kscreenlocker	libKF6IdleTime.so.6	kidletime
kscreenlocker	libKF6KCMUtilsCore.so.6	kcmutils
kscreenlocker	libKF6KCMUtilsQuick.so.6	kcmutils
kscreenlocker	libKF6KIOCore.so.6	kio
kscreenlocker	libKF6Notifications.so.6	knotifications
kscreenlocker	libKF6Package.so.6	kpackage
kscreenlocker	libKF6ScreenDpms.so.8	libkscreen
kscreenlocker	libKF6WidgetsAddons.so.6	kwidgetsaddons
kscreenlocker	libKF6WindowSystem.so.6	kwindowsystem
kscreenlocker	libKF6XmlGui.so.6	kxmlgui
kscreenlocker	libKirigamiPlatform.so.6	kirigami
kscreenlocker	libLayerShellQtInterface.so.6	layer-shell-qt
kscreenlocker	libOpenGL.so.0	libglvnd
kscreenlocker	libPlasma.so.7	libplasma
kscreenlocker	libPlasmaQuick.so.7	libplasma
kscreenlocker	libQt6Core.so.6	qt6
kscreenlocker	libQt6DBus.so.6	qt6
kscreenlocker	libQt6Gui.so.6	qt6
kscreenlocker	libQt6Network.so.6	qt6
kscreenlocker	libQt6OpenGL.so.6	qt6
kscreenlocker	libQt6Qml.so.6	qt6
kscreenlocker	libQt6Quick.so.6	qt6
kscreenlocker	libQt6Widgets.so.6	qt6
kscreenlocker	libQt6Xml.so.6	qt6
kscreenlocker	libX11.so.6	libX11
kscreenlocker	libXext.so.6	libXext
kscreenlocker	libXi.so.6	libXi
kscreenlocker	libc.so.6	aaa_glibc-solibs
kscreenlocker	libc.so.6	glibc
kscreenlocker	libgcc_s.so.1	aaa_libraries
kscreenlocker	libgcc_s.so.1	gcc
kscreenlocker	libm.so.6	aaa_glibc-solibs
kscreenlocker	libm.so.6	glibc
kscreenlocker	libpam.so.0	pam
kscreenlocker	libstdc++.so.6	aaa_libraries
kscreenlocker	libstdc++.so.6	gcc-g++
kscreenlocker	libwayland-client.so.0	wayland
kscreenlocker	libwayland-server.so.0	wayland
kscreenlocker	libxcb-keysyms.so.1	xcb-util-keysyms
kscreenlocker	libxcb-util.so.1	xcb-util
kscreenlocker	libxcb.so.1	libxcb
kseexpr	libGLX.so.0	libglvnd
kseexpr	libKF6I18n.so.6	ki18n
kseexpr	libOpenGL.so.0	libglvnd
kseexpr	libQt6Core.so.6	qt6
kseexpr	libQt6Gui.so.6	qt6
kseexpr	libQt6Widgets.so.6	qt6
kseexpr	libc.so.6	aaa_glibc-solibs
kseexpr	libc.so.6	glibc
kseexpr	libgcc_s.so.1	aaa_libraries
kseexpr	libgcc_s.so.1	gcc
kseexpr	libm.so.6	aaa_glibc-solibs
kseexpr	libm.so.6	glibc
kseexpr	libstdc++.so.6	aaa_libraries
kseexpr	libstdc++.so.6	gcc-g++
kservice	ld-linux-x86-64.so.2	aaa_glibc-solibs
kservice	ld-linux-x86-64.so.2	glibc
kservice	libKF6ConfigCore.so.6	kconfig
kservice	libKF6CoreAddons.so.6	kcoreaddons
kservice	libKF6I18n.so.6	ki18n
kservice	libQt6Core.so.6	qt6
kservice	libQt6Xml.so.6	qt6
kservice	libc.so.6	aaa_glibc-solibs
kservice	libc.so.6	glibc
kservice	libgcc_s.so.1	aaa_libraries
kservice	libgcc_s.so.1	gcc
kservice	libm.so.6	aaa_glibc-solibs
kservice	libm.so.6	glibc
kservice	libstdc++.so.6	aaa_libraries
kservice	libstdc++.so.6	gcc-g++
kservice5	libKF5ConfigCore.so.5	kconfig5
kservice5	libKF5CoreAddons.so.5	kcoreaddons5
kservice5	libKF5DBusAddons.so.5	kdbusaddons5
kservice5	libKF5I18n.so.5	ki18n5
kservice5	libQt5Core.so.5	qt5
kservice5	libQt5DBus.so.5	qt5
kservice5	libQt5Xml.so.5	qt5
kservice5	libc.so.6	aaa_glibc-solibs
kservice5	libc.so.6	glibc
kservice5	libgcc_s.so.1	aaa_libraries
kservice5	libgcc_s.so.1	gcc
kservice5	libm.so.6	aaa_glibc-solibs
kservice5	libm.so.6	glibc
kservice5	libstdc++.so.6	aaa_libraries
kservice5	libstdc++.so.6	gcc-g++
ksh93	libc.so.6	aaa_glibc-solibs
ksh93	libc.so.6	glibc
ksh93	libm.so.6	aaa_glibc-solibs
ksh93	libm.so.6	glibc
kshisen	libGLX.so.0	libglvnd
kshisen	libKDEGames6.so.6	libkdegames
kshisen	libKF6ColorScheme.so.6	kcolorscheme
kshisen	libKF6ConfigCore.so.6	kconfig
kshisen	libKF6ConfigGui.so.6	kconfig
kshisen	libKF6ConfigWidgets.so.6	kconfigwidgets
kshisen	libKF6CoreAddons.so.6	kcoreaddons
kshisen	libKF6Crash.so.6	kcrash
kshisen	libKF6DBusAddons.so.6	kdbusaddons
kshisen	libKF6GuiAddons.so.6	kguiaddons
kshisen	libKF6I18n.so.6	ki18n
kshisen	libKF6IconThemes.so.6	kiconthemes
kshisen	libKF6WidgetsAddons.so.6	kwidgetsaddons
kshisen	libKF6XmlGui.so.6	kxmlgui
kshisen	libKMahjongg6.so.6	libkmahjongg
kshisen	libOpenGL.so.0	libglvnd
kshisen	libQt6Core.so.6	qt6
kshisen	libQt6DBus.so.6	qt6
kshisen	libQt6Gui.so.6	qt6
kshisen	libQt6Network.so.6	qt6
kshisen	libQt6Qml.so.6	qt6
kshisen	libQt6Widgets.so.6	qt6
kshisen	libQt6Xml.so.6	qt6
kshisen	libc.so.6	aaa_glibc-solibs
kshisen	libc.so.6	glibc
kshisen	libgcc_s.so.1	aaa_libraries
kshisen	libgcc_s.so.1	gcc
kshisen	libm.so.6	aaa_glibc-solibs
kshisen	libm.so.6	glibc
kshisen	libstdc++.so.6	aaa_libraries
kshisen	libstdc++.so.6	gcc-g++
ksirk	libGLX.so.0	libglvnd
ksirk	libKDEGames6.so.6	libkdegames
ksirk	libKDEGames6Private.so.6	libkdegames
ksirk	libKF6Attica.so.6	attica
ksirk	libKF6ColorScheme.so.6	kcolorscheme
ksirk	libKF6Completion.so.6	kcompletion
ksirk	libKF6ConfigCore.so.6	kconfig
ksirk	libKF6ConfigGui.so.6	kconfig
ksirk	libKF6ConfigWidgets.so.6	kconfigwidgets
ksirk	libKF6CoreAddons.so.6	kcoreaddons
ksirk	libKF6Crash.so.6	kcrash
ksirk	libKF6DBusAddons.so.6	kdbusaddons
ksirk	libKF6GuiAddons.so.6	kguiaddons
ksirk	libKF6I18n.so.6	ki18n
ksirk	libKF6NewStuffCore.so.6	knewstuff
ksirk	libKF6NewStuffWidgets.so.6	knewstuff
ksirk	libKF6WidgetsAddons.so.6	kwidgetsaddons
ksirk	libKF6XmlGui.so.6	kxmlgui
ksirk	libOpenGL.so.0	libglvnd
ksirk	libQt6Core.so.6	qt6
ksirk	libQt6Core5Compat.so.6	qt6
ksirk	libQt6DBus.so.6	qt6
ksirk	libQt6Gui.so.6	qt6
ksirk	libQt6Multimedia.so.6	qt6
ksirk	libQt6Network.so.6	qt6
ksirk	libQt6Qml.so.6	qt6
ksirk	libQt6Svg.so.6	qt6
ksirk	libQt6SvgWidgets.so.6	qt6
ksirk	libQt6Widgets.so.6	qt6
ksirk	libQt6Xml.so.6	qt6
ksirk	libc.so.6	aaa_glibc-solibs
ksirk	libc.so.6	glibc
ksirk	libgcc_s.so.1	aaa_libraries
ksirk	libgcc_s.so.1	gcc
ksirk	libm.so.6	aaa_glibc-solibs
ksirk	libm.so.6	glibc
ksirk	libstdc++.so.6	aaa_libraries
ksirk	libstdc++.so.6	gcc-g++
ksmtp	libKF6CoreAddons.so.6	kcoreaddons
ksmtp	libKF6I18n.so.6	ki18n
ksmtp	libKF6KIOCore.so.6	kio
ksmtp	libQt6Core.so.6	qt6
ksmtp	libQt6DBus.so.6	qt6
ksmtp	libQt6Network.so.6	qt6
ksmtp	libc.so.6	aaa_glibc-solibs
ksmtp	libc.so.6	glibc
ksmtp	libgcc_s.so.1	aaa_libraries
ksmtp	libgcc_s.so.1	gcc
ksmtp	libm.so.6	aaa_glibc-solibs
ksmtp	libm.so.6	glibc
ksmtp	libsasl2.so.3	cyrus-sasl
ksmtp	libstdc++.so.6	aaa_libraries
ksmtp	libstdc++.so.6	gcc-g++
ksnakeduel	libGLX.so.0	libglvnd
ksnakeduel	libKDEGames6.so.6	libkdegames
ksnakeduel	libKF6ColorScheme.so.6	kcolorscheme
ksnakeduel	libKF6Completion.so.6	kcompletion
ksnakeduel	libKF6ConfigCore.so.6	kconfig
ksnakeduel	libKF6ConfigGui.so.6	kconfig
ksnakeduel	libKF6ConfigWidgets.so.6	kconfigwidgets
ksnakeduel	libKF6CoreAddons.so.6	kcoreaddons
ksnakeduel	libKF6Crash.so.6	kcrash
ksnakeduel	libKF6DBusAddons.so.6	kdbusaddons
ksnakeduel	libKF6GuiAddons.so.6	kguiaddons
ksnakeduel	libKF6I18n.so.6	ki18n
ksnakeduel	libKF6IconThemes.so.6	kiconthemes
ksnakeduel	libKF6WidgetsAddons.so.6	kwidgetsaddons
ksnakeduel	libKF6XmlGui.so.6	kxmlgui
ksnakeduel	libOpenGL.so.0	libglvnd
ksnakeduel	libQt6Core.so.6	qt6
ksnakeduel	libQt6DBus.so.6	qt6
ksnakeduel	libQt6Gui.so.6	qt6
ksnakeduel	libQt6Network.so.6	qt6
ksnakeduel	libQt6Qml.so.6	qt6
ksnakeduel	libQt6Svg.so.6	qt6
ksnakeduel	libQt6Widgets.so.6	qt6
ksnakeduel	libQt6Xml.so.6	qt6
ksnakeduel	libc.so.6	aaa_glibc-solibs
ksnakeduel	libc.so.6	glibc
ksnakeduel	libgcc_s.so.1	aaa_libraries
ksnakeduel	libgcc_s.so.1	gcc
ksnakeduel	libm.so.6	aaa_glibc-solibs
ksnakeduel	libm.so.6	glibc
ksnakeduel	libstdc++.so.6	aaa_libraries
ksnakeduel	libstdc++.so.6	gcc-g++
kspaceduel	libGLX.so.0	libglvnd
kspaceduel	libKDEGames6.so.6	libkdegames
kspaceduel	libKF6ColorScheme.so.6	kcolorscheme
kspaceduel	libKF6Completion.so.6	kcompletion
kspaceduel	libKF6ConfigCore.so.6	kconfig
kspaceduel	libKF6ConfigGui.so.6	kconfig
kspaceduel	libKF6ConfigWidgets.so.6	kconfigwidgets
kspaceduel	libKF6CoreAddons.so.6	kcoreaddons
kspaceduel	libKF6Crash.so.6	kcrash
kspaceduel	libKF6DBusAddons.so.6	kdbusaddons
kspaceduel	libKF6GuiAddons.so.6	kguiaddons
kspaceduel	libKF6I18n.so.6	ki18n
kspaceduel	libKF6WidgetsAddons.so.6	kwidgetsaddons
kspaceduel	libKF6XmlGui.so.6	kxmlgui
kspaceduel	libOpenGL.so.0	libglvnd
kspaceduel	libQt6Core.so.6	qt6
kspaceduel	libQt6DBus.so.6	qt6
kspaceduel	libQt6Gui.so.6	qt6
kspaceduel	libQt6Network.so.6	qt6
kspaceduel	libQt6Qml.so.6	qt6
kspaceduel	libQt6Svg.so.6	qt6
kspaceduel	libQt6SvgWidgets.so.6	qt6
kspaceduel	libQt6Widgets.so.6	qt6
kspaceduel	libQt6Xml.so.6	qt6
kspaceduel	libc.so.6	aaa_glibc-solibs
kspaceduel	libc.so.6	glibc
kspaceduel	libgcc_s.so.1	aaa_libraries
kspaceduel	libgcc_s.so.1	gcc
kspaceduel	libm.so.6	aaa_glibc-solibs
kspaceduel	libm.so.6	glibc
kspaceduel	libstdc++.so.6	aaa_libraries
kspaceduel	libstdc++.so.6	gcc-g++
ksquares	libGLX.so.0	libglvnd
ksquares	libKDEGames6.so.6	libkdegames
ksquares	libKF6ColorScheme.so.6	kcolorscheme
ksquares	libKF6Completion.so.6	kcompletion
ksquares	libKF6ConfigCore.so.6	kconfig
ksquares	libKF6ConfigGui.so.6	kconfig
ksquares	libKF6ConfigWidgets.so.6	kconfigwidgets
ksquares	libKF6CoreAddons.so.6	kcoreaddons
ksquares	libKF6Crash.so.6	kcrash
ksquares	libKF6DBusAddons.so.6	kdbusaddons
ksquares	libKF6GuiAddons.so.6	kguiaddons
ksquares	libKF6I18n.so.6	ki18n
ksquares	libKF6WidgetsAddons.so.6	kwidgetsaddons
ksquares	libKF6XmlGui.so.6	kxmlgui
ksquares	libOpenGL.so.0	libglvnd
ksquares	libQt6Core.so.6	qt6
ksquares	libQt6DBus.so.6	qt6
ksquares	libQt6Gui.so.6	qt6
ksquares	libQt6Network.so.6	qt6
ksquares	libQt6Qml.so.6	qt6
ksquares	libQt6Widgets.so.6	qt6
ksquares	libQt6Xml.so.6	qt6
ksquares	libc.so.6	aaa_glibc-solibs
ksquares	libc.so.6	glibc
ksquares	libgcc_s.so.1	aaa_libraries
ksquares	libgcc_s.so.1	gcc
ksquares	libm.so.6	aaa_glibc-solibs
ksquares	libm.so.6	glibc
ksquares	libstdc++.so.6	aaa_libraries
ksquares	libstdc++.so.6	gcc-g++
ksshaskpass	libGLX.so.0	libglvnd
ksshaskpass	libKF6CoreAddons.so.6	kcoreaddons
ksshaskpass	libKF6I18n.so.6	ki18n
ksshaskpass	libKF6WidgetsAddons.so.6	kwidgetsaddons
ksshaskpass	libOpenGL.so.0	libglvnd
ksshaskpass	libQt6Core.so.6	qt6
ksshaskpass	libQt6DBus.so.6	qt6
ksshaskpass	libQt6Gui.so.6	qt6
ksshaskpass	libQt6Widgets.so.6	qt6
ksshaskpass	libc.so.6	aaa_glibc-solibs
ksshaskpass	libc.so.6	glibc
ksshaskpass	libgcc_s.so.1	aaa_libraries
ksshaskpass	libgcc_s.so.1	gcc
ksshaskpass	libm.so.6	aaa_glibc-solibs
ksshaskpass	libm.so.6	glibc
ksshaskpass	libqt6keychain.so.1	qtkeychain
ksshaskpass	libstdc++.so.6	aaa_libraries
ksshaskpass	libstdc++.so.6	gcc-g++
kstars	libGLX.so.0	libglvnd
kstars	libKF6Attica.so.6	attica
kstars	libKF6Bookmarks.so.6	kbookmarks
kstars	libKF6ColorScheme.so.6	kcolorscheme
kstars	libKF6Completion.so.6	kcompletion
kstars	libKF6ConfigCore.so.6	kconfig
kstars	libKF6ConfigGui.so.6	kconfig
kstars	libKF6ConfigWidgets.so.6	kconfigwidgets
kstars	libKF6CoreAddons.so.6	kcoreaddons
kstars	libKF6DBusAddons.so.6	kdbusaddons
kstars	libKF6GuiAddons.so.6	kguiaddons
kstars	libKF6I18n.so.6	ki18n
kstars	libKF6ItemViews.so.6	kitemviews
kstars	libKF6JobWidgets.so.6	kjobwidgets
kstars	libKF6KIOCore.so.6	kio
kstars	libKF6KIOFileWidgets.so.6	kio
kstars	libKF6KIOGui.so.6	kio
kstars	libKF6KIOWidgets.so.6	kio
kstars	libKF6NewStuffCore.so.6	knewstuff
kstars	libKF6NewStuffWidgets.so.6	knewstuff
kstars	libKF6Notifications.so.6	knotifications
kstars	libKF6NotifyConfig.so.6	knotifyconfig
kstars	libKF6Plotting.so.6	kplotting
kstars	libKF6Service.so.6	kservice
kstars	libKF6Solid.so.6	solid
kstars	libKF6WidgetsAddons.so.6	kwidgetsaddons
kstars	libKF6XmlGui.so.6	kxmlgui
kstars	libOpenGL.so.0	libglvnd
kstars	libQt6Concurrent.so.6	qt6
kstars	libQt6Core.so.6	qt6
kstars	libQt6DBus.so.6	qt6
kstars	libQt6Graphs.so.6	qt6
kstars	libQt6GraphsWidgets.so.6	qt6
kstars	libQt6Gui.so.6	qt6
kstars	libQt6Network.so.6	qt6
kstars	libQt6OpenGL.so.6	qt6
kstars	libQt6PrintSupport.so.6	qt6
kstars	libQt6Qml.so.6	qt6
kstars	libQt6Quick.so.6	qt6
kstars	libQt6Quick3D.so.6	qt6
kstars	libQt6Quick3DRuntimeRender.so.6	qt6
kstars	libQt6Quick3DUtils.so.6	qt6
kstars	libQt6QuickWidgets.so.6	qt6
kstars	libQt6ShaderTools.so.6	qt6
kstars	libQt6Sql.so.6	qt6
kstars	libQt6Svg.so.6	qt6
kstars	libQt6SvgWidgets.so.6	qt6
kstars	libQt6WebSockets.so.6	qt6
kstars	libQt6Widgets.so.6	qt6
kstars	libQt6Xml.so.6	qt6
kstars	libc.so.6	aaa_glibc-solibs
kstars	libc.so.6	glibc
kstars	libcfitsio.so.10	cfitsio
kstars	libcurl.so.4	aaa_libraries
kstars	libcurl.so.4	curl
kstars	libgcc_s.so.1	aaa_libraries
kstars	libgcc_s.so.1	gcc
kstars	libgsl.so.28	gsl
kstars	libgslcblas.so.0	gsl
kstars	libindiclient.so.2	libindi
kstars	libm.so.6	aaa_glibc-solibs
kstars	libm.so.6	glibc
kstars	libnova-0.15.so.0	libnova
kstars	libopencv_calib.so.500	opencv
kstars	libopencv_core.so.500	opencv
kstars	libopencv_dnn.so.500	opencv
kstars	libopencv_features.so.500	opencv
kstars	libopencv_flann.so.500	opencv
kstars	libopencv_geometry.so.500	opencv
kstars	libopencv_imgcodecs.so.500	opencv
kstars	libopencv_imgproc.so.500	opencv
kstars	libopencv_objdetect.so.500	opencv
kstars	libopencv_photo.so.500	opencv
kstars	libopencv_stereo.so.500	opencv
kstars	libqt6keychain.so.1	qtkeychain
kstars	libraw.so.25	LibRaw
kstars	libstdc++.so.6	aaa_libraries
kstars	libstdc++.so.6	gcc-g++
kstars	libstellarsolver6.so.2	stellarsolver
kstars	libwcs.so.8	wcslib
kstars	libz.so.1	aaa_libraries
kstars	libz.so.1	zlib
kstatusnotifieritem	libGLX.so.0	libglvnd
kstatusnotifieritem	libKF6WindowSystem.so.6	kwindowsystem
kstatusnotifieritem	libOpenGL.so.0	libglvnd
kstatusnotifieritem	libQt6Core.so.6	qt6
kstatusnotifieritem	libQt6DBus.so.6	qt6
kstatusnotifieritem	libQt6Gui.so.6	qt6
kstatusnotifieritem	libQt6Widgets.so.6	qt6
kstatusnotifieritem	libX11.so.6	libX11
kstatusnotifieritem	libc.so.6	aaa_glibc-solibs
kstatusnotifieritem	libc.so.6	glibc
kstatusnotifieritem	libgcc_s.so.1	aaa_libraries
kstatusnotifieritem	libgcc_s.so.1	gcc
kstatusnotifieritem	libm.so.6	aaa_glibc-solibs
kstatusnotifieritem	libm.so.6	glibc
kstatusnotifieritem	libstdc++.so.6	aaa_libraries
kstatusnotifieritem	libstdc++.so.6	gcc-g++
ksudoku	libGLU.so.1	glu
ksudoku	libGLX.so.0	libglvnd
ksudoku	libKDEGames6.so.6	libkdegames
ksudoku	libKF6Archive.so.6	karchive
ksudoku	libKF6ColorScheme.so.6	kcolorscheme
ksudoku	libKF6ConfigCore.so.6	kconfig
ksudoku	libKF6ConfigGui.so.6	kconfig
ksudoku	libKF6ConfigWidgets.so.6	kconfigwidgets
ksudoku	libKF6CoreAddons.so.6	kcoreaddons
ksudoku	libKF6Crash.so.6	kcrash
ksudoku	libKF6DBusAddons.so.6	kdbusaddons
ksudoku	libKF6GuiAddons.so.6	kguiaddons
ksudoku	libKF6I18n.so.6	ki18n
ksudoku	libKF6JobWidgets.so.6	kjobwidgets
ksudoku	libKF6KIOCore.so.6	kio
ksudoku	libKF6WidgetsAddons.so.6	kwidgetsaddons
ksudoku	libKF6XmlGui.so.6	kxmlgui
ksudoku	libOpenGL.so.0	libglvnd
ksudoku	libQt6Core.so.6	qt6
ksudoku	libQt6DBus.so.6	qt6
ksudoku	libQt6Gui.so.6	qt6
ksudoku	libQt6Network.so.6	qt6
ksudoku	libQt6OpenGL.so.6	qt6
ksudoku	libQt6OpenGLWidgets.so.6	qt6
ksudoku	libQt6PrintSupport.so.6	qt6
ksudoku	libQt6Qml.so.6	qt6
ksudoku	libQt6Svg.so.6	qt6
ksudoku	libQt6Widgets.so.6	qt6
ksudoku	libQt6Xml.so.6	qt6
ksudoku	libc.so.6	aaa_glibc-solibs
ksudoku	libc.so.6	glibc
ksudoku	libgcc_s.so.1	aaa_libraries
ksudoku	libgcc_s.so.1	gcc
ksudoku	libm.so.6	aaa_glibc-solibs
ksudoku	libm.so.6	glibc
ksudoku	libstdc++.so.6	aaa_libraries
ksudoku	libstdc++.so.6	gcc-g++
ksvg	libGLX.so.0	libglvnd
ksvg	libKF6Archive.so.6	karchive
ksvg	libKF6ColorScheme.so.6	kcolorscheme
ksvg	libKF6ConfigCore.so.6	kconfig
ksvg	libKF6CoreAddons.so.6	kcoreaddons
ksvg	libKF6GuiAddons.so.6	kguiaddons
ksvg	libKirigamiPlatform.so.6	kirigami
ksvg	libOpenGL.so.0	libglvnd
ksvg	libQt6Core.so.6	qt6
ksvg	libQt6Gui.so.6	qt6
ksvg	libQt6Network.so.6	qt6
ksvg	libQt6OpenGL.so.6	qt6
ksvg	libQt6Qml.so.6	qt6
ksvg	libQt6Quick.so.6	qt6
ksvg	libQt6Svg.so.6	qt6
ksvg	libc.so.6	aaa_glibc-solibs
ksvg	libc.so.6	glibc
ksvg	libgcc_s.so.1	aaa_libraries
ksvg	libgcc_s.so.1	gcc
ksvg	libm.so.6	aaa_glibc-solibs
ksvg	libm.so.6	glibc
ksvg	libstdc++.so.6	aaa_libraries
ksvg	libstdc++.so.6	gcc-g++
ksystemlog	libGLX.so.0	libglvnd
ksystemlog	libKF6Archive.so.6	karchive
ksystemlog	libKF6ColorScheme.so.6	kcolorscheme
ksystemlog	libKF6Completion.so.6	kcompletion
ksystemlog	libKF6ConfigCore.so.6	kconfig
ksystemlog	libKF6ConfigGui.so.6	kconfig
ksystemlog	libKF6ConfigWidgets.so.6	kconfigwidgets
ksystemlog	libKF6CoreAddons.so.6	kcoreaddons
ksystemlog	libKF6Crash.so.6	kcrash
ksystemlog	libKF6GuiAddons.so.6	kguiaddons
ksystemlog	libKF6I18n.so.6	ki18n
ksystemlog	libKF6ItemViews.so.6	kitemviews
ksystemlog	libKF6JobWidgets.so.6	kjobwidgets
ksystemlog	libKF6KIOCore.so.6	kio
ksystemlog	libKF6KIOGui.so.6	kio
ksystemlog	libKF6KIOWidgets.so.6	kio
ksystemlog	libKF6Service.so.6	kservice
ksystemlog	libKF6SonnetUi.so.6	sonnet
ksystemlog	libKF6TextWidgets.so.6	ktextwidgets
ksystemlog	libKF6WidgetsAddons.so.6	kwidgetsaddons
ksystemlog	libKF6XmlGui.so.6	kxmlgui
ksystemlog	libOpenGL.so.0	libglvnd
ksystemlog	libQt6Core.so.6	qt6
ksystemlog	libQt6DBus.so.6	qt6
ksystemlog	libQt6Gui.so.6	qt6
ksystemlog	libQt6Network.so.6	qt6
ksystemlog	libQt6PrintSupport.so.6	qt6
ksystemlog	libQt6Widgets.so.6	qt6
ksystemlog	libQt6Xml.so.6	qt6
ksystemlog	libc.so.6	aaa_glibc-solibs
ksystemlog	libc.so.6	glibc
ksystemlog	libgcc_s.so.1	aaa_libraries
ksystemlog	libgcc_s.so.1	gcc
ksystemlog	libm.so.6	aaa_glibc-solibs
ksystemlog	libm.so.6	glibc
ksystemlog	libstdc++.so.6	aaa_libraries
ksystemlog	libstdc++.so.6	gcc-g++
ksystemstats	libGLX.so.0	libglvnd
ksystemstats	libKF6CoreAddons.so.6	kcoreaddons
ksystemstats	libKF6Crash.so.6	kcrash
ksystemstats	libKF6I18n.so.6	ki18n
ksystemstats	libKF6KIOCore.so.6	kio
ksystemstats	libKF6NetworkManagerQt.so.6	networkmanager-qt
ksystemstats	libKF6Service.so.6	kservice
ksystemstats	libKF6Solid.so.6	solid
ksystemstats	libKSysGuardFormatter.so.2	libksysguard
ksystemstats	libKSysGuardSystemStats.so.2	libksysguard
ksystemstats	libOpenGL.so.0	libglvnd
ksystemstats	libQt6Core.so.6	qt6
ksystemstats	libQt6DBus.so.6	qt6
ksystemstats	libQt6Gui.so.6	qt6
ksystemstats	libQt6Network.so.6	qt6
ksystemstats	libQt6Qml.so.6	qt6
ksystemstats	libc.so.6	aaa_glibc-solibs
ksystemstats	libc.so.6	glibc
ksystemstats	libgcc_s.so.1	aaa_libraries
ksystemstats	libgcc_s.so.1	gcc
ksystemstats	libgio-2.0.so.0	glib2
ksystemstats	libglib-2.0.so.0	aaa_libraries
ksystemstats	libglib-2.0.so.0	glib2
ksystemstats	libgobject-2.0.so.0	aaa_libraries
ksystemstats	libgobject-2.0.so.0	glib2
ksystemstats	libm.so.6	aaa_glibc-solibs
ksystemstats	libm.so.6	glibc
ksystemstats	libnl-3.so.200	libnl3
ksystemstats	libnl-route-3.so.200	libnl3
ksystemstats	libnm.so.0	NetworkManager
ksystemstats	libprocesscore.so.11	libksysguard
ksystemstats	libsensors.so.5	lm_sensors
ksystemstats	libstdc++.so.6	aaa_libraries
ksystemstats	libstdc++.so.6	gcc-g++
ksystemstats	libudev.so.1	aaa_libraries
ksystemstats	libudev.so.1	eudev
kteatime	libGLX.so.0	libglvnd
kteatime	libKF6ColorScheme.so.6	kcolorscheme
kteatime	libKF6ConfigCore.so.6	kconfig
kteatime	libKF6ConfigGui.so.6	kconfig
kteatime	libKF6ConfigWidgets.so.6	kconfigwidgets
kteatime	libKF6CoreAddons.so.6	kcoreaddons
kteatime	libKF6Crash.so.6	kcrash
kteatime	libKF6GuiAddons.so.6	kguiaddons
kteatime	libKF6I18n.so.6	ki18n
kteatime	libKF6IconThemes.so.6	kiconthemes
kteatime	libKF6Notifications.so.6	knotifications
kteatime	libKF6NotifyConfig.so.6	knotifyconfig
kteatime	libKF6SonnetUi.so.6	sonnet
kteatime	libKF6StatusNotifierItem.so.6	kstatusnotifieritem
kteatime	libKF6TextWidgets.so.6	ktextwidgets
kteatime	libKF6WidgetsAddons.so.6	kwidgetsaddons
kteatime	libKF6XmlGui.so.6	kxmlgui
kteatime	libOpenGL.so.0	libglvnd
kteatime	libQt6Core.so.6	qt6
kteatime	libQt6DBus.so.6	qt6
kteatime	libQt6Gui.so.6	qt6
kteatime	libQt6Widgets.so.6	qt6
kteatime	libQt6Xml.so.6	qt6
kteatime	libc.so.6	aaa_glibc-solibs
kteatime	libc.so.6	glibc
kteatime	libgcc_s.so.1	aaa_libraries
kteatime	libgcc_s.so.1	gcc
kteatime	libm.so.6	aaa_glibc-solibs
kteatime	libm.so.6	glibc
kteatime	libstdc++.so.6	aaa_libraries
kteatime	libstdc++.so.6	gcc-g++
ktextaddons	libGLX.so.0	libglvnd
ktextaddons	libKF6Archive.so.6	karchive
ktextaddons	libKF6Bookmarks.so.6	kbookmarks
ktextaddons	libKF6ColorScheme.so.6	kcolorscheme
ktextaddons	libKF6Completion.so.6	kcompletion
ktextaddons	libKF6ConfigCore.so.6	kconfig
ktextaddons	libKF6ConfigGui.so.6	kconfig
ktextaddons	libKF6CoreAddons.so.6	kcoreaddons
ktextaddons	libKF6I18n.so.6	ki18n
ktextaddons	libKF6IconThemes.so.6	kiconthemes
ktextaddons	libKF6ItemViews.so.6	kitemviews
ktextaddons	libKF6JobWidgets.so.6	kjobwidgets
ktextaddons	libKF6KIOCore.so.6	kio
ktextaddons	libKF6KIOFileWidgets.so.6	kio
ktextaddons	libKF6KIOGui.so.6	kio
ktextaddons	libKF6KIOWidgets.so.6	kio
ktextaddons	libKF6Service.so.6	kservice
ktextaddons	libKF6Solid.so.6	solid
ktextaddons	libKF6SonnetCore.so.6	sonnet
ktextaddons	libKF6SonnetUi.so.6	sonnet
ktextaddons	libKF6SyntaxHighlighting.so.6	syntax-highlighting
ktextaddons	libKF6TextWidgets.so.6	ktextwidgets
ktextaddons	libKF6WidgetsAddons.so.6	kwidgetsaddons
ktextaddons	libOpenGL.so.0	libglvnd
ktextaddons	libQt6Core.so.6	qt6
ktextaddons	libQt6DBus.so.6	qt6
ktextaddons	libQt6Gui.so.6	qt6
ktextaddons	libQt6Multimedia.so.6	qt6
ktextaddons	libQt6MultimediaWidgets.so.6	qt6
ktextaddons	libQt6Network.so.6	qt6
ktextaddons	libQt6Sql.so.6	qt6
ktextaddons	libQt6TextToSpeech.so.6	qt6
ktextaddons	libQt6Widgets.so.6	qt6
ktextaddons	libQt6Xml.so.6	qt6
ktextaddons	libc.so.6	aaa_glibc-solibs
ktextaddons	libc.so.6	glibc
ktextaddons	libgcc_s.so.1	aaa_libraries
ktextaddons	libgcc_s.so.1	gcc
ktextaddons	libm.so.6	aaa_glibc-solibs
ktextaddons	libm.so.6	glibc
ktextaddons	libqt6keychain.so.1	qtkeychain
ktextaddons	libstdc++.so.6	aaa_libraries
ktextaddons	libstdc++.so.6	gcc-g++
ktexteditor	libGLX.so.0	libglvnd
ktexteditor	libKF6Archive.so.6	karchive
ktexteditor	libKF6AuthCore.so.6	kauth
ktexteditor	libKF6Codecs.so.6	kcodecs
ktexteditor	libKF6ColorScheme.so.6	kcolorscheme
ktexteditor	libKF6Completion.so.6	kcompletion
ktexteditor	libKF6ConfigCore.so.6	kconfig
ktexteditor	libKF6ConfigGui.so.6	kconfig
ktexteditor	libKF6ConfigWidgets.so.6	kconfigwidgets
ktexteditor	libKF6CoreAddons.so.6	kcoreaddons
ktexteditor	libKF6GuiAddons.so.6	kguiaddons
ktexteditor	libKF6I18n.so.6	ki18n
ktexteditor	libKF6ItemViews.so.6	kitemviews
ktexteditor	libKF6JobWidgets.so.6	kjobwidgets
ktexteditor	libKF6KIOCore.so.6	kio
ktexteditor	libKF6KIOGui.so.6	kio
ktexteditor	libKF6KIOWidgets.so.6	kio
ktexteditor	libKF6Parts.so.6	kparts
ktexteditor	libKF6Service.so.6	kservice
ktexteditor	libKF6SonnetCore.so.6	sonnet
ktexteditor	libKF6SonnetUi.so.6	sonnet
ktexteditor	libKF6SyntaxHighlighting.so.6	syntax-highlighting
ktexteditor	libKF6WidgetsAddons.so.6	kwidgetsaddons
ktexteditor	libKF6XmlGui.so.6	kxmlgui
ktexteditor	libOpenGL.so.0	libglvnd
ktexteditor	libQt6Core.so.6	qt6
ktexteditor	libQt6DBus.so.6	qt6
ktexteditor	libQt6Gui.so.6	qt6
ktexteditor	libQt6Multimedia.so.6	qt6
ktexteditor	libQt6Network.so.6	qt6
ktexteditor	libQt6PrintSupport.so.6	qt6
ktexteditor	libQt6Qml.so.6	qt6
ktexteditor	libQt6TextToSpeech.so.6	qt6
ktexteditor	libQt6Widgets.so.6	qt6
ktexteditor	libQt6Xml.so.6	qt6
ktexteditor	libc.so.6	aaa_glibc-solibs
ktexteditor	libc.so.6	glibc
ktexteditor	libeditorconfig.so.0	editorconfig-core-c
ktexteditor	libgcc_s.so.1	aaa_libraries
ktexteditor	libgcc_s.so.1	gcc
ktexteditor	libm.so.6	aaa_glibc-solibs
ktexteditor	libm.so.6	glibc
ktexteditor	libstdc++.so.6	aaa_libraries
ktexteditor	libstdc++.so.6	gcc-g++
ktexteditor5	libKF5Archive.so.5	karchive5
ktexteditor5	libKF5Auth.so.5	kauth5
ktexteditor5	libKF5AuthCore.so.5	kauth5
ktexteditor5	libKF5Codecs.so.5	kcodecs5
ktexteditor5	libKF5Completion.so.5	kcompletion5
ktexteditor5	libKF5ConfigCore.so.5	kconfig5
ktexteditor5	libKF5ConfigGui.so.5	kconfig5
ktexteditor5	libKF5ConfigWidgets.so.5	kconfigwidgets5
ktexteditor5	libKF5CoreAddons.so.5	kcoreaddons5
ktexteditor5	libKF5GuiAddons.so.5	kguiaddons5
ktexteditor5	libKF5I18n.so.5	ki18n5
ktexteditor5	libKF5ItemViews.so.5	kitemviews5
ktexteditor5	libKF5JobWidgets.so.5	kjobwidgets5
ktexteditor5	libKF5KIOCore.so.5	kio5
ktexteditor5	libKF5KIOGui.so.5	kio5
ktexteditor5	libKF5KIOWidgets.so.5	kio5
ktexteditor5	libKF5Parts.so.5	kparts5
ktexteditor5	libKF5Service.so.5	kservice5
ktexteditor5	libKF5Solid.so.5	solid5
ktexteditor5	libKF5SonnetCore.so.5	sonnet5
ktexteditor5	libKF5SonnetUi.so.5	sonnet5
ktexteditor5	libKF5SyntaxHighlighting.so.5	syntax-highlighting5
ktexteditor5	libKF5TextWidgets.so.5	ktextwidgets5
ktexteditor5	libKF5WidgetsAddons.so.5	kwidgetsaddons5
ktexteditor5	libKF5WindowSystem.so.5	kwindowsystem5
ktexteditor5	libKF5XmlGui.so.5	kxmlgui5
ktexteditor5	libQt5Concurrent.so.5	qt5
ktexteditor5	libQt5Core.so.5	qt5
ktexteditor5	libQt5DBus.so.5	qt5
ktexteditor5	libQt5Gui.so.5	qt5
ktexteditor5	libQt5Network.so.5	qt5
ktexteditor5	libQt5PrintSupport.so.5	qt5
ktexteditor5	libQt5Qml.so.5	qt5
ktexteditor5	libQt5Widgets.so.5	qt5
ktexteditor5	libQt5Xml.so.5	qt5
ktexteditor5	libX11.so.6	libX11
ktexteditor5	libc.so.6	aaa_glibc-solibs
ktexteditor5	libc.so.6	glibc
ktexteditor5	libeditorconfig.so.0	editorconfig-core-c
ktexteditor5	libgcc_s.so.1	aaa_libraries
ktexteditor5	libgcc_s.so.1	gcc
ktexteditor5	libm.so.6	aaa_glibc-solibs
ktexteditor5	libm.so.6	glibc
ktexteditor5	libstdc++.so.6	aaa_libraries
ktexteditor5	libstdc++.so.6	gcc-g++
ktexttemplate	libQt6Core.so.6	qt6
ktexttemplate	libQt6Network.so.6	qt6
ktexttemplate	libQt6Qml.so.6	qt6
ktexttemplate	libc.so.6	aaa_glibc-solibs
ktexttemplate	libc.so.6	glibc
ktexttemplate	libgcc_s.so.1	aaa_libraries
ktexttemplate	libgcc_s.so.1	gcc
ktexttemplate	libm.so.6	aaa_glibc-solibs
ktexttemplate	libm.so.6	glibc
ktexttemplate	libstdc++.so.6	aaa_libraries
ktexttemplate	libstdc++.so.6	gcc-g++
ktextwidgets	libGLX.so.0	libglvnd
ktextwidgets	libKF6Completion.so.6	kcompletion
ktextwidgets	libKF6ConfigCore.so.6	kconfig
ktextwidgets	libKF6ConfigGui.so.6	kconfig
ktextwidgets	libKF6I18n.so.6	ki18n
ktextwidgets	libKF6SonnetCore.so.6	sonnet
ktextwidgets	libKF6SonnetUi.so.6	sonnet
ktextwidgets	libKF6WidgetsAddons.so.6	kwidgetsaddons
ktextwidgets	libOpenGL.so.0	libglvnd
ktextwidgets	libQt6Core.so.6	qt6
ktextwidgets	libQt6Gui.so.6	qt6
ktextwidgets	libQt6Multimedia.so.6	qt6
ktextwidgets	libQt6Network.so.6	qt6
ktextwidgets	libQt6TextToSpeech.so.6	qt6
ktextwidgets	libQt6Widgets.so.6	qt6
ktextwidgets	libc.so.6	aaa_glibc-solibs
ktextwidgets	libc.so.6	glibc
ktextwidgets	libgcc_s.so.1	aaa_libraries
ktextwidgets	libgcc_s.so.1	gcc
ktextwidgets	libm.so.6	aaa_glibc-solibs
ktextwidgets	libm.so.6	glibc
ktextwidgets	libstdc++.so.6	aaa_libraries
ktextwidgets	libstdc++.so.6	gcc-g++
ktextwidgets5	libKF5Auth.so.5	kauth5
ktextwidgets5	libKF5AuthCore.so.5	kauth5
ktextwidgets5	libKF5Codecs.so.5	kcodecs5
ktextwidgets5	libKF5Completion.so.5	kcompletion5
ktextwidgets5	libKF5ConfigCore.so.5	kconfig5
ktextwidgets5	libKF5ConfigGui.so.5	kconfig5
ktextwidgets5	libKF5ConfigWidgets.so.5	kconfigwidgets5
ktextwidgets5	libKF5CoreAddons.so.5	kcoreaddons5
ktextwidgets5	libKF5I18n.so.5	ki18n5
ktextwidgets5	libKF5SonnetCore.so.5	sonnet5
ktextwidgets5	libKF5SonnetUi.so.5	sonnet5
ktextwidgets5	libKF5WidgetsAddons.so.5	kwidgetsaddons5
ktextwidgets5	libQt5Core.so.5	qt5
ktextwidgets5	libQt5Gui.so.5	qt5
ktextwidgets5	libQt5TextToSpeech.so.5	qt5
ktextwidgets5	libQt5Widgets.so.5	qt5
ktextwidgets5	libQt5Xml.so.5	qt5
ktextwidgets5	libc.so.6	aaa_glibc-solibs
ktextwidgets5	libc.so.6	glibc
ktextwidgets5	libgcc_s.so.1	aaa_libraries
ktextwidgets5	libgcc_s.so.1	gcc
ktextwidgets5	libm.so.6	aaa_glibc-solibs
ktextwidgets5	libm.so.6	glibc
ktextwidgets5	libstdc++.so.6	aaa_libraries
ktextwidgets5	libstdc++.so.6	gcc-g++
ktimer	libGLX.so.0	libglvnd
ktimer	libKF6ColorScheme.so.6	kcolorscheme
ktimer	libKF6Completion.so.6	kcompletion
ktimer	libKF6ConfigCore.so.6	kconfig
ktimer	libKF6ConfigGui.so.6	kconfig
ktimer	libKF6ConfigWidgets.so.6	kconfigwidgets
ktimer	libKF6CoreAddons.so.6	kcoreaddons
ktimer	libKF6Crash.so.6	kcrash
ktimer	libKF6DBusAddons.so.6	kdbusaddons
ktimer	libKF6I18n.so.6	ki18n
ktimer	libKF6JobWidgets.so.6	kjobwidgets
ktimer	libKF6KIOCore.so.6	kio
ktimer	libKF6KIOGui.so.6	kio
ktimer	libKF6KIOWidgets.so.6	kio
ktimer	libKF6Notifications.so.6	knotifications
ktimer	libKF6Service.so.6	kservice
ktimer	libKF6StatusNotifierItem.so.6	kstatusnotifieritem
ktimer	libKF6WidgetsAddons.so.6	kwidgetsaddons
ktimer	libOpenGL.so.0	libglvnd
ktimer	libQt6Core.so.6	qt6
ktimer	libQt6DBus.so.6	qt6
ktimer	libQt6Gui.so.6	qt6
ktimer	libQt6Network.so.6	qt6
ktimer	libQt6Widgets.so.6	qt6
ktimer	libc.so.6	aaa_glibc-solibs
ktimer	libc.so.6	glibc
ktimer	libgcc_s.so.1	aaa_libraries
ktimer	libgcc_s.so.1	gcc
ktimer	libm.so.6	aaa_glibc-solibs
ktimer	libm.so.6	glibc
ktimer	libstdc++.so.6	aaa_libraries
ktimer	libstdc++.so.6	gcc-g++
ktimetracker	libGLX.so.0	libglvnd
ktimetracker	libKF6CalendarCore.so.6	kcalendarcore
ktimetracker	libKF6ColorScheme.so.6	kcolorscheme
ktimetracker	libKF6ConfigCore.so.6	kconfig
ktimetracker	libKF6ConfigGui.so.6	kconfig
ktimetracker	libKF6ConfigWidgets.so.6	kconfigwidgets
ktimetracker	libKF6CoreAddons.so.6	kcoreaddons
ktimetracker	libKF6Crash.so.6	kcrash
ktimetracker	libKF6DBusAddons.so.6	kdbusaddons
ktimetracker	libKF6GuiAddons.so.6	kguiaddons
ktimetracker	libKF6I18n.so.6	ki18n
ktimetracker	libKF6IconThemes.so.6	kiconthemes
ktimetracker	libKF6IdleTime.so.6	kidletime
ktimetracker	libKF6KCMUtils.so.6	kcmutils
ktimetracker	libKF6KCMUtilsCore.so.6	kcmutils
ktimetracker	libKF6KCMUtilsQuick.so.6	kcmutils
ktimetracker	libKF6KIOCore.so.6	kio
ktimetracker	libKF6SonnetUi.so.6	sonnet
ktimetracker	libKF6StatusNotifierItem.so.6	kstatusnotifieritem
ktimetracker	libKF6TextWidgets.so.6	ktextwidgets
ktimetracker	libKF6WidgetsAddons.so.6	kwidgetsaddons
ktimetracker	libKF6WindowSystem.so.6	kwindowsystem
ktimetracker	libKF6XmlGui.so.6	kxmlgui
ktimetracker	libOpenGL.so.0	libglvnd
ktimetracker	libQt6Core.so.6	qt6
ktimetracker	libQt6Core5Compat.so.6	qt6
ktimetracker	libQt6DBus.so.6	qt6
ktimetracker	libQt6Gui.so.6	qt6
ktimetracker	libQt6Network.so.6	qt6
ktimetracker	libQt6Qml.so.6	qt6
ktimetracker	libQt6Widgets.so.6	qt6
ktimetracker	libQt6Xml.so.6	qt6
ktimetracker	libX11.so.6	libX11
ktimetracker	libc.so.6	aaa_glibc-solibs
ktimetracker	libc.so.6	glibc
ktimetracker	libgcc_s.so.1	aaa_libraries
ktimetracker	libgcc_s.so.1	gcc
ktimetracker	libm.so.6	aaa_glibc-solibs
ktimetracker	libm.so.6	glibc
ktimetracker	libstdc++.so.6	aaa_libraries
ktimetracker	libstdc++.so.6	gcc-g++
ktnef	libGLX.so.0	libglvnd
ktnef	libKF6CalendarCore.so.6	kcalendarcore
ktnef	libKF6Contacts.so.6	kcontacts
ktnef	libKF6CoreAddons.so.6	kcoreaddons
ktnef	libKF6I18n.so.6	ki18n
ktnef	libKPim6CalendarUtils.so.6	kcalutils
ktnef	libOpenGL.so.0	libglvnd
ktnef	libQt6Core.so.6	qt6
ktnef	libQt6Gui.so.6	qt6
ktnef	libQt6Widgets.so.6	qt6
ktnef	libc.so.6	aaa_glibc-solibs
ktnef	libc.so.6	glibc
ktnef	libgcc_s.so.1	aaa_libraries
ktnef	libgcc_s.so.1	gcc
ktnef	libm.so.6	aaa_glibc-solibs
ktnef	libm.so.6	glibc
ktnef	libstdc++.so.6	aaa_libraries
ktnef	libstdc++.so.6	gcc-g++
ktorrent	libGLX.so.0	libglvnd
ktorrent	libKF6Archive.so.6	karchive
ktorrent	libKF6Bookmarks.so.6	kbookmarks
ktorrent	libKF6ColorScheme.so.6	kcolorscheme
ktorrent	libKF6Completion.so.6	kcompletion
ktorrent	libKF6ConfigCore.so.6	kconfig
ktorrent	libKF6ConfigGui.so.6	kconfig
ktorrent	libKF6ConfigWidgets.so.6	kconfigwidgets
ktorrent	libKF6CoreAddons.so.6	kcoreaddons
ktorrent	libKF6Crash.so.6	kcrash
ktorrent	libKF6DBusAddons.so.6	kdbusaddons
ktorrent	libKF6DNSSD.so.6	kdnssd
ktorrent	libKF6GlobalAccel.so.6	kglobalaccel
ktorrent	libKF6GuiAddons.so.6	kguiaddons
ktorrent	libKF6I18n.so.6	ki18n
ktorrent	libKF6IconThemes.so.6	kiconthemes
ktorrent	libKF6ItemViews.so.6	kitemviews
ktorrent	libKF6JobWidgets.so.6	kjobwidgets
ktorrent	libKF6KCMUtils.so.6	kcmutils
ktorrent	libKF6KCMUtilsCore.so.6	kcmutils
ktorrent	libKF6KCMUtilsQuick.so.6	kcmutils
ktorrent	libKF6KIOCore.so.6	kio
ktorrent	libKF6KIOFileWidgets.so.6	kio
ktorrent	libKF6KIOGui.so.6	kio
ktorrent	libKF6KIOWidgets.so.6	kio
ktorrent	libKF6Notifications.so.6	knotifications
ktorrent	libKF6NotifyConfig.so.6	knotifyconfig
ktorrent	libKF6Parts.so.6	kparts
ktorrent	libKF6Plotting.so.6	kplotting
ktorrent	libKF6Service.so.6	kservice
ktorrent	libKF6Solid.so.6	solid
ktorrent	libKF6SonnetUi.so.6	sonnet
ktorrent	libKF6StatusNotifierItem.so.6	kstatusnotifieritem
ktorrent	libKF6Syndication.so.6	syndication
ktorrent	libKF6TextWidgets.so.6	ktextwidgets
ktorrent	libKF6WidgetsAddons.so.6	kwidgetsaddons
ktorrent	libKF6WindowSystem.so.6	kwindowsystem
ktorrent	libKF6XmlGui.so.6	kxmlgui
ktorrent	libKTorrent6.so.6	libktorrent
ktorrent	libOpenGL.so.0	libglvnd
ktorrent	libQt6Core.so.6	qt6
ktorrent	libQt6Core5Compat.so.6	qt6
ktorrent	libQt6DBus.so.6	qt6
ktorrent	libQt6Gui.so.6	qt6
ktorrent	libQt6Multimedia.so.6	qt6
ktorrent	libQt6MultimediaWidgets.so.6	qt6
ktorrent	libQt6Network.so.6	qt6
ktorrent	libQt6OpenGL.so.6	qt6
ktorrent	libQt6Positioning.so.6	qt6
ktorrent	libQt6PrintSupport.so.6	qt6
ktorrent	libQt6Qml.so.6	qt6
ktorrent	libQt6Quick.so.6	qt6
ktorrent	libQt6WebChannel.so.6	qt6
ktorrent	libQt6WebEngineCore.so.6	qt6
ktorrent	libQt6WebEngineWidgets.so.6	qt6
ktorrent	libQt6Widgets.so.6	qt6
ktorrent	libQt6Xml.so.6	qt6
ktorrent	libX11.so.6	libX11
ktorrent	libc.so.6	aaa_glibc-solibs
ktorrent	libc.so.6	glibc
ktorrent	libcrypto.so.3	openssl
ktorrent	libcrypto.so.3	openssl-solibs
ktorrent	libgcc_s.so.1	aaa_libraries
ktorrent	libgcc_s.so.1	gcc
ktorrent	libgmp.so.10	aaa_libraries
ktorrent	libgmp.so.10	gmp
ktorrent	libm.so.6	aaa_glibc-solibs
ktorrent	libm.so.6	glibc
ktorrent	libmaxminddb.so.0	libmaxminddb
ktorrent	libstdc++.so.6	aaa_libraries
ktorrent	libstdc++.so.6	gcc-g++
ktorrent	libtag.so.2	taglib
ktouch	libGLX.so.0	libglvnd
ktouch	libICE.so.6	libICE
ktouch	libKF6ColorScheme.so.6	kcolorscheme
ktouch	libKF6Completion.so.6	kcompletion
ktouch	libKF6ConfigCore.so.6	kconfig
ktouch	libKF6ConfigGui.so.6	kconfig
ktouch	libKF6ConfigWidgets.so.6	kconfigwidgets
ktouch	libKF6CoreAddons.so.6	kcoreaddons
ktouch	libKF6GuiAddons.so.6	kguiaddons
ktouch	libKF6I18n.so.6	ki18n
ktouch	libKF6ItemViews.so.6	kitemviews
ktouch	libKF6KCMUtils.so.6	kcmutils
ktouch	libKF6KCMUtilsCore.so.6	kcmutils
ktouch	libKF6KCMUtilsQuick.so.6	kcmutils
ktouch	libKF6SonnetUi.so.6	sonnet
ktouch	libKF6TextWidgets.so.6	ktextwidgets
ktouch	libKF6WidgetsAddons.so.6	kwidgetsaddons
ktouch	libKF6WindowSystem.so.6	kwindowsystem
ktouch	libKF6XmlGui.so.6	kxmlgui
ktouch	libOpenGL.so.0	libglvnd
ktouch	libQt6Core.so.6	qt6
ktouch	libQt6DBus.so.6	qt6
ktouch	libQt6Gui.so.6	qt6
ktouch	libQt6Network.so.6	qt6
ktouch	libQt6OpenGL.so.6	qt6
ktouch	libQt6Qml.so.6	qt6
ktouch	libQt6Quick.so.6	qt6
ktouch	libQt6QuickControls2.so.6	qt6
ktouch	libQt6QuickWidgets.so.6	qt6
ktouch	libQt6Sql.so.6	qt6
ktouch	libQt6Widgets.so.6	qt6
ktouch	libQt6Xml.so.6	qt6
ktouch	libSM.so.6	libSM
ktouch	libX11.so.6	libX11
ktouch	libXext.so.6	libXext
ktouch	libc.so.6	aaa_glibc-solibs
ktouch	libc.so.6	glibc
ktouch	libgcc_s.so.1	aaa_libraries
ktouch	libgcc_s.so.1	gcc
ktouch	libm.so.6	aaa_glibc-solibs
ktouch	libm.so.6	glibc
ktouch	libstdc++.so.6	aaa_libraries
ktouch	libstdc++.so.6	gcc-g++
ktouch	libxcb-xkb.so.1	libxcb
ktouch	libxcb.so.1	libxcb
ktouch	libxkbcommon.so.0	aaa_libraries
ktouch	libxkbcommon.so.0	libxkbcommon
ktouch	libxml2.so.16	libxml2
ktuberling	libGLX.so.0	libglvnd
ktuberling	libKDEGames6.so.6	libkdegames
ktuberling	libKF6ColorScheme.so.6	kcolorscheme
ktuberling	libKF6Completion.so.6	kcompletion
ktuberling	libKF6ConfigCore.so.6	kconfig
ktuberling	libKF6ConfigGui.so.6	kconfig
ktuberling	libKF6ConfigWidgets.so.6	kconfigwidgets
ktuberling	libKF6CoreAddons.so.6	kcoreaddons
ktuberling	libKF6Crash.so.6	kcrash
ktuberling	libKF6DBusAddons.so.6	kdbusaddons
ktuberling	libKF6GuiAddons.so.6	kguiaddons
ktuberling	libKF6I18n.so.6	ki18n
ktuberling	libKF6KIOCore.so.6	kio
ktuberling	libKF6WidgetsAddons.so.6	kwidgetsaddons
ktuberling	libKF6XmlGui.so.6	kxmlgui
ktuberling	libOpenGL.so.0	libglvnd
ktuberling	libQt6Core.so.6	qt6
ktuberling	libQt6DBus.so.6	qt6
ktuberling	libQt6Gui.so.6	qt6
ktuberling	libQt6Multimedia.so.6	qt6
ktuberling	libQt6Network.so.6	qt6
ktuberling	libQt6PrintSupport.so.6	qt6
ktuberling	libQt6Qml.so.6	qt6
ktuberling	libQt6Svg.so.6	qt6
ktuberling	libQt6SvgWidgets.so.6	qt6
ktuberling	libQt6Widgets.so.6	qt6
ktuberling	libQt6Xml.so.6	qt6
ktuberling	libc.so.6	aaa_glibc-solibs
ktuberling	libc.so.6	glibc
ktuberling	libgcc_s.so.1	aaa_libraries
ktuberling	libgcc_s.so.1	gcc
ktuberling	libm.so.6	aaa_glibc-solibs
ktuberling	libm.so.6	glibc
ktuberling	libstdc++.so.6	aaa_libraries
ktuberling	libstdc++.so.6	gcc-g++
kturtle	libGLX.so.0	libglvnd
kturtle	libKF6Attica.so.6	attica
kturtle	libKF6ColorScheme.so.6	kcolorscheme
kturtle	libKF6ConfigCore.so.6	kconfig
kturtle	libKF6ConfigGui.so.6	kconfig
kturtle	libKF6ConfigWidgets.so.6	kconfigwidgets
kturtle	libKF6CoreAddons.so.6	kcoreaddons
kturtle	libKF6Crash.so.6	kcrash
kturtle	libKF6GuiAddons.so.6	kguiaddons
kturtle	libKF6I18n.so.6	ki18n
kturtle	libKF6KIOCore.so.6	kio
kturtle	libKF6NewStuffCore.so.6	knewstuff
kturtle	libKF6NewStuffWidgets.so.6	knewstuff
kturtle	libKF6SonnetUi.so.6	sonnet
kturtle	libKF6TextWidgets.so.6	ktextwidgets
kturtle	libKF6WidgetsAddons.so.6	kwidgetsaddons
kturtle	libKF6XmlGui.so.6	kxmlgui
kturtle	libOpenGL.so.0	libglvnd
kturtle	libQt6Core.so.6	qt6
kturtle	libQt6DBus.so.6	qt6
kturtle	libQt6Gui.so.6	qt6
kturtle	libQt6Network.so.6	qt6
kturtle	libQt6PrintSupport.so.6	qt6
kturtle	libQt6Svg.so.6	qt6
kturtle	libQt6SvgWidgets.so.6	qt6
kturtle	libQt6Widgets.so.6	qt6
kturtle	libQt6Xml.so.6	qt6
kturtle	libc.so.6	aaa_glibc-solibs
kturtle	libc.so.6	glibc
kturtle	libgcc_s.so.1	aaa_libraries
kturtle	libgcc_s.so.1	gcc
kturtle	libm.so.6	aaa_glibc-solibs
kturtle	libm.so.6	glibc
kturtle	libstdc++.so.6	aaa_libraries
kturtle	libstdc++.so.6	gcc-g++
kubrick	libGLU.so.1	glu
kubrick	libGLX.so.0	libglvnd
kubrick	libKDEGames6.so.6	libkdegames
kubrick	libKF6ColorScheme.so.6	kcolorscheme
kubrick	libKF6ConfigCore.so.6	kconfig
kubrick	libKF6ConfigGui.so.6	kconfig
kubrick	libKF6ConfigWidgets.so.6	kconfigwidgets
kubrick	libKF6CoreAddons.so.6	kcoreaddons
kubrick	libKF6Crash.so.6	kcrash
kubrick	libKF6DBusAddons.so.6	kdbusaddons
kubrick	libKF6GuiAddons.so.6	kguiaddons
kubrick	libKF6I18n.so.6	ki18n
kubrick	libKF6WidgetsAddons.so.6	kwidgetsaddons
kubrick	libKF6XmlGui.so.6	kxmlgui
kubrick	libOpenGL.so.0	libglvnd
kubrick	libQt6Core.so.6	qt6
kubrick	libQt6DBus.so.6	qt6
kubrick	libQt6Gui.so.6	qt6
kubrick	libQt6Network.so.6	qt6
kubrick	libQt6OpenGL.so.6	qt6
kubrick	libQt6OpenGLWidgets.so.6	qt6
kubrick	libQt6Qml.so.6	qt6
kubrick	libQt6Svg.so.6	qt6
kubrick	libQt6Widgets.so.6	qt6
kubrick	libQt6Xml.so.6	qt6
kubrick	libc.so.6	aaa_glibc-solibs
kubrick	libc.so.6	glibc
kubrick	libgcc_s.so.1	aaa_libraries
kubrick	libgcc_s.so.1	gcc
kubrick	libm.so.6	aaa_glibc-solibs
kubrick	libm.so.6	glibc
kubrick	libstdc++.so.6	aaa_libraries
kubrick	libstdc++.so.6	gcc-g++
kunifiedpush	libGLX.so.0	libglvnd
kunifiedpush	libKF6ConfigCore.so.6	kconfig
kunifiedpush	libKF6CoreAddons.so.6	kcoreaddons
kunifiedpush	libKF6Crash.so.6	kcrash
kunifiedpush	libKF6I18n.so.6	ki18n
kunifiedpush	libKF6KCMUtilsCore.so.6	kcmutils
kunifiedpush	libKF6KCMUtilsQuick.so.6	kcmutils
kunifiedpush	libKF6Service.so.6	kservice
kunifiedpush	libKF6Solid.so.6	solid
kunifiedpush	libOpenGL.so.0	libglvnd
kunifiedpush	libQt6Core.so.6	qt6
kunifiedpush	libQt6DBus.so.6	qt6
kunifiedpush	libQt6Gui.so.6	qt6
kunifiedpush	libQt6Network.so.6	qt6
kunifiedpush	libQt6Qml.so.6	qt6
kunifiedpush	libQt6WebSockets.so.6	qt6
kunifiedpush	libc.so.6	aaa_glibc-solibs
kunifiedpush	libc.so.6	glibc
kunifiedpush	libcrypto.so.3	openssl
kunifiedpush	libcrypto.so.3	openssl-solibs
kunifiedpush	libgcc_s.so.1	aaa_libraries
kunifiedpush	libgcc_s.so.1	gcc
kunifiedpush	libm.so.6	aaa_glibc-solibs
kunifiedpush	libm.so.6	glibc
kunifiedpush	libstdc++.so.6	aaa_libraries
kunifiedpush	libstdc++.so.6	gcc-g++
kunitconversion	libKF6I18n.so.6	ki18n
kunitconversion	libQt6Core.so.6	qt6
kunitconversion	libQt6Network.so.6	qt6
kunitconversion	libc.so.6	aaa_glibc-solibs
kunitconversion	libc.so.6	glibc
kunitconversion	libgcc_s.so.1	aaa_libraries
kunitconversion	libgcc_s.so.1	gcc
kunitconversion	libm.so.6	aaa_glibc-solibs
kunitconversion	libm.so.6	glibc
kunitconversion	libstdc++.so.6	aaa_libraries
kunitconversion	libstdc++.so.6	gcc-g++
kunitconversion5	libKF5I18n.so.5	ki18n5
kunitconversion5	libQt5Core.so.5	qt5
kunitconversion5	libQt5Network.so.5	qt5
kunitconversion5	libc.so.6	aaa_glibc-solibs
kunitconversion5	libc.so.6	glibc
kunitconversion5	libgcc_s.so.1	aaa_libraries
kunitconversion5	libgcc_s.so.1	gcc
kunitconversion5	libm.so.6	aaa_glibc-solibs
kunitconversion5	libm.so.6	glibc
kunitconversion5	libstdc++.so.6	aaa_libraries
kunitconversion5	libstdc++.so.6	gcc-g++
kwallet	libGLX.so.0	libglvnd
kwallet	libKF6ColorScheme.so.6	kcolorscheme
kwallet	libKF6ConfigCore.so.6	kconfig
kwallet	libKF6ConfigGui.so.6	kconfig
kwallet	libKF6CoreAddons.so.6	kcoreaddons
kwallet	libKF6Crash.so.6	kcrash
kwallet	libKF6DBusAddons.so.6	kdbusaddons
kwallet	libKF6I18n.so.6	ki18n
kwallet	libKF6Notifications.so.6	knotifications
kwallet	libKF6WidgetsAddons.so.6	kwidgetsaddons
kwallet	libKF6WindowSystem.so.6	kwindowsystem
kwallet	libOpenGL.so.0	libglvnd
kwallet	libQt6Core.so.6	qt6
kwallet	libQt6DBus.so.6	qt6
kwallet	libQt6Gui.so.6	qt6
kwallet	libQt6Widgets.so.6	qt6
kwallet	libX11.so.6	libX11
kwallet	libc.so.6	aaa_glibc-solibs
kwallet	libc.so.6	glibc
kwallet	libgcc_s.so.1	aaa_libraries
kwallet	libgcc_s.so.1	gcc
kwallet	libgcrypt.so.20	libgcrypt
kwallet	libgio-2.0.so.0	glib2
kwallet	libglib-2.0.so.0	aaa_libraries
kwallet	libglib-2.0.so.0	glib2
kwallet	libgobject-2.0.so.0	aaa_libraries
kwallet	libgobject-2.0.so.0	glib2
kwallet	libgpgme.so.45	gpgme
kwallet	libgpgmepp.so.7	gpgmepp
kwallet	libm.so.6	aaa_glibc-solibs
kwallet	libm.so.6	glibc
kwallet	libqca-qt6.so.2	qca
kwallet	libsecret-1.so.0	libsecret
kwallet	libstdc++.so.6	aaa_libraries
kwallet	libstdc++.so.6	gcc-g++
kwallet-pam	libc.so.6	aaa_glibc-solibs
kwallet-pam	libc.so.6	glibc
kwallet-pam	libgcrypt.so.20	libgcrypt
kwallet-pam	libpam.so.0	pam
kwallet5	libKF5ConfigCore.so.5	kconfig5
kwallet5	libKF5WindowSystem.so.5	kwindowsystem5
kwallet5	libQt5Core.so.5	qt5
kwallet5	libQt5DBus.so.5	qt5
kwallet5	libQt5Gui.so.5	qt5
kwallet5	libQt5Widgets.so.5	qt5
kwallet5	libX11.so.6	libX11
kwallet5	libc.so.6	aaa_glibc-solibs
kwallet5	libc.so.6	glibc
kwallet5	libgcc_s.so.1	aaa_libraries
kwallet5	libgcc_s.so.1	gcc
kwallet5	libm.so.6	aaa_glibc-solibs
kwallet5	libm.so.6	glibc
kwallet5	libstdc++.so.6	aaa_libraries
kwallet5	libstdc++.so.6	gcc-g++
kwalletmanager	libGLX.so.0	libglvnd
kwalletmanager	libKF6Archive.so.6	karchive
kwalletmanager	libKF6AuthCore.so.6	kauth
kwalletmanager	libKF6Codecs.so.6	kcodecs
kwalletmanager	libKF6ColorScheme.so.6	kcolorscheme
kwalletmanager	libKF6ConfigCore.so.6	kconfig
kwalletmanager	libKF6ConfigGui.so.6	kconfig
kwalletmanager	libKF6ConfigWidgets.so.6	kconfigwidgets
kwalletmanager	libKF6CoreAddons.so.6	kcoreaddons
kwalletmanager	libKF6Crash.so.6	kcrash
kwalletmanager	libKF6DBusAddons.so.6	kdbusaddons
kwalletmanager	libKF6GuiAddons.so.6	kguiaddons
kwalletmanager	libKF6I18n.so.6	ki18n
kwalletmanager	libKF6ItemViews.so.6	kitemviews
kwalletmanager	libKF6KCMUtils.so.6	kcmutils
kwalletmanager	libKF6KCMUtilsCore.so.6	kcmutils
kwalletmanager	libKF6KCMUtilsQuick.so.6	kcmutils
kwalletmanager	libKF6KIOCore.so.6	kio
kwalletmanager	libKF6KIOGui.so.6	kio
kwalletmanager	libKF6Service.so.6	kservice
kwalletmanager	libKF6StatusNotifierItem.so.6	kstatusnotifieritem
kwalletmanager	libKF6Wallet.so.6	kwallet
kwalletmanager	libKF6WidgetsAddons.so.6	kwidgetsaddons
kwalletmanager	libKF6WindowSystem.so.6	kwindowsystem
kwalletmanager	libKF6XmlGui.so.6	kxmlgui
kwalletmanager	libOpenGL.so.0	libglvnd
kwalletmanager	libQt6Core.so.6	qt6
kwalletmanager	libQt6DBus.so.6	qt6
kwalletmanager	libQt6Gui.so.6	qt6
kwalletmanager	libQt6Network.so.6	qt6
kwalletmanager	libQt6Qml.so.6	qt6
kwalletmanager	libQt6Widgets.so.6	qt6
kwalletmanager	libQt6Xml.so.6	qt6
kwalletmanager	libX11.so.6	libX11
kwalletmanager	libc.so.6	aaa_glibc-solibs
kwalletmanager	libc.so.6	glibc
kwalletmanager	libgcc_s.so.1	aaa_libraries
kwalletmanager	libgcc_s.so.1	gcc
kwalletmanager	libm.so.6	aaa_glibc-solibs
kwalletmanager	libm.so.6	glibc
kwalletmanager	libstdc++.so.6	aaa_libraries
kwalletmanager	libstdc++.so.6	gcc-g++
kwave	libFLAC++.so.11	flac
kwave	libFLAC.so.14	flac
kwave	libGLX.so.0	libglvnd
kwave	libKF6Archive.so.6	karchive
kwave	libKF6Bookmarks.so.6	kbookmarks
kwave	libKF6ColorScheme.so.6	kcolorscheme
kwave	libKF6Completion.so.6	kcompletion
kwave	libKF6ConfigCore.so.6	kconfig
kwave	libKF6ConfigGui.so.6	kconfig
kwave	libKF6ConfigWidgets.so.6	kconfigwidgets
kwave	libKF6CoreAddons.so.6	kcoreaddons
kwave	libKF6Crash.so.6	kcrash
kwave	libKF6DBusAddons.so.6	kdbusaddons
kwave	libKF6GuiAddons.so.6	kguiaddons
kwave	libKF6I18n.so.6	ki18n
kwave	libKF6IconThemes.so.6	kiconthemes
kwave	libKF6ItemViews.so.6	kitemviews
kwave	libKF6JobWidgets.so.6	kjobwidgets
kwave	libKF6KIOCore.so.6	kio
kwave	libKF6KIOFileWidgets.so.6	kio
kwave	libKF6KIOGui.so.6	kio
kwave	libKF6KIOWidgets.so.6	kio
kwave	libKF6Service.so.6	kservice
kwave	libKF6Solid.so.6	solid
kwave	libKF6SonnetUi.so.6	sonnet
kwave	libKF6TextWidgets.so.6	ktextwidgets
kwave	libKF6WidgetsAddons.so.6	kwidgetsaddons
kwave	libKF6XmlGui.so.6	kxmlgui
kwave	libOpenGL.so.0	libglvnd
kwave	libQt6Concurrent.so.6	qt6
kwave	libQt6Core.so.6	qt6
kwave	libQt6DBus.so.6	qt6
kwave	libQt6Gui.so.6	qt6
kwave	libQt6Multimedia.so.6	qt6
kwave	libQt6Network.so.6	qt6
kwave	libQt6Widgets.so.6	qt6
kwave	libQt6Xml.so.6	qt6
kwave	libasound.so.2	aaa_libraries
kwave	libasound.so.2	alsa-lib
kwave	libaudiofile.so.1	audiofile
kwave	libc.so.6	aaa_glibc-solibs
kwave	libc.so.6	glibc
kwave	libfftw3.so.3	fftw
kwave	libgcc_s.so.1	aaa_libraries
kwave	libgcc_s.so.1	gcc
kwave	libid3-3.8.so.3	id3lib
kwave	libm.so.6	aaa_glibc-solibs
kwave	libm.so.6	glibc
kwave	libmad.so.0	libmad
kwave	libogg.so.0	libogg
kwave	libopus.so.0	opus
kwave	libpulse.so.0	pulseaudio
kwave	libsamplerate.so.0	libsamplerate
kwave	libstdc++.so.6	aaa_libraries
kwave	libstdc++.so.6	gcc-g++
kwave	libvorbis.so.0	libvorbis
kwave	libvorbisenc.so.2	libvorbis
kwave	libz.so.1	aaa_libraries
kwave	libz.so.1	zlib
kwayland	libGLX.so.0	libglvnd
kwayland	libOpenGL.so.0	libglvnd
kwayland	libQt6Concurrent.so.6	qt6
kwayland	libQt6Core.so.6	qt6
kwayland	libQt6Gui.so.6	qt6
kwayland	libQt6WaylandClient.so.6	qt6
kwayland	libc.so.6	aaa_glibc-solibs
kwayland	libc.so.6	glibc
kwayland	libgcc_s.so.1	aaa_libraries
kwayland	libgcc_s.so.1	gcc
kwayland	libm.so.6	aaa_glibc-solibs
kwayland	libm.so.6	glibc
kwayland	libstdc++.so.6	aaa_libraries
kwayland	libstdc++.so.6	gcc-g++
kwayland	libwayland-client.so.0	wayland
kwayland	libwayland-cursor.so.0	wayland
kwayland	libxkbcommon.so.0	aaa_libraries
kwayland	libxkbcommon.so.0	libxkbcommon
kwayland-integration	libGL.so.1	libglvnd
kwayland-integration	libKF5WaylandClient.so.5	kwayland5
kwayland-integration	libKF5WindowSystem.so.5	kwindowsystem5
kwayland-integration	libQt5Core.so.5	qt5
kwayland-integration	libQt5Gui.so.5	qt5
kwayland-integration	libQt5WaylandClient.so.5	qt5
kwayland-integration	libQt5Widgets.so.5	qt5
kwayland-integration	libX11.so.6	libX11
kwayland-integration	libc.so.6	aaa_glibc-solibs
kwayland-integration	libc.so.6	glibc
kwayland-integration	libgcc_s.so.1	aaa_libraries
kwayland-integration	libgcc_s.so.1	gcc
kwayland-integration	libm.so.6	aaa_glibc-solibs
kwayland-integration	libm.so.6	glibc
kwayland-integration	libstdc++.so.6	aaa_libraries
kwayland-integration	libstdc++.so.6	gcc-g++
kwayland-integration	libwayland-client.so.0	wayland
kwayland-integration	libxkbcommon.so.0	aaa_libraries
kwayland-integration	libxkbcommon.so.0	libxkbcommon
kwayland5	libGL.so.1	libglvnd
kwayland5	libQt5Concurrent.so.5	qt5
kwayland5	libQt5Core.so.5	qt5
kwayland5	libQt5Gui.so.5	qt5
kwayland5	libQt5WaylandClient.so.5	qt5
kwayland5	libc.so.6	aaa_glibc-solibs
kwayland5	libc.so.6	glibc
kwayland5	libgcc_s.so.1	aaa_libraries
kwayland5	libgcc_s.so.1	gcc
kwayland5	libm.so.6	aaa_glibc-solibs
kwayland5	libm.so.6	glibc
kwayland5	libstdc++.so.6	aaa_libraries
kwayland5	libstdc++.so.6	gcc-g++
kwayland5	libwayland-client.so.0	wayland
kwayland5	libxkbcommon.so.0	aaa_libraries
kwayland5	libxkbcommon.so.0	libxkbcommon
kweathercore	libKF6Holidays.so.6	kholidays
kweathercore	libKF6I18n.so.6	ki18n
kweathercore	libKF6I18nLocaleData.so.6	ki18n
kweathercore	libQt6Core.so.6	qt6
kweathercore	libQt6Network.so.6	qt6
kweathercore	libQt6Positioning.so.6	qt6
kweathercore	libQt6Qml.so.6	qt6
kweathercore	libc.so.6	aaa_glibc-solibs
kweathercore	libc.so.6	glibc
kweathercore	libgcc_s.so.1	aaa_libraries
kweathercore	libgcc_s.so.1	gcc
kweathercore	libm.so.6	aaa_glibc-solibs
kweathercore	libm.so.6	glibc
kweathercore	libstdc++.so.6	aaa_libraries
kweathercore	libstdc++.so.6	gcc-g++
kwidgetsaddons	libGLX.so.0	libglvnd
kwidgetsaddons	libOpenGL.so.0	libglvnd
kwidgetsaddons	libQt6Core.so.6	qt6
kwidgetsaddons	libQt6Gui.so.6	qt6
kwidgetsaddons	libQt6Widgets.so.6	qt6
kwidgetsaddons	libc.so.6	aaa_glibc-solibs
kwidgetsaddons	libc.so.6	glibc
kwidgetsaddons	libgcc_s.so.1	aaa_libraries
kwidgetsaddons	libgcc_s.so.1	gcc
kwidgetsaddons	libm.so.6	aaa_glibc-solibs
kwidgetsaddons	libm.so.6	glibc
kwidgetsaddons	libstdc++.so.6	aaa_libraries
kwidgetsaddons	libstdc++.so.6	gcc-g++
kwidgetsaddons5	libQt5Core.so.5	qt5
kwidgetsaddons5	libQt5Gui.so.5	qt5
kwidgetsaddons5	libQt5Widgets.so.5	qt5
kwidgetsaddons5	libc.so.6	aaa_glibc-solibs
kwidgetsaddons5	libc.so.6	glibc
kwidgetsaddons5	libgcc_s.so.1	aaa_libraries
kwidgetsaddons5	libgcc_s.so.1	gcc
kwidgetsaddons5	libm.so.6	aaa_glibc-solibs
kwidgetsaddons5	libm.so.6	glibc
kwidgetsaddons5	libstdc++.so.6	aaa_libraries
kwidgetsaddons5	libstdc++.so.6	gcc-g++
kwin	ld-linux-x86-64.so.2	aaa_glibc-solibs
kwin	ld-linux-x86-64.so.2	glibc
kwin	libEGL.so.1	libglvnd
kwin	libGLX.so.0	libglvnd
kwin	libICE.so.6	libICE
kwin	libKF6Attica.so.6	attica
kwin	libKF6AuthCore.so.6	kauth
kwin	libKF6ColorScheme.so.6	kcolorscheme
kwin	libKF6ConfigCore.so.6	kconfig
kwin	libKF6ConfigGui.so.6	kconfig
kwin	libKF6ConfigQml.so.6	kconfig
kwin	libKF6ConfigWidgets.so.6	kconfigwidgets
kwin	libKF6CoreAddons.so.6	kcoreaddons
kwin	libKF6Crash.so.6	kcrash
kwin	libKF6DBusAddons.so.6	kdbusaddons
kwin	libKF6GlobalAccel.so.6	kglobalaccel
kwin	libKF6GuiAddons.so.6	kguiaddons
kwin	libKF6I18n.so.6	ki18n
kwin	libKF6I18nQml.so.6	ki18n
kwin	libKF6IdleTime.so.6	kidletime
kwin	libKF6KCMUtils.so.6	kcmutils
kwin	libKF6KCMUtilsCore.so.6	kcmutils
kwin	libKF6KCMUtilsQuick.so.6	kcmutils
kwin	libKF6NewStuffCore.so.6	knewstuff
kwin	libKF6NewStuffWidgets.so.6	knewstuff
kwin	libKF6Notifications.so.6	knotifications
kwin	libKF6Package.so.6	kpackage
kwin	libKF6Service.so.6	kservice
kwin	libKF6Svg.so.6	ksvg
kwin	libKF6WidgetsAddons.so.6	kwidgetsaddons
kwin	libKF6WindowSystem.so.6	kwindowsystem
kwin	libKF6XmlGui.so.6	kxmlgui
kwin	libKGlobalAccelD.so.0	kglobalacceld
kwin	libKNightTime.so.0	knighttime
kwin	libKScreenLocker.so.6	kscreenlocker
kwin	libKWaylandClient.so.6	kwayland
kwin	libOpenGL.so.0	libglvnd
kwin	libPlasmaActivities.so.7	plasma-activities
kwin	libQt6Concurrent.so.6	qt6
kwin	libQt6Core.so.6	qt6
kwin	libQt6DBus.so.6	qt6
kwin	libQt6Gui.so.6	qt6
kwin	libQt6Network.so.6	qt6
kwin	libQt6OpenGL.so.6	qt6
kwin	libQt6OpenGLWidgets.so.6	qt6
kwin	libQt6Qml.so.6	qt6
kwin	libQt6Quick.so.6	qt6
kwin	libQt6Svg.so.6	qt6
kwin	libQt6UiTools.so.6	qt6
kwin	libQt6Widgets.so.6	qt6
kwin	libQt6Xml.so.6	qt6
kwin	libSM.so.6	libSM
kwin	libX11.so.6	libX11
kwin	libXext.so.6	libXext
kwin	libc.so.6	aaa_glibc-solibs
kwin	libc.so.6	glibc
kwin	libcanberra.so.0	libcanberra
kwin	libdisplay-info.so.4	libdisplay-info
kwin	libdrm.so.2	libdrm
kwin	libeis.so.1	libei
kwin	libepoxy.so.0	libepoxy
kwin	libevdev.so.2	libevdev
kwin	libgbm.so.1	mesa
kwin	libgcc_s.so.1	aaa_libraries
kwin	libgcc_s.so.1	gcc
kwin	libinput.so.10	libinput
kwin	libkdecorations3.so.6	kdecoration
kwin	libkdecorations3private.so.2	kdecoration
kwin	liblcms2.so.2	lcms2
kwin	libm.so.6	aaa_glibc-solibs
kwin	libm.so.6	glibc
kwin	libpipewire-0.3.so.0	pipewire
kwin	libqaccessibilityclient-qt6.so.0	libqaccessibilityclient
kwin	libstdc++.so.6	aaa_libraries
kwin	libstdc++.so.6	gcc-g++
kwin	libudev.so.1	aaa_libraries
kwin	libudev.so.1	eudev
kwin	libvulkan.so.1	vulkan-sdk
kwin	libwayland-client.so.0	wayland
kwin	libwayland-server.so.0	wayland
kwin	libxcb-composite.so.0	libxcb
kwin	libxcb-dri3.so.0	libxcb
kwin	libxcb-icccm.so.4	xcb-util-wm
kwin	libxcb-keysyms.so.1	xcb-util-keysyms
kwin	libxcb-present.so.0	libxcb
kwin	libxcb-randr.so.0	libxcb
kwin	libxcb-render.so.0	libxcb
kwin	libxcb-res.so.0	libxcb
kwin	libxcb-shape.so.0	libxcb
kwin	libxcb-shm.so.0	libxcb
kwin	libxcb-sync.so.1	libxcb
kwin	libxcb-xfixes.so.0	libxcb
kwin	libxcb-xinerama.so.0	libxcb
kwin	libxcb-xinput.so.0	libxcb
kwin	libxcb.so.1	libxcb
kwin	libxcvt.so.0	libxcvt
kwin	libxkbcommon.so.0	aaa_libraries
kwin	libxkbcommon.so.0	libxkbcommon
kwin-x11	ld-linux-x86-64.so.2	aaa_glibc-solibs
kwin-x11	ld-linux-x86-64.so.2	glibc
kwin-x11	libEGL.so.1	libglvnd
kwin-x11	libGLX.so.0	libglvnd
kwin-x11	libICE.so.6	libICE
kwin-x11	libKF6Attica.so.6	attica
kwin-x11	libKF6AuthCore.so.6	kauth
kwin-x11	libKF6ColorScheme.so.6	kcolorscheme
kwin-x11	libKF6ConfigCore.so.6	kconfig
kwin-x11	libKF6ConfigGui.so.6	kconfig
kwin-x11	libKF6ConfigQml.so.6	kconfig
kwin-x11	libKF6ConfigWidgets.so.6	kconfigwidgets
kwin-x11	libKF6CoreAddons.so.6	kcoreaddons
kwin-x11	libKF6Crash.so.6	kcrash
kwin-x11	libKF6GlobalAccel.so.6	kglobalaccel
kwin-x11	libKF6GuiAddons.so.6	kguiaddons
kwin-x11	libKF6I18n.so.6	ki18n
kwin-x11	libKF6I18nQml.so.6	ki18n
kwin-x11	libKF6KCMUtils.so.6	kcmutils
kwin-x11	libKF6KCMUtilsCore.so.6	kcmutils
kwin-x11	libKF6KCMUtilsQuick.so.6	kcmutils
kwin-x11	libKF6NewStuffCore.so.6	knewstuff
kwin-x11	libKF6NewStuffWidgets.so.6	knewstuff
kwin-x11	libKF6Notifications.so.6	knotifications
kwin-x11	libKF6Package.so.6	kpackage
kwin-x11	libKF6Service.so.6	kservice
kwin-x11	libKF6Svg.so.6	ksvg
kwin-x11	libKF6WidgetsAddons.so.6	kwidgetsaddons
kwin-x11	libKF6WindowSystem.so.6	kwindowsystem
kwin-x11	libKF6XmlGui.so.6	kxmlgui
kwin-x11	libKGlobalAccelD.so.0	kglobalacceld
kwin-x11	libKNightTime.so.0	knighttime
kwin-x11	libKScreenLocker.so.6	kscreenlocker
kwin-x11	libOpenGL.so.0	libglvnd
kwin-x11	libPlasmaActivities.so.7	plasma-activities
kwin-x11	libQt6Concurrent.so.6	qt6
kwin-x11	libQt6Core.so.6	qt6
kwin-x11	libQt6DBus.so.6	qt6
kwin-x11	libQt6Gui.so.6	qt6
kwin-x11	libQt6Network.so.6	qt6
kwin-x11	libQt6OpenGL.so.6	qt6
kwin-x11	libQt6OpenGLWidgets.so.6	qt6
kwin-x11	libQt6Qml.so.6	qt6
kwin-x11	libQt6Quick.so.6	qt6
kwin-x11	libQt6Sensors.so.6	qt6
kwin-x11	libQt6Svg.so.6	qt6
kwin-x11	libQt6UiTools.so.6	qt6
kwin-x11	libQt6WaylandClient.so.6	qt6
kwin-x11	libQt6Widgets.so.6	qt6
kwin-x11	libQt6Xml.so.6	qt6
kwin-x11	libSM.so.6	libSM
kwin-x11	libX11.so.6	libX11
kwin-x11	libXext.so.6	libXext
kwin-x11	libXi.so.6	libXi
kwin-x11	libc.so.6	aaa_glibc-solibs
kwin-x11	libc.so.6	glibc
kwin-x11	libcanberra.so.0	libcanberra
kwin-x11	libdisplay-info.so.4	libdisplay-info
kwin-x11	libdrm.so.2	libdrm
kwin-x11	libepoxy.so.0	libepoxy
kwin-x11	libgbm.so.1	mesa
kwin-x11	libgcc_s.so.1	aaa_libraries
kwin-x11	libgcc_s.so.1	gcc
kwin-x11	libkdecorations3.so.6	kdecoration
kwin-x11	libkdecorations3private.so.2	kdecoration
kwin-x11	liblcms2.so.2	lcms2
kwin-x11	libm.so.6	aaa_glibc-solibs
kwin-x11	libm.so.6	glibc
kwin-x11	libqaccessibilityclient-qt6.so.0	libqaccessibilityclient
kwin-x11	libstdc++.so.6	aaa_libraries
kwin-x11	libstdc++.so.6	gcc-g++
kwin-x11	libudev.so.1	aaa_libraries
kwin-x11	libudev.so.1	eudev
kwin-x11	libwayland-client.so.0	wayland
kwin-x11	libwayland-cursor.so.0	wayland
kwin-x11	libwayland-server.so.0	wayland
kwin-x11	libxcb-composite.so.0	libxcb
kwin-x11	libxcb-cursor.so.0	xcb-util-cursor
kwin-x11	libxcb-damage.so.0	libxcb
kwin-x11	libxcb-glx.so.0	libxcb
kwin-x11	libxcb-icccm.so.4	xcb-util-wm
kwin-x11	libxcb-keysyms.so.1	xcb-util-keysyms
kwin-x11	libxcb-randr.so.0	libxcb
kwin-x11	libxcb-render.so.0	libxcb
kwin-x11	libxcb-shape.so.0	libxcb
kwin-x11	libxcb-shm.so.0	libxcb
kwin-x11	libxcb-sync.so.1	libxcb
kwin-x11	libxcb-xfixes.so.0	libxcb
kwin-x11	libxcb-xinerama.so.0	libxcb
kwin-x11	libxcb-xkb.so.1	libxcb
kwin-x11	libxcb.so.1	libxcb
kwin-x11	libxkbcommon-x11.so.0	libxkbcommon
kwin-x11	libxkbcommon.so.0	aaa_libraries
kwin-x11	libxkbcommon.so.0	libxkbcommon
kwindowsystem	libGLX.so.0	libglvnd
kwindowsystem	libICE.so.6	libICE
kwindowsystem	libOpenGL.so.0	libglvnd
kwindowsystem	libQt6Core.so.6	qt6
kwindowsystem	libQt6Gui.so.6	qt6
kwindowsystem	libQt6Network.so.6	qt6
kwindowsystem	libQt6Qml.so.6	qt6
kwindowsystem	libQt6WaylandClient.so.6	qt6
kwindowsystem	libSM.so.6	libSM
kwindowsystem	libX11.so.6	libX11
kwindowsystem	libXext.so.6	libXext
kwindowsystem	libXfixes.so.3	libXfixes
kwindowsystem	libc.so.6	aaa_glibc-solibs
kwindowsystem	libc.so.6	glibc
kwindowsystem	libgcc_s.so.1	aaa_libraries
kwindowsystem	libgcc_s.so.1	gcc
kwindowsystem	libm.so.6	aaa_glibc-solibs
kwindowsystem	libm.so.6	glibc
kwindowsystem	libstdc++.so.6	aaa_libraries
kwindowsystem	libstdc++.so.6	gcc-g++
kwindowsystem	libwayland-client.so.0	wayland
kwindowsystem	libwayland-cursor.so.0	wayland
kwindowsystem	libxcb-keysyms.so.1	xcb-util-keysyms
kwindowsystem	libxcb-res.so.0	libxcb
kwindowsystem	libxcb.so.1	libxcb
kwindowsystem	libxkbcommon.so.0	aaa_libraries
kwindowsystem	libxkbcommon.so.0	libxkbcommon
kwindowsystem5	libICE.so.6	libICE
kwindowsystem5	libQt5Core.so.5	qt5
kwindowsystem5	libQt5Gui.so.5	qt5
kwindowsystem5	libQt5Widgets.so.5	qt5
kwindowsystem5	libQt5X11Extras.so.5	qt5
kwindowsystem5	libSM.so.6	libSM
kwindowsystem5	libX11.so.6	libX11
kwindowsystem5	libXext.so.6	libXext
kwindowsystem5	libXfixes.so.3	libXfixes
kwindowsystem5	libc.so.6	aaa_glibc-solibs
kwindowsystem5	libc.so.6	glibc
kwindowsystem5	libgcc_s.so.1	aaa_libraries
kwindowsystem5	libgcc_s.so.1	gcc
kwindowsystem5	libm.so.6	aaa_glibc-solibs
kwindowsystem5	libm.so.6	glibc
kwindowsystem5	libstdc++.so.6	aaa_libraries
kwindowsystem5	libstdc++.so.6	gcc-g++
kwindowsystem5	libxcb-keysyms.so.1	xcb-util-keysyms
kwindowsystem5	libxcb-res.so.0	libxcb
kwindowsystem5	libxcb.so.1	libxcb
kwordquiz	libGLX.so.0	libglvnd
kwordquiz	libKEduVocDocument.so.5	libkeduvocdocument
kwordquiz	libKF6Attica.so.6	attica
kwordquiz	libKF6ConfigCore.so.6	kconfig
kwordquiz	libKF6ConfigGui.so.6	kconfig
kwordquiz	libKF6CoreAddons.so.6	kcoreaddons
kwordquiz	libKF6Crash.so.6	kcrash
kwordquiz	libKF6DBusAddons.so.6	kdbusaddons
kwordquiz	libKF6I18n.so.6	ki18n
kwordquiz	libKF6I18nQml.so.6	ki18n
kwordquiz	libKF6NewStuffCore.so.6	knewstuff
kwordquiz	libOpenGL.so.0	libglvnd
kwordquiz	libQt6Core.so.6	qt6
kwordquiz	libQt6DBus.so.6	qt6
kwordquiz	libQt6Gui.so.6	qt6
kwordquiz	libQt6Multimedia.so.6	qt6
kwordquiz	libQt6Network.so.6	qt6
kwordquiz	libQt6OpenGL.so.6	qt6
kwordquiz	libQt6PrintSupport.so.6	qt6
kwordquiz	libQt6Qml.so.6	qt6
kwordquiz	libQt6Quick.so.6	qt6
kwordquiz	libQt6QuickControls2.so.6	qt6
kwordquiz	libQt6Svg.so.6	qt6
kwordquiz	libQt6Widgets.so.6	qt6
kwordquiz	libQt6Xml.so.6	qt6
kwordquiz	libc.so.6	aaa_glibc-solibs
kwordquiz	libc.so.6	glibc
kwordquiz	libgcc_s.so.1	aaa_libraries
kwordquiz	libgcc_s.so.1	gcc
kwordquiz	libm.so.6	aaa_glibc-solibs
kwordquiz	libm.so.6	glibc
kwordquiz	libstdc++.so.6	aaa_libraries
kwordquiz	libstdc++.so.6	gcc-g++
kwrited	libGLX.so.0	libglvnd
kwrited	libKF6CoreAddons.so.6	kcoreaddons
kwrited	libKF6DBusAddons.so.6	kdbusaddons
kwrited	libKF6I18n.so.6	ki18n
kwrited	libKF6Notifications.so.6	knotifications
kwrited	libKF6Pty.so.6	kpty
kwrited	libOpenGL.so.0	libglvnd
kwrited	libQt6Core.so.6	qt6
kwrited	libQt6DBus.so.6	qt6
kwrited	libQt6Gui.so.6	qt6
kwrited	libc.so.6	aaa_glibc-solibs
kwrited	libc.so.6	glibc
kwrited	libgcc_s.so.1	aaa_libraries
kwrited	libgcc_s.so.1	gcc
kwrited	libm.so.6	aaa_glibc-solibs
kwrited	libm.so.6	glibc
kwrited	libstdc++.so.6	aaa_libraries
kwrited	libstdc++.so.6	gcc-g++
kxmlgui	libGLX.so.0	libglvnd
kxmlgui	libKF6ColorScheme.so.6	kcolorscheme
kxmlgui	libKF6ConfigCore.so.6	kconfig
kxmlgui	libKF6ConfigGui.so.6	kconfig
kxmlgui	libKF6ConfigWidgets.so.6	kconfigwidgets
kxmlgui	libKF6CoreAddons.so.6	kcoreaddons
kxmlgui	libKF6GlobalAccel.so.6	kglobalaccel
kxmlgui	libKF6GuiAddons.so.6	kguiaddons
kxmlgui	libKF6I18n.so.6	ki18n
kxmlgui	libKF6IconThemes.so.6	kiconthemes
kxmlgui	libKF6IconWidgets.so.6	kiconthemes
kxmlgui	libKF6ItemViews.so.6	kitemviews
kxmlgui	libKF6WidgetsAddons.so.6	kwidgetsaddons
kxmlgui	libOpenGL.so.0	libglvnd
kxmlgui	libQt6Core.so.6	qt6
kxmlgui	libQt6DBus.so.6	qt6
kxmlgui	libQt6Gui.so.6	qt6
kxmlgui	libQt6Network.so.6	qt6
kxmlgui	libQt6PrintSupport.so.6	qt6
kxmlgui	libQt6Widgets.so.6	qt6
kxmlgui	libQt6Xml.so.6	qt6
kxmlgui	libc.so.6	aaa_glibc-solibs
kxmlgui	libc.so.6	glibc
kxmlgui	libgcc_s.so.1	aaa_libraries
kxmlgui	libgcc_s.so.1	gcc
kxmlgui	libm.so.6	aaa_glibc-solibs
kxmlgui	libm.so.6	glibc
kxmlgui	libstdc++.so.6	aaa_libraries
kxmlgui	libstdc++.so.6	gcc-g++
kxmlgui5	libKF5Auth.so.5	kauth5
kxmlgui5	libKF5AuthCore.so.5	kauth5
kxmlgui5	libKF5Codecs.so.5	kcodecs5
kxmlgui5	libKF5ConfigCore.so.5	kconfig5
kxmlgui5	libKF5ConfigGui.so.5	kconfig5
kxmlgui5	libKF5ConfigWidgets.so.5	kconfigwidgets5
kxmlgui5	libKF5CoreAddons.so.5	kcoreaddons5
kxmlgui5	libKF5GlobalAccel.so.5	kglobalaccel5
kxmlgui5	libKF5GuiAddons.so.5	kguiaddons5
kxmlgui5	libKF5I18n.so.5	ki18n5
kxmlgui5	libKF5IconThemes.so.5	kiconthemes5
kxmlgui5	libKF5ItemViews.so.5	kitemviews5
kxmlgui5	libKF5WidgetsAddons.so.5	kwidgetsaddons5
kxmlgui5	libQt5Core.so.5	qt5
kxmlgui5	libQt5DBus.so.5	qt5
kxmlgui5	libQt5Gui.so.5	qt5
kxmlgui5	libQt5Network.so.5	qt5
kxmlgui5	libQt5PrintSupport.so.5	qt5
kxmlgui5	libQt5Widgets.so.5	qt5
kxmlgui5	libQt5Xml.so.5	qt5
kxmlgui5	libc.so.6	aaa_glibc-solibs
kxmlgui5	libc.so.6	glibc
kxmlgui5	libgcc_s.so.1	aaa_libraries
kxmlgui5	libgcc_s.so.1	gcc
kxmlgui5	libm.so.6	aaa_glibc-solibs
kxmlgui5	libm.so.6	glibc
kxmlgui5	libstdc++.so.6	aaa_libraries
kxmlgui5	libstdc++.so.6	gcc-g++
kxmlrpcclient5	libKF5ConfigCore.so.5	kconfig5
kxmlrpcclient5	libKF5CoreAddons.so.5	kcoreaddons5
kxmlrpcclient5	libKF5I18n.so.5	ki18n5
kxmlrpcclient5	libKF5KIOCore.so.5	kio5
kxmlrpcclient5	libKF5Service.so.5	kservice5
kxmlrpcclient5	libQt5Concurrent.so.5	qt5
kxmlrpcclient5	libQt5Core.so.5	qt5
kxmlrpcclient5	libQt5DBus.so.5	qt5
kxmlrpcclient5	libQt5Network.so.5	qt5
kxmlrpcclient5	libQt5Xml.so.5	qt5
kxmlrpcclient5	libc.so.6	aaa_glibc-solibs
kxmlrpcclient5	libc.so.6	glibc
kxmlrpcclient5	libgcc_s.so.1	aaa_libraries
kxmlrpcclient5	libgcc_s.so.1	gcc
kxmlrpcclient5	libm.so.6	aaa_glibc-solibs
kxmlrpcclient5	libm.so.6	glibc
kxmlrpcclient5	libstdc++.so.6	aaa_libraries
kxmlrpcclient5	libstdc++.so.6	gcc-g++
labplot	ld-linux-x86-64.so.2	aaa_glibc-solibs
labplot	ld-linux-x86-64.so.2	glibc
labplot	libKF6Archive.so.6	karchive
labplot	libKF6ColorScheme.so.6	kcolorscheme
labplot	libKF6Completion.so.6	kcompletion
labplot	libKF6ConfigCore.so.6	kconfig
labplot	libKF6ConfigGui.so.6	kconfig
labplot	libKF6ConfigWidgets.so.6	kconfigwidgets
labplot	libKF6CoreAddons.so.6	kcoreaddons
labplot	libKF6Crash.so.6	kcrash
labplot	libKF6I18n.so.6	ki18n
labplot	libKF6IconThemes.so.6	kiconthemes
labplot	libKF6KIOWidgets.so.6	kio
labplot	libKF6Parts.so.6	kparts
labplot	libKF6Purpose.so.6	purpose
labplot	libKF6PurposeWidgets.so.6	purpose
labplot	libKF6SyntaxHighlighting.so.6	syntax-highlighting
labplot	libKF6TextWidgets.so.6	ktextwidgets
labplot	libKF6WidgetsAddons.so.6	kwidgetsaddons
labplot	libKF6XmlGui.so.6	kxmlgui
labplot	libQt6Core.so.6	qt6
labplot	libQt6Gui.so.6	qt6
labplot	libQt6Mqtt.so.6	qt6
labplot	libQt6Network.so.6	qt6
labplot	libQt6PrintSupport.so.6	qt6
labplot	libQt6SerialPort.so.6	qt6
labplot	libQt6Sql.so.6	qt6
labplot	libQt6Svg.so.6	qt6
labplot	libQt6Widgets.so.6	qt6
labplot	libQt6Xml.so.6	qt6
labplot	libc.so.6	aaa_glibc-solibs
labplot	libc.so.6	glibc
labplot	libcantorlibs.so.28	cantor
labplot	libcfitsio.so.10	cfitsio
labplot	libfftw3.so.3	fftw
labplot	libgcc_s.so.1	aaa_libraries
labplot	libgcc_s.so.1	gcc
labplot	libgsl.so.28	gsl
labplot	libgslcblas.so.0	gsl
labplot	liblz4.so.1	lz4
labplot	libm.so.6	aaa_glibc-solibs
labplot	libm.so.6	glibc
labplot	libpoppler-qt6.so.3	poppler
labplot	libreadstat.so.1	readstat
labplot	libstdc++.so.6	aaa_libraries
labplot	libstdc++.so.6	gcc-g++
labplot	libxcb.so.1	libxcb
labplot	libz.so.1	aaa_libraries
labplot	libz.so.1	zlib
labplot	libzstd.so.1	aaa_libraries
labplot	libzstd.so.1	zstd
labwc	libc.so.6	aaa_glibc-solibs
labwc	libc.so.6	glibc
labwc	libcairo.so.2	cairo
labwc	libglib-2.0.so.0	aaa_libraries
labwc	libglib-2.0.so.0	glib2
labwc	libgobject-2.0.so.0	aaa_libraries
labwc	libgobject-2.0.so.0	glib2
labwc	libinput.so.10	libinput
labwc	libm.so.6	aaa_glibc-solibs
labwc	libm.so.6	glibc
labwc	libpango-1.0.so.0	pango
labwc	libpangocairo-1.0.so.0	pango
labwc	libpixman-1.so.0	pixman
labwc	libpng16.so.16	aaa_libraries
labwc	libpng16.so.16	libpng
labwc	librsvg-2.so.2	librsvg
labwc	libsfdo-basedir.so.0	libsfdo
labwc	libsfdo-desktop.so.0	libsfdo
labwc	libsfdo-icon.so.0	libsfdo
labwc	libwayland-client.so.0	wayland
labwc	libwayland-cursor.so.0	wayland
labwc	libwayland-server.so.0	wayland
labwc	libwlroots-0.20.so	wlroots
labwc	libxcb-ewmh.so.2	xcb-util-wm
labwc	libxcb.so.1	libxcb
labwc	libxkbcommon.so.0	aaa_libraries
labwc	libxkbcommon.so.0	libxkbcommon
labwc	libxml2.so.16	libxml2
lame	libc.so.6	aaa_glibc-solibs
lame	libc.so.6	glibc
lame	libm.so.6	aaa_glibc-solibs
lame	libm.so.6	glibc
lame	libmpg123.so.0	mpg123
lame	libncursesw.so.6	aaa_libraries
lame	libncursesw.so.6	ncurses
lame	libtinfo.so.6	aaa_libraries
lame	libtinfo.so.6	ncurses
layer-shell-qt	ld-linux-x86-64.so.2	aaa_glibc-solibs
layer-shell-qt	ld-linux-x86-64.so.2	glibc
layer-shell-qt	libGLX.so.0	libglvnd
layer-shell-qt	libOpenGL.so.0	libglvnd
layer-shell-qt	libQt6Core.so.6	qt6
layer-shell-qt	libQt6Gui.so.6	qt6
layer-shell-qt	libQt6Network.so.6	qt6
layer-shell-qt	libQt6Qml.so.6	qt6
layer-shell-qt	libQt6WaylandClient.so.6	qt6
layer-shell-qt	libc.so.6	aaa_glibc-solibs
layer-shell-qt	libc.so.6	glibc
layer-shell-qt	libgcc_s.so.1	aaa_libraries
layer-shell-qt	libgcc_s.so.1	gcc
layer-shell-qt	libm.so.6	aaa_glibc-solibs
layer-shell-qt	libm.so.6	glibc
layer-shell-qt	libstdc++.so.6	aaa_libraries
layer-shell-qt	libstdc++.so.6	gcc-g++
layer-shell-qt	libwayland-client.so.0	wayland
layer-shell-qt	libwayland-cursor.so.0	wayland
layer-shell-qt	libxkbcommon.so.0	aaa_libraries
layer-shell-qt	libxkbcommon.so.0	libxkbcommon
lbzip2	libc.so.6	aaa_glibc-solibs
lbzip2	libc.so.6	glibc
lcms	libc.so.6	aaa_glibc-solibs
lcms	libc.so.6	glibc
lcms	libjpeg.so.62	aaa_libraries
lcms	libjpeg.so.62	libjpeg-turbo
lcms	libm.so.6	aaa_glibc-solibs
lcms	libm.so.6	glibc
lcms	libtiff.so.6	aaa_libraries
lcms	libtiff.so.6	libtiff
lcms	libz.so.1	aaa_libraries
lcms	libz.so.1	zlib
lcms2	libc.so.6	aaa_glibc-solibs
lcms2	libc.so.6	glibc
lcms2	libjpeg.so.62	aaa_libraries
lcms2	libjpeg.so.62	libjpeg-turbo
lcms2	libm.so.6	aaa_glibc-solibs
lcms2	libm.so.6	glibc
lcms2	libtiff.so.6	aaa_libraries
lcms2	libtiff.so.6	libtiff
lcms2	libz.so.1	aaa_libraries
lcms2	libz.so.1	zlib
lensfun	libc.so.6	aaa_glibc-solibs
lensfun	libc.so.6	glibc
lensfun	libgcc_s.so.1	aaa_libraries
lensfun	libgcc_s.so.1	gcc
lensfun	libglib-2.0.so.0	aaa_libraries
lensfun	libglib-2.0.so.0	glib2
lensfun	libm.so.6	aaa_glibc-solibs
lensfun	libm.so.6	glibc
lensfun	libpng16.so.16	aaa_libraries
lensfun	libpng16.so.16	libpng
lensfun	libstdc++.so.6	aaa_libraries
lensfun	libstdc++.so.6	gcc-g++
lensfun	libz.so.1	aaa_libraries
lensfun	libz.so.1	zlib
leptonica	libc.so.6	aaa_glibc-solibs
leptonica	libc.so.6	glibc
leptonica	libgif.so.7	giflib
leptonica	libjpeg.so.62	aaa_libraries
leptonica	libjpeg.so.62	libjpeg-turbo
leptonica	libm.so.6	aaa_glibc-solibs
leptonica	libm.so.6	glibc
leptonica	libopenjp2.so.7	openjpeg
leptonica	libpng16.so.16	aaa_libraries
leptonica	libpng16.so.16	libpng
leptonica	libtiff.so.6	aaa_libraries
leptonica	libtiff.so.6	libtiff
leptonica	libwebp.so.7	libwebp
leptonica	libwebpmux.so.3	libwebp
leptonica	libz.so.1	aaa_libraries
leptonica	libz.so.1	zlib
less	libc.so.6	aaa_glibc-solibs
less	libc.so.6	glibc
less	libtinfo.so.6	aaa_libraries
less	libtinfo.so.6	ncurses
lftp	libc.so.6	aaa_glibc-solibs
lftp	libc.so.6	glibc
lftp	libcrypto.so.3	openssl
lftp	libcrypto.so.3	openssl-solibs
lftp	libexpat.so.1	aaa_libraries
lftp	libexpat.so.1	expat
lftp	libgcc_s.so.1	aaa_libraries
lftp	libgcc_s.so.1	gcc
lftp	libidn2.so.0	aaa_libraries
lftp	libidn2.so.0	libidn2
lftp	libm.so.6	aaa_glibc-solibs
lftp	libm.so.6	glibc
lftp	libreadline.so.8	aaa_libraries
lftp	libreadline.so.8	readline
lftp	libssl.so.3	openssl
lftp	libssl.so.3	openssl-solibs
lftp	libstdc++.so.6	aaa_libraries
lftp	libstdc++.so.6	gcc-g++
lftp	libtinfo.so.6	aaa_libraries
lftp	libtinfo.so.6	ncurses
lftp	libz.so.1	aaa_libraries
lftp	libz.so.1	zlib
lhasa	libc.so.6	aaa_glibc-solibs
lhasa	libc.so.6	glibc
libFS	libc.so.6	aaa_glibc-solibs
libFS	libc.so.6	glibc
libICE	libc.so.6	aaa_glibc-solibs
libICE	libc.so.6	glibc
libQuotient	ld-linux-x86-64.so.2	aaa_glibc-solibs
libQuotient	ld-linux-x86-64.so.2	glibc
libQuotient	libGLX.so.0	libglvnd
libQuotient	libOpenGL.so.0	libglvnd
libQuotient	libQt6Concurrent.so.6	qt6
libQuotient	libQt6Core.so.6	qt6
libQuotient	libQt6DBus.so.6	qt6
libQuotient	libQt6Gui.so.6	qt6
libQuotient	libQt6Network.so.6	qt6
libQuotient	libQt6Sql.so.6	qt6
libQuotient	libQt6Test.so.6	qt6
libQuotient	libc.so.6	aaa_glibc-solibs
libQuotient	libc.so.6	glibc
libQuotient	libcrypto.so.3	openssl
libQuotient	libcrypto.so.3	openssl-solibs
libQuotient	libgcc_s.so.1	aaa_libraries
libQuotient	libgcc_s.so.1	gcc
libQuotient	libm.so.6	aaa_glibc-solibs
libQuotient	libm.so.6	glibc
libQuotient	libolm.so.3	olm
libQuotient	libqt6keychain.so.1	qtkeychain
libQuotient	libstdc++.so.6	aaa_libraries
libQuotient	libstdc++.so.6	gcc-g++
libSM	libICE.so.6	libICE
libSM	libc.so.6	aaa_glibc-solibs
libSM	libc.so.6	glibc
libSM	libuuid.so.1	util-linux
libX11	libc.so.6	aaa_glibc-solibs
libX11	libc.so.6	glibc
libX11	libxcb.so.1	libxcb
libXScrnSaver	libX11.so.6	libX11
libXScrnSaver	libXext.so.6	libXext
libXScrnSaver	libc.so.6	aaa_glibc-solibs
libXScrnSaver	libc.so.6	glibc
libXau	libc.so.6	aaa_glibc-solibs
libXau	libc.so.6	glibc
libXaw	libX11.so.6	libX11
libXaw	libXext.so.6	libXext
libXaw	libXmu.so.6	libXmu
libXaw	libXpm.so.4	libXpm
libXaw	libXt.so.6	libXt
libXaw	libc.so.6	aaa_glibc-solibs
libXaw	libc.so.6	glibc
libXaw3d	libX11.so.6	libX11
libXaw3d	libXext.so.6	libXext
libXaw3d	libXmu.so.6	libXmu
libXaw3d	libXpm.so.4	libXpm
libXaw3d	libXt.so.6	libXt
libXaw3d	libc.so.6	aaa_glibc-solibs
libXaw3d	libc.so.6	glibc
libXaw3dXft	libX11.so.6	libX11
libXaw3dXft	libXext.so.6	libXext
libXaw3dXft	libXft.so.2	libXft
libXaw3dXft	libXmu.so.6	libXmu
libXaw3dXft	libXpm.so.4	libXpm
libXaw3dXft	libXt.so.6	libXt
libXaw3dXft	libc.so.6	aaa_glibc-solibs
libXaw3dXft	libc.so.6	glibc
libXcm	libX11.so.6	libX11
libXcm	libXfixes.so.3	libXfixes
libXcm	libXmu.so.6	libXmu
libXcm	libXt.so.6	libXt
libXcm	libc.so.6	aaa_glibc-solibs
libXcm	libc.so.6	glibc
libXcm	libm.so.6	aaa_glibc-solibs
libXcm	libm.so.6	glibc
libXcomposite	libX11.so.6	libX11
libXcomposite	libc.so.6	aaa_glibc-solibs
libXcomposite	libc.so.6	glibc
libXcursor	libX11.so.6	libX11
libXcursor	libXfixes.so.3	libXfixes
libXcursor	libXrender.so.1	libXrender
libXcursor	libc.so.6	aaa_glibc-solibs
libXcursor	libc.so.6	glibc
libXdamage	libX11.so.6	libX11
libXdamage	libXfixes.so.3	libXfixes
libXdamage	libc.so.6	aaa_glibc-solibs
libXdamage	libc.so.6	glibc
libXdmcp	libc.so.6	aaa_glibc-solibs
libXdmcp	libc.so.6	glibc
libXevie	libX11.so.6	libX11
libXevie	libXext.so.6	libXext
libXevie	libc.so.6	aaa_glibc-solibs
libXevie	libc.so.6	glibc
libXext	libX11.so.6	libX11
libXext	libc.so.6	aaa_glibc-solibs
libXext	libc.so.6	glibc
libXfixes	libX11.so.6	libX11
libXfixes	libc.so.6	aaa_glibc-solibs
libXfixes	libc.so.6	glibc
libXfont2	libc.so.6	aaa_glibc-solibs
libXfont2	libc.so.6	glibc
libXfont2	libfontenc.so.1	libfontenc
libXfont2	libfreetype.so.6	freetype
libXfont2	libm.so.6	aaa_glibc-solibs
libXfont2	libm.so.6	glibc
libXfont2	libz.so.1	aaa_libraries
libXfont2	libz.so.1	zlib
libXfontcache	libX11.so.6	libX11
libXfontcache	libXext.so.6	libXext
libXfontcache	libc.so.6	aaa_glibc-solibs
libXfontcache	libc.so.6	glibc
libXft	libX11.so.6	libX11
libXft	libXrender.so.1	libXrender
libXft	libc.so.6	aaa_glibc-solibs
libXft	libc.so.6	glibc
libXft	libfontconfig.so.1	fontconfig
libXft	libfreetype.so.6	freetype
libXi	libX11.so.6	libX11
libXi	libXext.so.6	libXext
libXi	libc.so.6	aaa_glibc-solibs
libXi	libc.so.6	glibc
libXinerama	libX11.so.6	libX11
libXinerama	libXext.so.6	libXext
libXinerama	libc.so.6	aaa_glibc-solibs
libXinerama	libc.so.6	glibc
libXmu	libX11.so.6	libX11
libXmu	libXext.so.6	libXext
libXmu	libXt.so.6	libXt
libXmu	libc.so.6	aaa_glibc-solibs
libXmu	libc.so.6	glibc
libXp	libX11.so.6	libX11
libXp	libXau.so.6	libXau
libXp	libXext.so.6	libXext
libXp	libc.so.6	aaa_glibc-solibs
libXp	libc.so.6	glibc
libXpm	libX11.so.6	libX11
libXpm	libXext.so.6	libXext
libXpm	libXt.so.6	libXt
libXpm	libc.so.6	aaa_glibc-solibs
libXpm	libc.so.6	glibc
libXpresent	libX11.so.6	libX11
libXpresent	libXext.so.6	libXext
libXpresent	libXfixes.so.3	libXfixes
libXpresent	libXrandr.so.2	libXrandr
libXpresent	libc.so.6	aaa_glibc-solibs
libXpresent	libc.so.6	glibc
libXrandr	libX11.so.6	libX11
libXrandr	libXext.so.6	libXext
libXrandr	libXrender.so.1	libXrender
libXrandr	libc.so.6	aaa_glibc-solibs
libXrandr	libc.so.6	glibc
libXrender	libX11.so.6	libX11
libXrender	libc.so.6	aaa_glibc-solibs
libXrender	libc.so.6	glibc
libXres	libX11.so.6	libX11
libXres	libXext.so.6	libXext
libXres	libc.so.6	aaa_glibc-solibs
libXres	libc.so.6	glibc
libXt	libICE.so.6	libICE
libXt	libSM.so.6	libSM
libXt	libX11.so.6	libX11
libXt	libc.so.6	aaa_glibc-solibs
libXt	libc.so.6	glibc
libXtst	libX11.so.6	libX11
libXtst	libXext.so.6	libXext
libXtst	libXi.so.6	libXi
libXtst	libc.so.6	aaa_glibc-solibs
libXtst	libc.so.6	glibc
libXv	libX11.so.6	libX11
libXv	libXext.so.6	libXext
libXv	libc.so.6	aaa_glibc-solibs
libXv	libc.so.6	glibc
libXvMC	libX11.so.6	libX11
libXvMC	libXext.so.6	libXext
libXvMC	libXv.so.1	libXv
libXvMC	libc.so.6	aaa_glibc-solibs
libXvMC	libc.so.6	glibc
libXxf86dga	libX11.so.6	libX11
libXxf86dga	libXext.so.6	libXext
libXxf86dga	libc.so.6	aaa_glibc-solibs
libXxf86dga	libc.so.6	glibc
libXxf86misc	libX11.so.6	libX11
libXxf86misc	libXext.so.6	libXext
libXxf86misc	libc.so.6	aaa_glibc-solibs
libXxf86misc	libc.so.6	glibc
libXxf86vm	libX11.so.6	libX11
libXxf86vm	libXext.so.6	libXext
libXxf86vm	libc.so.6	aaa_glibc-solibs
libXxf86vm	libc.so.6	glibc
libadwaita	libc.so.6	aaa_glibc-solibs
libadwaita	libc.so.6	glibc
libadwaita	libfribidi.so.0	fribidi
libadwaita	libgio-2.0.so.0	glib2
libadwaita	libglib-2.0.so.0	aaa_libraries
libadwaita	libglib-2.0.so.0	glib2
libadwaita	libgobject-2.0.so.0	aaa_libraries
libadwaita	libgobject-2.0.so.0	glib2
libadwaita	libgraphene-1.0.so.0	graphene
libadwaita	libgtk-4.so.1	gtk4
libadwaita	libm.so.6	aaa_glibc-solibs
libadwaita	libm.so.6	glibc
libadwaita	libpango-1.0.so.0	pango
libaio	libc.so.6	aaa_glibc-solibs
libaio	libc.so.6	glibc
libao	libasound.so.2	aaa_libraries
libao	libasound.so.2	alsa-lib
libao	libc.so.6	aaa_glibc-solibs
libao	libc.so.6	glibc
libao	libesd.so.0	esound
libao	libpulse-simple.so.0	pulseaudio
libao	libpulse.so.0	pulseaudio
libappindicator	libatk-1.0.so.0	at-spi2-core
libappindicator	libc.so.6	aaa_glibc-solibs
libappindicator	libc.so.6	glibc
libappindicator	libcairo-gobject.so.2	cairo
libappindicator	libcairo.so.2	cairo
libappindicator	libdbusmenu-glib.so.4	libdbusmenu
libappindicator	libdbusmenu-gtk.so.4	libdbusmenu
libappindicator	libdbusmenu-gtk3.so.4	libdbusmenu
libappindicator	libfontconfig.so.1	fontconfig
libappindicator	libfreetype.so.6	freetype
libappindicator	libgdk-3.so.0	gtk+3
libappindicator	libgdk-x11-2.0.so.0	gtk+2
libappindicator	libgdk_pixbuf-2.0.so.0	gdk-pixbuf2
libappindicator	libgio-2.0.so.0	glib2
libappindicator	libglib-2.0.so.0	aaa_libraries
libappindicator	libglib-2.0.so.0	glib2
libappindicator	libgobject-2.0.so.0	aaa_libraries
libappindicator	libgobject-2.0.so.0	glib2
libappindicator	libgtk-3.so.0	gtk+3
libappindicator	libgtk-x11-2.0.so.0	gtk+2
libappindicator	libharfbuzz.so.0	harfbuzz
libappindicator	libpango-1.0.so.0	pango
libappindicator	libpangocairo-1.0.so.0	pango
libappindicator	libpangoft2-1.0.so.0	pango
libappindicator	libz.so.1	aaa_libraries
libappindicator	libz.so.1	zlib
libarchive	libacl.so.1	aaa_libraries
libarchive	libacl.so.1	acl
libarchive	libbz2.so.1	aaa_libraries
libarchive	libbz2.so.1	bzip2
libarchive	libc.so.6	aaa_glibc-solibs
libarchive	libc.so.6	glibc
libarchive	libcrypto.so.3	openssl
libarchive	libcrypto.so.3	openssl-solibs
libarchive	liblz4.so.1	lz4
libarchive	liblzma.so.5	aaa_libraries
libarchive	liblzma.so.5	xz
libarchive	libxml2.so.16	libxml2
libarchive	libz.so.1	aaa_libraries
libarchive	libz.so.1	zlib
libarchive	libzstd.so.1	aaa_libraries
libarchive	libzstd.so.1	zstd
libass	libc.so.6	aaa_glibc-solibs
libass	libc.so.6	glibc
libass	libfontconfig.so.1	fontconfig
libass	libfreetype.so.6	freetype
libass	libfribidi.so.0	fribidi
libass	libharfbuzz.so.0	harfbuzz
libass	libm.so.6	aaa_glibc-solibs
libass	libm.so.6	glibc
libass	libunibreak.so.8	libunibreak
libassuan	libc.so.6	aaa_glibc-solibs
libassuan	libc.so.6	glibc
libassuan	libgpg-error.so.0	aaa_libraries
libassuan	libgpg-error.so.0	libgpg-error
libasyncns	libc.so.6	aaa_glibc-solibs
libasyncns	libc.so.6	glibc
libasyncns	libnsl.so.3	aaa_libraries
libasyncns	libnsl.so.3	libnsl
libatasmart	libc.so.6	aaa_glibc-solibs
libatasmart	libc.so.6	glibc
libatasmart	libudev.so.1	aaa_libraries
libatasmart	libudev.so.1	eudev
libblockdev	ld-linux-x86-64.so.2	aaa_glibc-solibs
libblockdev	ld-linux-x86-64.so.2	glibc
libblockdev	libatasmart.so.4	libatasmart
libblockdev	libblkid.so.1	util-linux
libblockdev	libbytesize.so.1	libbytesize
libblockdev	libc.so.6	aaa_glibc-solibs
libblockdev	libc.so.6	glibc
libblockdev	libcryptsetup.so.12	cryptsetup
libblockdev	libdevmapper.so.1.02	aaa_libraries
libblockdev	libdevmapper.so.1.02	lvm2
libblockdev	libe2p.so.2	e2fsprogs
libblockdev	libext2fs.so.2	e2fsprogs
libblockdev	libfdisk.so.1	util-linux
libblockdev	libgio-2.0.so.0	glib2
libblockdev	libglib-2.0.so.0	aaa_libraries
libblockdev	libglib-2.0.so.0	glib2
libblockdev	libgobject-2.0.so.0	aaa_libraries
libblockdev	libgobject-2.0.so.0	glib2
libblockdev	libjson-glib-1.0.so.0	json-glib
libblockdev	libkeyutils.so.1	aaa_libraries
libblockdev	libkeyutils.so.1	keyutils
libblockdev	libkmod.so.2	kmod
libblockdev	libm.so.6	aaa_glibc-solibs
libblockdev	libm.so.6	glibc
libblockdev	libmount.so.1	util-linux
libblockdev	libndctl.so.6	ndctl
libblockdev	libnspr4.so	mozilla-nss
libblockdev	libnss3.so	mozilla-nss
libblockdev	libnssutil3.so	mozilla-nss
libblockdev	libnvme.so.1	libnvme
libblockdev	libparted-fs-resize.so.0	parted
libblockdev	libparted.so.2	parted
libblockdev	libplc4.so	mozilla-nss
libblockdev	libplds4.so	mozilla-nss
libblockdev	libsmime3.so	mozilla-nss
libblockdev	libsoftokn3.so	mozilla-nss
libblockdev	libsqlite3.so.0	sqlite
libblockdev	libssl3.so	mozilla-nss
libblockdev	libudev.so.1	aaa_libraries
libblockdev	libudev.so.1	eudev
libblockdev	libuuid.so.1	util-linux
libblockdev	libvolume_key.so.1	volume_key
libblockdev	libyaml-0.so.2	libyaml
libbluray	libc.so.6	aaa_glibc-solibs
libbluray	libc.so.6	glibc
libbluray	libfontconfig.so.1	fontconfig
libbluray	libfreetype.so.6	freetype
libbluray	libxml2.so.16	libxml2
libburn	libc.so.6	aaa_glibc-solibs
libburn	libc.so.6	glibc
libbytesize	libc.so.6	aaa_glibc-solibs
libbytesize	libc.so.6	glibc
libbytesize	libgmp.so.10	aaa_libraries
libbytesize	libgmp.so.10	gmp
libbytesize	libmpfr.so.6	aaa_libraries
libbytesize	libmpfr.so.6	mpfr
libbytesize	libpcre2-8.so.0	aaa_libraries
libbytesize	libpcre2-8.so.0	pcre2
libcaca	libGL.so.1	libglvnd
libcaca	libGLU.so.1	glu
libcaca	libX11.so.6	libX11
libcaca	libc.so.6	aaa_glibc-solibs
libcaca	libc.so.6	glibc
libcaca	libgcc_s.so.1	aaa_libraries
libcaca	libgcc_s.so.1	gcc
libcaca	libglut.so.3	freeglut
libcaca	libm.so.6	aaa_glibc-solibs
libcaca	libm.so.6	glibc
libcaca	libncursesw.so.6	aaa_libraries
libcaca	libncursesw.so.6	ncurses
libcaca	libslang.so.2	aaa_libraries
libcaca	libslang.so.2	slang
libcaca	libstdc++.so.6	aaa_libraries
libcaca	libstdc++.so.6	gcc-g++
libcaca	libtinfo.so.6	aaa_libraries
libcaca	libtinfo.so.6	ncurses
libcaca	libz.so.1	aaa_libraries
libcaca	libz.so.1	zlib
libcacard	libc.so.6	aaa_glibc-solibs
libcacard	libc.so.6	glibc
libcacard	libglib-2.0.so.0	aaa_libraries
libcacard	libglib-2.0.so.0	glib2
libcacard	libnspr4.so	mozilla-nss
libcacard	libnss3.so	mozilla-nss
libcacard	libpcsclite.so.1	pcsc-lite
libcanberra	libX11.so.6	libX11
libcanberra	libasound.so.2	aaa_libraries
libcanberra	libasound.so.2	alsa-lib
libcanberra	libatk-1.0.so.0	at-spi2-core
libcanberra	libc.so.6	aaa_glibc-solibs
libcanberra	libc.so.6	glibc
libcanberra	libcairo-gobject.so.2	cairo
libcanberra	libcairo.so.2	cairo
libcanberra	libfontconfig.so.1	fontconfig
libcanberra	libfreetype.so.6	freetype
libcanberra	libgdk-3.so.0	gtk+3
libcanberra	libgdk-x11-2.0.so.0	gtk+2
libcanberra	libgdk_pixbuf-2.0.so.0	gdk-pixbuf2
libcanberra	libgio-2.0.so.0	glib2
libcanberra	libglib-2.0.so.0	aaa_libraries
libcanberra	libglib-2.0.so.0	glib2
libcanberra	libgobject-2.0.so.0	aaa_libraries
libcanberra	libgobject-2.0.so.0	glib2
libcanberra	libgstreamer-1.0.so.0	gstreamer
libcanberra	libgthread-2.0.so.0	aaa_libraries
libcanberra	libgthread-2.0.so.0	glib2
libcanberra	libgtk-3.so.0	gtk+3
libcanberra	libgtk-x11-2.0.so.0	gtk+2
libcanberra	libharfbuzz.so.0	harfbuzz
libcanberra	libltdl.so.7	aaa_libraries
libcanberra	libltdl.so.7	libtool
libcanberra	libm.so.6	aaa_glibc-solibs
libcanberra	libm.so.6	glibc
libcanberra	libpango-1.0.so.0	pango
libcanberra	libpangocairo-1.0.so.0	pango
libcanberra	libpangoft2-1.0.so.0	pango
libcanberra	libpulse.so.0	pulseaudio
libcanberra	libtdb.so.1	aaa_libraries
libcanberra	libtdb.so.1	tdb
libcanberra	libudev.so.1	aaa_libraries
libcanberra	libudev.so.1	eudev
libcanberra	libvorbisfile.so.3	libvorbis
libcanberra	libz.so.1	aaa_libraries
libcanberra	libz.so.1	zlib
libcap	libc.so.6	aaa_glibc-solibs
libcap	libc.so.6	glibc
libcap	libcap.so.2	aaa_libraries
libcap-ng	ld-linux-x86-64.so.2	aaa_glibc-solibs
libcap-ng	ld-linux-x86-64.so.2	glibc
libcap-ng	libc.so.6	aaa_glibc-solibs
libcap-ng	libc.so.6	glibc
libcap-ng	libm.so.6	aaa_glibc-solibs
libcap-ng	libm.so.6	glibc
libcbor	libc.so.6	aaa_glibc-solibs
libcbor	libc.so.6	glibc
libcddb	libc.so.6	aaa_glibc-solibs
libcddb	libc.so.6	glibc
libcddb	libcdio.so.21	libcdio
libcddb	libm.so.6	aaa_glibc-solibs
libcddb	libm.so.6	glibc
libcdio	ld-linux-x86-64.so.2	aaa_glibc-solibs
libcdio	ld-linux-x86-64.so.2	glibc
libcdio	libc.so.6	aaa_glibc-solibs
libcdio	libc.so.6	glibc
libcdio	libcddb.so.2	libcddb
libcdio	libgcc_s.so.1	aaa_libraries
libcdio	libgcc_s.so.1	gcc
libcdio	libm.so.6	aaa_glibc-solibs
libcdio	libm.so.6	glibc
libcdio	libncursesw.so.6	aaa_libraries
libcdio	libncursesw.so.6	ncurses
libcdio	libstdc++.so.6	aaa_libraries
libcdio	libstdc++.so.6	gcc-g++
libcdio	libtinfo.so.6	aaa_libraries
libcdio	libtinfo.so.6	ncurses
libcdio-paranoia	libc.so.6	aaa_glibc-solibs
libcdio-paranoia	libc.so.6	glibc
libcdio-paranoia	libcdio.so.21	libcdio
libcdio-paranoia	libm.so.6	aaa_glibc-solibs
libcdio-paranoia	libm.so.6	glibc
libcec	libX11.so.6	libX11
libcec	libXrandr.so.2	libXrandr
libcec	libc.so.6	aaa_glibc-solibs
libcec	libc.so.6	glibc
libcec	libgcc_s.so.1	aaa_libraries
libcec	libgcc_s.so.1	gcc
libcec	libm.so.6	aaa_glibc-solibs
libcec	libm.so.6	glibc
libcec	libncursesw.so.6	aaa_libraries
libcec	libncursesw.so.6	ncurses
libcec	libpython3.12.so.1.0	python3
libcec	libstdc++.so.6	aaa_libraries
libcec	libstdc++.so.6	gcc-g++
libcec	libtinfo.so.6	aaa_libraries
libcec	libtinfo.so.6	ncurses
libcec	libudev.so.1	aaa_libraries
libcec	libudev.so.1	eudev
libcgroup	ld-linux-x86-64.so.2	aaa_glibc-solibs
libcgroup	ld-linux-x86-64.so.2	glibc
libcgroup	libc.so.6	aaa_glibc-solibs
libcgroup	libc.so.6	glibc
libcgroup	libpam.so.0	pam
libcue	libc.so.6	aaa_glibc-solibs
libcue	libc.so.6	glibc
libcupsfilters	libc.so.6	aaa_glibc-solibs
libcupsfilters	libc.so.6	glibc
libcupsfilters	libcups.so.2	aaa_libraries
libcupsfilters	libcups.so.2	cups
libcupsfilters	libdbus-1.so.3	dbus
libcupsfilters	libexif.so.12	libexif
libcupsfilters	libfontconfig.so.1	fontconfig
libcupsfilters	libgcc_s.so.1	aaa_libraries
libcupsfilters	libgcc_s.so.1	gcc
libcupsfilters	libjpeg.so.62	aaa_libraries
libcupsfilters	libjpeg.so.62	libjpeg-turbo
libcupsfilters	liblcms2.so.2	lcms2
libcupsfilters	libm.so.6	aaa_glibc-solibs
libcupsfilters	libm.so.6	glibc
libcupsfilters	libpng16.so.16	aaa_libraries
libcupsfilters	libpng16.so.16	libpng
libcupsfilters	libpoppler-cpp.so.3	poppler
libcupsfilters	libqpdf.so.30	qpdf
libcupsfilters	libstdc++.so.6	aaa_libraries
libcupsfilters	libstdc++.so.6	gcc-g++
libcupsfilters	libtiff.so.6	aaa_libraries
libcupsfilters	libtiff.so.6	libtiff
libdaemon	libc.so.6	aaa_glibc-solibs
libdaemon	libc.so.6	glibc
libdbusmenu	libX11.so.6	libX11
libdbusmenu	libatk-1.0.so.0	at-spi2-core
libdbusmenu	libc.so.6	aaa_glibc-solibs
libdbusmenu	libc.so.6	glibc
libdbusmenu	libcairo-gobject.so.2	cairo
libdbusmenu	libcairo.so.2	cairo
libdbusmenu	libfontconfig.so.1	fontconfig
libdbusmenu	libfreetype.so.6	freetype
libdbusmenu	libgdk-3.so.0	gtk+3
libdbusmenu	libgdk-x11-2.0.so.0	gtk+2
libdbusmenu	libgdk_pixbuf-2.0.so.0	gdk-pixbuf2
libdbusmenu	libgio-2.0.so.0	glib2
libdbusmenu	libglib-2.0.so.0	aaa_libraries
libdbusmenu	libglib-2.0.so.0	glib2
libdbusmenu	libgobject-2.0.so.0	aaa_libraries
libdbusmenu	libgobject-2.0.so.0	glib2
libdbusmenu	libgtk-3.so.0	gtk+3
libdbusmenu	libgtk-x11-2.0.so.0	gtk+2
libdbusmenu	libharfbuzz.so.0	harfbuzz
libdbusmenu	libpango-1.0.so.0	pango
libdbusmenu	libpangocairo-1.0.so.0	pango
libdbusmenu	libpangoft2-1.0.so.0	pango
libdbusmenu	libz.so.1	aaa_libraries
libdbusmenu	libz.so.1	zlib
libdbusmenu-qt	libQt5Core.so.5	qt5
libdbusmenu-qt	libQt5DBus.so.5	qt5
libdbusmenu-qt	libQt5Gui.so.5	qt5
libdbusmenu-qt	libQt5Widgets.so.5	qt5
libdbusmenu-qt	libc.so.6	aaa_glibc-solibs
libdbusmenu-qt	libc.so.6	glibc
libdbusmenu-qt	libgcc_s.so.1	aaa_libraries
libdbusmenu-qt	libgcc_s.so.1	gcc
libdbusmenu-qt	libm.so.6	aaa_glibc-solibs
libdbusmenu-qt	libm.so.6	glibc
libdbusmenu-qt	libstdc++.so.6	aaa_libraries
libdbusmenu-qt	libstdc++.so.6	gcc-g++
libdecor	libc.so.6	aaa_glibc-solibs
libdecor	libc.so.6	glibc
libdecor	libcairo.so.2	cairo
libdecor	libdbus-1.so.3	dbus
libdecor	libgdk-3.so.0	gtk+3
libdecor	libglib-2.0.so.0	aaa_libraries
libdecor	libglib-2.0.so.0	glib2
libdecor	libgobject-2.0.so.0	aaa_libraries
libdecor	libgobject-2.0.so.0	glib2
libdecor	libgtk-3.so.0	gtk+3
libdecor	libm.so.6	aaa_glibc-solibs
libdecor	libm.so.6	glibc
libdecor	libpango-1.0.so.0	pango
libdecor	libpangocairo-1.0.so.0	pango
libdecor	libwayland-client.so.0	wayland
libdecor	libwayland-cursor.so.0	wayland
libdeflate	libc.so.6	aaa_glibc-solibs
libdeflate	libc.so.6	glibc
libdiscid	ld-linux-x86-64.so.2	aaa_glibc-solibs
libdiscid	ld-linux-x86-64.so.2	glibc
libdiscid	libc.so.6	aaa_glibc-solibs
libdiscid	libc.so.6	glibc
libdisplay-info	libc.so.6	aaa_glibc-solibs
libdisplay-info	libc.so.6	glibc
libdisplay-info	libm.so.6	aaa_glibc-solibs
libdisplay-info	libm.so.6	glibc
libdmtx	libc.so.6	aaa_glibc-solibs
libdmtx	libc.so.6	glibc
libdmtx	libm.so.6	aaa_glibc-solibs
libdmtx	libm.so.6	glibc
libdmx	libX11.so.6	libX11
libdmx	libXext.so.6	libXext
libdmx	libc.so.6	aaa_glibc-solibs
libdmx	libc.so.6	glibc
libdrm	libc.so.6	aaa_glibc-solibs
libdrm	libc.so.6	glibc
libdrm	libpciaccess.so.0	libpciaccess
libdvdnav	libc.so.6	aaa_glibc-solibs
libdvdnav	libc.so.6	glibc
libdvdnav	libdvdread.so.8	libdvdread
libdvdread	libc.so.6	aaa_glibc-solibs
libdvdread	libc.so.6	glibc
libedit	libc.so.6	aaa_glibc-solibs
libedit	libc.so.6	glibc
libedit	libncursesw.so.6	aaa_libraries
libedit	libncursesw.so.6	ncurses
libedit	libtinfo.so.6	aaa_libraries
libedit	libtinfo.so.6	ncurses
libei	libc.so.6	aaa_glibc-solibs
libei	libc.so.6	glibc
libei	libelogind.so.0	elogind
libei	libevdev.so.2	libevdev
libei	libxkbcommon.so.0	aaa_libraries
libei	libxkbcommon.so.0	libxkbcommon
libepoxy	libc.so.6	aaa_glibc-solibs
libepoxy	libc.so.6	glibc
libev	libc.so.6	aaa_glibc-solibs
libev	libc.so.6	glibc
libev	libm.so.6	aaa_glibc-solibs
libev	libm.so.6	glibc
libevdev	libc.so.6	aaa_glibc-solibs
libevdev	libc.so.6	glibc
libevdev	libm.so.6	aaa_glibc-solibs
libevdev	libm.so.6	glibc
libevent	libc.so.6	aaa_glibc-solibs
libevent	libc.so.6	glibc
libevent	libcrypto.so.3	openssl
libevent	libcrypto.so.3	openssl-solibs
libevent	libssl.so.3	openssl
libevent	libssl.so.3	openssl-solibs
libexif	libc.so.6	aaa_glibc-solibs
libexif	libc.so.6	glibc
libexif	libm.so.6	aaa_glibc-solibs
libexif	libm.so.6	glibc
libfakekey	libX11.so.6	libX11
libfakekey	libXtst.so.6	libXtst
libfakekey	libc.so.6	aaa_glibc-solibs
libfakekey	libc.so.6	glibc
libffi	libc.so.6	aaa_glibc-solibs
libffi	libc.so.6	glibc
libfido2	ld-linux-x86-64.so.2	aaa_glibc-solibs
libfido2	ld-linux-x86-64.so.2	glibc
libfido2	libc.so.6	aaa_glibc-solibs
libfido2	libc.so.6	glibc
libfido2	libcbor.so.0.14	libcbor
libfido2	libcrypto.so.3	openssl
libfido2	libcrypto.so.3	openssl-solibs
libfido2	libudev.so.1	aaa_libraries
libfido2	libudev.so.1	eudev
libfido2	libz.so.1	aaa_libraries
libfido2	libz.so.1	zlib
libfontenc	libc.so.6	aaa_glibc-solibs
libfontenc	libc.so.6	glibc
libfontenc	libz.so.1	aaa_libraries
libfontenc	libz.so.1	zlib
libfprint	libc.so.6	aaa_glibc-solibs
libfprint	libc.so.6	glibc
libfprint	libcrypto.so.3	openssl
libfprint	libcrypto.so.3	openssl-solibs
libfprint	libgio-2.0.so.0	glib2
libfprint	libglib-2.0.so.0	aaa_libraries
libfprint	libglib-2.0.so.0	glib2
libfprint	libgmodule-2.0.so.0	aaa_libraries
libfprint	libgmodule-2.0.so.0	glib2
libfprint	libgobject-2.0.so.0	aaa_libraries
libfprint	libgobject-2.0.so.0	glib2
libfprint	libgudev-1.0.so.0	libgudev
libfprint	libgusb.so.2	libgusb
libfprint	libm.so.6	aaa_glibc-solibs
libfprint	libm.so.6	glibc
libfprint	libpixman-1.so.0	pixman
libfyaml	libLLVM.so.23.1	llvm
libfyaml	libc.so.6	aaa_glibc-solibs
libfyaml	libc.so.6	glibc
libfyaml	libclang.so.23.1	llvm
libfyaml	libm.so.6	aaa_glibc-solibs
libfyaml	libm.so.6	glibc
libgccjit	ld-linux-x86-64.so.2	aaa_glibc-solibs
libgccjit	ld-linux-x86-64.so.2	glibc
libgccjit	libc.so.6	aaa_glibc-solibs
libgccjit	libc.so.6	glibc
libgccjit	libgmp.so.10	aaa_libraries
libgccjit	libgmp.so.10	gmp
libgccjit	libisl.so.23	aaa_libraries
libgccjit	libisl.so.23	isl
libgccjit	libm.so.6	aaa_glibc-solibs
libgccjit	libm.so.6	glibc
libgccjit	libmpc.so.3	aaa_libraries
libgccjit	libmpc.so.3	libmpc
libgccjit	libmpfr.so.6	aaa_libraries
libgccjit	libmpfr.so.6	mpfr
libgccjit	libz.so.1	aaa_libraries
libgccjit	libz.so.1	zlib
libgccjit	libzstd.so.1	aaa_libraries
libgccjit	libzstd.so.1	zstd
libgcrypt	ld-linux-x86-64.so.2	aaa_glibc-solibs
libgcrypt	ld-linux-x86-64.so.2	glibc
libgcrypt	libc.so.6	aaa_glibc-solibs
libgcrypt	libc.so.6	glibc
libgcrypt	libgpg-error.so.0	aaa_libraries
libgcrypt	libgpg-error.so.0	libgpg-error
libgee	libc.so.6	aaa_glibc-solibs
libgee	libc.so.6	glibc
libgee	libgio-2.0.so.0	glib2
libgee	libglib-2.0.so.0	aaa_libraries
libgee	libglib-2.0.so.0	glib2
libgee	libgobject-2.0.so.0	aaa_libraries
libgee	libgobject-2.0.so.0	glib2
libglade	libatk-1.0.so.0	at-spi2-core
libglade	libc.so.6	aaa_glibc-solibs
libglade	libc.so.6	glibc
libglade	libcairo.so.2	cairo
libglade	libfontconfig.so.1	fontconfig
libglade	libfreetype.so.6	freetype
libglade	libgdk-x11-2.0.so.0	gtk+2
libglade	libgdk_pixbuf-2.0.so.0	gdk-pixbuf2
libglade	libgio-2.0.so.0	glib2
libglade	libglib-2.0.so.0	aaa_libraries
libglade	libglib-2.0.so.0	glib2
libglade	libgobject-2.0.so.0	aaa_libraries
libglade	libgobject-2.0.so.0	glib2
libglade	libgtk-x11-2.0.so.0	gtk+2
libglade	libharfbuzz.so.0	harfbuzz
libglade	libpango-1.0.so.0	pango
libglade	libpangocairo-1.0.so.0	pango
libglade	libpangoft2-1.0.so.0	pango
libglade	libxml2.so.16	libxml2
libglvnd	libX11.so.6	libX11
libglvnd	libXext.so.6	libXext
libglvnd	libc.so.6	aaa_glibc-solibs
libglvnd	libc.so.6	glibc
libglvnd	libm.so.6	aaa_glibc-solibs
libglvnd	libm.so.6	glibc
libgnome-keyring	libc.so.6	aaa_glibc-solibs
libgnome-keyring	libc.so.6	glibc
libgnome-keyring	libdbus-1.so.3	dbus
libgnome-keyring	libgcrypt.so.20	libgcrypt
libgnome-keyring	libglib-2.0.so.0	aaa_libraries
libgnome-keyring	libglib-2.0.so.0	glib2
libgnome-keyring	libgmodule-2.0.so.0	aaa_libraries
libgnome-keyring	libgmodule-2.0.so.0	glib2
libgnome-keyring	libgobject-2.0.so.0	aaa_libraries
libgnome-keyring	libgobject-2.0.so.0	glib2
libgnome-keyring	libgpg-error.so.0	aaa_libraries
libgnome-keyring	libgpg-error.so.0	libgpg-error
libgnt	libc.so.6	aaa_glibc-solibs
libgnt	libc.so.6	glibc
libgnt	libglib-2.0.so.0	aaa_libraries
libgnt	libglib-2.0.so.0	glib2
libgnt	libgmodule-2.0.so.0	aaa_libraries
libgnt	libgmodule-2.0.so.0	glib2
libgnt	libgobject-2.0.so.0	aaa_libraries
libgnt	libgobject-2.0.so.0	glib2
libgnt	libncursesw.so.6	aaa_libraries
libgnt	libncursesw.so.6	ncurses
libgnt	libpanelw.so.6	aaa_libraries
libgnt	libpanelw.so.6	ncurses
libgnt	libtinfo.so.6	aaa_libraries
libgnt	libtinfo.so.6	ncurses
libgnt	libxml2.so.16	libxml2
libgpg-error	libc.so.6	aaa_glibc-solibs
libgpg-error	libc.so.6	glibc
libgpg-error	libgpg-error.so.0	aaa_libraries
libgphoto2	libc.so.6	aaa_glibc-solibs
libgphoto2	libc.so.6	glibc
libgphoto2	libcurl.so.4	aaa_libraries
libgphoto2	libcurl.so.4	curl
libgphoto2	libexif.so.12	libexif
libgphoto2	libgd.so.3	gd
libgphoto2	libjpeg.so.62	aaa_libraries
libgphoto2	libjpeg.so.62	libjpeg-turbo
libgphoto2	libltdl.so.7	aaa_libraries
libgphoto2	libltdl.so.7	libtool
libgphoto2	libm.so.6	aaa_glibc-solibs
libgphoto2	libm.so.6	glibc
libgphoto2	libusb-1.0.so.0	aaa_libraries
libgphoto2	libusb-1.0.so.0	libusb
libgphoto2	libxml2.so.16	libxml2
libgpod	libc.so.6	aaa_glibc-solibs
libgpod	libc.so.6	glibc
libgpod	libgdk_pixbuf-2.0.so.0	gdk-pixbuf2
libgpod	libglib-2.0.so.0	aaa_libraries
libgpod	libglib-2.0.so.0	glib2
libgpod	libgmodule-2.0.so.0	aaa_libraries
libgpod	libgmodule-2.0.so.0	glib2
libgpod	libgobject-2.0.so.0	aaa_libraries
libgpod	libgobject-2.0.so.0	glib2
libgpod	libimobiledevice-1.0.so.6	libimobiledevice
libgpod	libm.so.6	aaa_glibc-solibs
libgpod	libm.so.6	glibc
libgpod	libplist-2.0.so.12	libplist
libgpod	libsgutils2-1.49.so.2	sg3_utils
libgpod	libsqlite3.so.0	sqlite
libgpod	libusb-1.0.so.0	aaa_libraries
libgpod	libusb-1.0.so.0	libusb
libgpod	libxml2.so.16	libxml2
libgpod	libz.so.1	aaa_libraries
libgpod	libz.so.1	zlib
libgravatar	libGLX.so.0	libglvnd
libgravatar	libKF6ColorScheme.so.6	kcolorscheme
libgravatar	libKF6ConfigCore.so.6	kconfig
libgravatar	libKF6ConfigGui.so.6	kconfig
libgravatar	libKF6ConfigWidgets.so.6	kconfigwidgets
libgravatar	libKF6I18n.so.6	ki18n
libgravatar	libKF6WidgetsAddons.so.6	kwidgetsaddons
libgravatar	libOpenGL.so.0	libglvnd
libgravatar	libQt6Core.so.6	qt6
libgravatar	libQt6Gui.so.6	qt6
libgravatar	libQt6Network.so.6	qt6
libgravatar	libQt6Widgets.so.6	qt6
libgravatar	libc.so.6	aaa_glibc-solibs
libgravatar	libc.so.6	glibc
libgravatar	libgcc_s.so.1	aaa_libraries
libgravatar	libgcc_s.so.1	gcc
libgravatar	libm.so.6	aaa_glibc-solibs
libgravatar	libm.so.6	glibc
libgravatar	libstdc++.so.6	aaa_libraries
libgravatar	libstdc++.so.6	gcc-g++
libgsf	libbz2.so.1	aaa_libraries
libgsf	libbz2.so.1	bzip2
libgsf	libc.so.6	aaa_glibc-solibs
libgsf	libc.so.6	glibc
libgsf	libgdk_pixbuf-2.0.so.0	gdk-pixbuf2
libgsf	libgio-2.0.so.0	glib2
libgsf	libglib-2.0.so.0	aaa_libraries
libgsf	libglib-2.0.so.0	glib2
libgsf	libgobject-2.0.so.0	aaa_libraries
libgsf	libgobject-2.0.so.0	glib2
libgsf	libxml2.so.16	libxml2
libgsf	libz.so.1	aaa_libraries
libgsf	libz.so.1	zlib
libgtop	libXau.so.6	libXau
libgtop	libc.so.6	aaa_glibc-solibs
libgtop	libc.so.6	glibc
libgtop	libglib-2.0.so.0	aaa_libraries
libgtop	libglib-2.0.so.0	glib2
libgtop	libgobject-2.0.so.0	aaa_libraries
libgtop	libgobject-2.0.so.0	glib2
libgudev	libc.so.6	aaa_glibc-solibs
libgudev	libc.so.6	glibc
libgudev	libglib-2.0.so.0	aaa_libraries
libgudev	libglib-2.0.so.0	glib2
libgudev	libgobject-2.0.so.0	aaa_libraries
libgudev	libgobject-2.0.so.0	glib2
libgudev	libudev.so.1	aaa_libraries
libgudev	libudev.so.1	eudev
libgusb	libc.so.6	aaa_glibc-solibs
libgusb	libc.so.6	glibc
libgusb	libgio-2.0.so.0	glib2
libgusb	libglib-2.0.so.0	aaa_libraries
libgusb	libglib-2.0.so.0	glib2
libgusb	libgobject-2.0.so.0	aaa_libraries
libgusb	libgobject-2.0.so.0	glib2
libgusb	libjson-glib-1.0.so.0	json-glib
libgusb	libusb-1.0.so.0	aaa_libraries
libgusb	libusb-1.0.so.0	libusb
libhandy	libatk-1.0.so.0	at-spi2-core
libhandy	libc.so.6	aaa_glibc-solibs
libhandy	libc.so.6	glibc
libhandy	libcairo.so.2	cairo
libhandy	libfribidi.so.0	fribidi
libhandy	libgdk-3.so.0	gtk+3
libhandy	libgdk_pixbuf-2.0.so.0	gdk-pixbuf2
libhandy	libgio-2.0.so.0	glib2
libhandy	libgladeui-2.so.13	glade
libhandy	libglib-2.0.so.0	aaa_libraries
libhandy	libglib-2.0.so.0	glib2
libhandy	libgobject-2.0.so.0	aaa_libraries
libhandy	libgobject-2.0.so.0	glib2
libhandy	libgtk-3.so.0	gtk+3
libhandy	libm.so.6	aaa_glibc-solibs
libhandy	libm.so.6	glibc
libhandy	libpango-1.0.so.0	pango
libhangul	libc.so.6	aaa_glibc-solibs
libhangul	libc.so.6	glibc
libical	libc.so.6	aaa_glibc-solibs
libical	libc.so.6	glibc
libical	libdb-4.8.so	aaa_libraries
libical	libdb-4.8.so	db48
libical	libdb_cxx-4.8.so	db48
libical	libgcc_s.so.1	aaa_libraries
libical	libgcc_s.so.1	gcc
libical	libglib-2.0.so.0	aaa_libraries
libical	libglib-2.0.so.0	glib2
libical	libgobject-2.0.so.0	aaa_libraries
libical	libgobject-2.0.so.0	glib2
libical	libicudata.so.78	icu4c
libical	libicui18n.so.78	icu4c
libical	libicuuc.so.78	icu4c
libical	libm.so.6	aaa_glibc-solibs
libical	libm.so.6	glibc
libical	libstdc++.so.6	aaa_libraries
libical	libstdc++.so.6	gcc-g++
libical	libxml2.so.16	libxml2
libid3tag	libc.so.6	aaa_glibc-solibs
libid3tag	libc.so.6	glibc
libid3tag	libz.so.1	aaa_libraries
libid3tag	libz.so.1	zlib
libidl	libc.so.6	aaa_glibc-solibs
libidl	libc.so.6	glibc
libidl	libglib-2.0.so.0	aaa_libraries
libidl	libglib-2.0.so.0	glib2
libidn	libc.so.6	aaa_glibc-solibs
libidn	libc.so.6	glibc
libidn	libidn.so.12	aaa_libraries
libidn2	libc.so.6	aaa_glibc-solibs
libidn2	libc.so.6	glibc
libidn2	libidn2.so.0	aaa_libraries
libidn2	libunistring.so.5	aaa_libraries
libidn2	libunistring.so.5	libunistring
libieee1284	libc.so.6	aaa_glibc-solibs
libieee1284	libc.so.6	glibc
libime	libFcitx5Utils.so.2	fcitx5
libime	libc.so.6	aaa_glibc-solibs
libime	libc.so.6	glibc
libime	libgcc_s.so.1	aaa_libraries
libime	libgcc_s.so.1	gcc
libime	libm.so.6	aaa_glibc-solibs
libime	libm.so.6	glibc
libime	libstdc++.so.6	aaa_libraries
libime	libstdc++.so.6	gcc-g++
libime	libzstd.so.1	aaa_libraries
libime	libzstd.so.1	zstd
libimobiledevice	libc.so.6	aaa_glibc-solibs
libimobiledevice	libc.so.6	glibc
libimobiledevice	libcrypto.so.3	openssl
libimobiledevice	libcrypto.so.3	openssl-solibs
libimobiledevice	libimobiledevice-glue-1.0.so.0	libimobiledevice-glue
libimobiledevice	libplist-2.0.so.12	libplist
libimobiledevice	libreadline.so.8	aaa_libraries
libimobiledevice	libreadline.so.8	readline
libimobiledevice	libssl.so.3	openssl
libimobiledevice	libssl.so.3	openssl-solibs
libimobiledevice	libtatsu.so.0	libtatsu
libimobiledevice	libusbmuxd-2.0.so.7	libusbmuxd
libimobiledevice-glue	libc.so.6	aaa_glibc-solibs
libimobiledevice-glue	libc.so.6	glibc
libimobiledevice-glue	libplist-2.0.so.12	libplist
libindi	libc.so.6	aaa_glibc-solibs
libindi	libc.so.6	glibc
libindi	libcfitsio.so.10	cfitsio
libindi	libcurl.so.4	aaa_libraries
libindi	libcurl.so.4	curl
libindi	libev.so.4	libev
libindi	libfftw3.so.3	fftw
libindi	libgcc_s.so.1	aaa_libraries
libindi	libgcc_s.so.1	gcc
libindi	libgsl.so.28	gsl
libindi	libgslcblas.so.0	gsl
libindi	libjpeg.so.62	aaa_libraries
libindi	libjpeg.so.62	libjpeg-turbo
libindi	libm.so.6	aaa_glibc-solibs
libindi	libm.so.6	glibc
libindi	libnova-0.15.so.0	libnova
libindi	libogg.so.0	libogg
libindi	libstdc++.so.6	aaa_libraries
libindi	libstdc++.so.6	gcc-g++
libindi	libtheoradec.so.2	libtheora
libindi	libtheoraenc.so.2	libtheora
libindi	libudev.so.1	aaa_libraries
libindi	libudev.so.1	eudev
libindi	libusb-1.0.so.0	aaa_libraries
libindi	libusb-1.0.so.0	libusb
libindi	libz.so.1	aaa_libraries
libindi	libz.so.1	zlib
libindicator	libatk-1.0.so.0	at-spi2-core
libindicator	libc.so.6	aaa_glibc-solibs
libindicator	libc.so.6	glibc
libindicator	libcairo-gobject.so.2	cairo
libindicator	libcairo.so.2	cairo
libindicator	libfontconfig.so.1	fontconfig
libindicator	libfreetype.so.6	freetype
libindicator	libgdk-3.so.0	gtk+3
libindicator	libgdk-x11-2.0.so.0	gtk+2
libindicator	libgdk_pixbuf-2.0.so.0	gdk-pixbuf2
libindicator	libgio-2.0.so.0	glib2
libindicator	libglib-2.0.so.0	aaa_libraries
libindicator	libglib-2.0.so.0	glib2
libindicator	libgmodule-2.0.so.0	aaa_libraries
libindicator	libgmodule-2.0.so.0	glib2
libindicator	libgobject-2.0.so.0	aaa_libraries
libindicator	libgobject-2.0.so.0	glib2
libindicator	libgtk-3.so.0	gtk+3
libindicator	libgtk-x11-2.0.so.0	gtk+2
libindicator	libharfbuzz.so.0	harfbuzz
libindicator	libm.so.6	aaa_glibc-solibs
libindicator	libm.so.6	glibc
libindicator	libpango-1.0.so.0	pango
libindicator	libpangocairo-1.0.so.0	pango
libindicator	libpangoft2-1.0.so.0	pango
libindicator	libz.so.1	aaa_libraries
libindicator	libz.so.1	zlib
libinput	libX11.so.6	libX11
libinput	libc.so.6	aaa_glibc-solibs
libinput	libc.so.6	glibc
libinput	libcairo.so.2	cairo
libinput	libevdev.so.2	libevdev
libinput	libglib-2.0.so.0	aaa_libraries
libinput	libglib-2.0.so.0	glib2
libinput	libgobject-2.0.so.0	aaa_libraries
libinput	libgobject-2.0.so.0	glib2
libinput	libgtk-4.so.1	gtk4
libinput	liblua.so.5	lua
libinput	libm.so.6	aaa_glibc-solibs
libinput	libm.so.6	glibc
libinput	libmtdev.so.1	mtdev
libinput	libudev.so.1	aaa_libraries
libinput	libudev.so.1	eudev
libinput	libwacom.so.9	libwacom
libinput	libwayland-client.so.0	wayland
libiodbc	libatk-1.0.so.0	at-spi2-core
libiodbc	libc.so.6	aaa_glibc-solibs
libiodbc	libc.so.6	glibc
libiodbc	libcairo.so.2	cairo
libiodbc	libfontconfig.so.1	fontconfig
libiodbc	libfreetype.so.6	freetype
libiodbc	libgdk-x11-2.0.so.0	gtk+2
libiodbc	libgdk_pixbuf-2.0.so.0	gdk-pixbuf2
libiodbc	libgio-2.0.so.0	glib2
libiodbc	libglib-2.0.so.0	aaa_libraries
libiodbc	libglib-2.0.so.0	glib2
libiodbc	libgobject-2.0.so.0	aaa_libraries
libiodbc	libgobject-2.0.so.0	glib2
libiodbc	libgtk-x11-2.0.so.0	gtk+2
libiodbc	libharfbuzz.so.0	harfbuzz
libiodbc	libpango-1.0.so.0	pango
libiodbc	libpangocairo-1.0.so.0	pango
libiodbc	libpangoft2-1.0.so.0	pango
libjpeg-turbo	ld-linux-x86-64.so.2	aaa_glibc-solibs
libjpeg-turbo	ld-linux-x86-64.so.2	glibc
libjpeg-turbo	libc.so.6	aaa_glibc-solibs
libjpeg-turbo	libc.so.6	glibc
libjpeg-turbo	libjpeg.so.62	aaa_libraries
libjpeg-turbo	libm.so.6	aaa_glibc-solibs
libjpeg-turbo	libm.so.6	glibc
libjpeg-turbo	libturbojpeg.so.0	aaa_libraries
libjxl	ld-linux-x86-64.so.2	aaa_glibc-solibs
libjxl	ld-linux-x86-64.so.2	glibc
libjxl	libbrotlicommon.so.1	brotli
libjxl	libbrotlidec.so.1	brotli
libjxl	libbrotlienc.so.1	brotli
libjxl	libc.so.6	aaa_glibc-solibs
libjxl	libc.so.6	glibc
libjxl	libgcc_s.so.1	aaa_libraries
libjxl	libgcc_s.so.1	gcc
libjxl	libgdk_pixbuf-2.0.so.0	gdk-pixbuf2
libjxl	libgif.so.7	giflib
libjxl	libglib-2.0.so.0	aaa_libraries
libjxl	libglib-2.0.so.0	glib2
libjxl	libgobject-2.0.so.0	aaa_libraries
libjxl	libgobject-2.0.so.0	glib2
libjxl	libhwy.so.1	highway
libjxl	libjpeg.so.62	aaa_libraries
libjxl	libjpeg.so.62	libjpeg-turbo
libjxl	liblcms2.so.2	lcms2
libjxl	libm.so.6	aaa_glibc-solibs
libjxl	libm.so.6	glibc
libjxl	libpng16.so.16	aaa_libraries
libjxl	libpng16.so.16	libpng
libjxl	libstdc++.so.6	aaa_libraries
libjxl	libstdc++.so.6	gcc-g++
libjxl	libz.so.1	aaa_libraries
libjxl	libz.so.1	zlib
libkarma	libc.so.6	aaa_glibc-solibs
libkarma	libc.so.6	glibc
libkarma	libtag_c.so.2	taglib
libkarma	libusb-0.1.so.4	aaa_libraries
libkarma	libusb-0.1.so.4	libusb-compat
libkarma	libz.so.1	aaa_libraries
libkarma	libz.so.1	zlib
libkcddb	libGLX.so.0	libglvnd
libkcddb	libKF6ColorScheme.so.6	kcolorscheme
libkcddb	libKF6Completion.so.6	kcompletion
libkcddb	libKF6ConfigCore.so.6	kconfig
libkcddb	libKF6ConfigGui.so.6	kconfig
libkcddb	libKF6ConfigWidgets.so.6	kconfigwidgets
libkcddb	libKF6CoreAddons.so.6	kcoreaddons
libkcddb	libKF6I18n.so.6	ki18n
libkcddb	libKF6JobWidgets.so.6	kjobwidgets
libkcddb	libKF6KCMUtils.so.6	kcmutils
libkcddb	libKF6KCMUtilsCore.so.6	kcmutils
libkcddb	libKF6KCMUtilsQuick.so.6	kcmutils
libkcddb	libKF6KIOCore.so.6	kio
libkcddb	libKF6KIOGui.so.6	kio
libkcddb	libKF6KIOWidgets.so.6	kio
libkcddb	libKF6Service.so.6	kservice
libkcddb	libKF6Solid.so.6	solid
libkcddb	libKF6WidgetsAddons.so.6	kwidgetsaddons
libkcddb	libOpenGL.so.0	libglvnd
libkcddb	libQt6Core.so.6	qt6
libkcddb	libQt6DBus.so.6	qt6
libkcddb	libQt6Gui.so.6	qt6
libkcddb	libQt6Network.so.6	qt6
libkcddb	libQt6Qml.so.6	qt6
libkcddb	libQt6Widgets.so.6	qt6
libkcddb	libc.so.6	aaa_glibc-solibs
libkcddb	libc.so.6	glibc
libkcddb	libgcc_s.so.1	aaa_libraries
libkcddb	libgcc_s.so.1	gcc
libkcddb	libm.so.6	aaa_glibc-solibs
libkcddb	libm.so.6	glibc
libkcddb	libstdc++.so.6	aaa_libraries
libkcddb	libstdc++.so.6	gcc-g++
libkdcraw	libGLX.so.0	libglvnd
libkdcraw	libOpenGL.so.0	libglvnd
libkdcraw	libQt6Core.so.6	qt6
libkdcraw	libQt6Gui.so.6	qt6
libkdcraw	libc.so.6	aaa_glibc-solibs
libkdcraw	libc.so.6	glibc
libkdcraw	libgcc_s.so.1	aaa_libraries
libkdcraw	libgcc_s.so.1	gcc
libkdcraw	libm.so.6	aaa_glibc-solibs
libkdcraw	libm.so.6	glibc
libkdcraw	libraw.so.25	LibRaw
libkdcraw	libstdc++.so.6	aaa_libraries
libkdcraw	libstdc++.so.6	gcc-g++
libkdegames	libGLX.so.0	libglvnd
libkdegames	libKF6Archive.so.6	karchive
libkdegames	libKF6Attica.so.6	attica
libkdegames	libKF6ColorScheme.so.6	kcolorscheme
libkdegames	libKF6Completion.so.6	kcompletion
libkdegames	libKF6ConfigCore.so.6	kconfig
libkdegames	libKF6ConfigGui.so.6	kconfig
libkdegames	libKF6ConfigWidgets.so.6	kconfigwidgets
libkdegames	libKF6CoreAddons.so.6	kcoreaddons
libkdegames	libKF6DNSSD.so.6	kdnssd
libkdegames	libKF6GuiAddons.so.6	kguiaddons
libkdegames	libKF6I18n.so.6	ki18n
libkdegames	libKF6IconThemes.so.6	kiconthemes
libkdegames	libKF6NewStuffCore.so.6	knewstuff
libkdegames	libKF6NewStuffWidgets.so.6	knewstuff
libkdegames	libKF6WidgetsAddons.so.6	kwidgetsaddons
libkdegames	libKF6XmlGui.so.6	kxmlgui
libkdegames	libOpenGL.so.0	libglvnd
libkdegames	libQt6Core.so.6	qt6
libkdegames	libQt6DBus.so.6	qt6
libkdegames	libQt6Gui.so.6	qt6
libkdegames	libQt6Network.so.6	qt6
libkdegames	libQt6OpenGL.so.6	qt6
libkdegames	libQt6Qml.so.6	qt6
libkdegames	libQt6Quick.so.6	qt6
libkdegames	libQt6Svg.so.6	qt6
libkdegames	libQt6Widgets.so.6	qt6
libkdegames	libQt6Xml.so.6	qt6
libkdegames	libc.so.6	aaa_glibc-solibs
libkdegames	libc.so.6	glibc
libkdegames	libgcc_s.so.1	aaa_libraries
libkdegames	libgcc_s.so.1	gcc
libkdegames	libm.so.6	aaa_glibc-solibs
libkdegames	libm.so.6	glibc
libkdegames	libopenal.so.1	openal-soft
libkdegames	libsndfile.so.1	libsndfile
libkdegames	libstdc++.so.6	aaa_libraries
libkdegames	libstdc++.so.6	gcc-g++
libkdepim	libGLX.so.0	libglvnd
libkdepim	libKF6Completion.so.6	kcompletion
libkdepim	libKF6I18n.so.6	ki18n
libkdepim	libKF6WidgetsAddons.so.6	kwidgetsaddons
libkdepim	libOpenGL.so.0	libglvnd
libkdepim	libQt6Core.so.6	qt6
libkdepim	libQt6Gui.so.6	qt6
libkdepim	libQt6Widgets.so.6	qt6
libkdepim	libc.so.6	aaa_glibc-solibs
libkdepim	libc.so.6	glibc
libkdepim	libgcc_s.so.1	aaa_libraries
libkdepim	libgcc_s.so.1	gcc
libkdepim	libm.so.6	aaa_glibc-solibs
libkdepim	libm.so.6	glibc
libkdepim	libstdc++.so.6	aaa_libraries
libkdepim	libstdc++.so.6	gcc-g++
libkeduvocdocument	libKF6Archive.so.6	karchive
libkeduvocdocument	libKF6CoreAddons.so.6	kcoreaddons
libkeduvocdocument	libKF6I18n.so.6	ki18n
libkeduvocdocument	libKF6KIOCore.so.6	kio
libkeduvocdocument	libQt6Core.so.6	qt6
libkeduvocdocument	libQt6DBus.so.6	qt6
libkeduvocdocument	libQt6Network.so.6	qt6
libkeduvocdocument	libQt6Xml.so.6	qt6
libkeduvocdocument	libc.so.6	aaa_glibc-solibs
libkeduvocdocument	libc.so.6	glibc
libkeduvocdocument	libgcc_s.so.1	aaa_libraries
libkeduvocdocument	libgcc_s.so.1	gcc
libkeduvocdocument	libm.so.6	aaa_glibc-solibs
libkeduvocdocument	libm.so.6	glibc
libkeduvocdocument	libstdc++.so.6	aaa_libraries
libkeduvocdocument	libstdc++.so.6	gcc-g++
libkexiv2	libGLX.so.0	libglvnd
libkexiv2	libOpenGL.so.0	libglvnd
libkexiv2	libQt6Core.so.6	qt6
libkexiv2	libQt6Gui.so.6	qt6
libkexiv2	libc.so.6	aaa_glibc-solibs
libkexiv2	libc.so.6	glibc
libkexiv2	libexiv2.so.28	exiv2
libkexiv2	libgcc_s.so.1	aaa_libraries
libkexiv2	libgcc_s.so.1	gcc
libkexiv2	libm.so.6	aaa_glibc-solibs
libkexiv2	libm.so.6	glibc
libkexiv2	libstdc++.so.6	aaa_libraries
libkexiv2	libstdc++.so.6	gcc-g++
libkgapi	libGLX.so.0	libglvnd
libkgapi	libKF6CalendarCore.so.6	kcalendarcore
libkgapi	libKF6Contacts.so.6	kcontacts
libkgapi	libKF6Wallet.so.6	kwallet
libkgapi	libOpenGL.so.0	libglvnd
libkgapi	libQt6Core.so.6	qt6
libkgapi	libQt6Gui.so.6	qt6
libkgapi	libQt6Network.so.6	qt6
libkgapi	libc.so.6	aaa_glibc-solibs
libkgapi	libc.so.6	glibc
libkgapi	libgcc_s.so.1	aaa_libraries
libkgapi	libgcc_s.so.1	gcc
libkgapi	libm.so.6	aaa_glibc-solibs
libkgapi	libm.so.6	glibc
libkgapi	libstdc++.so.6	aaa_libraries
libkgapi	libstdc++.so.6	gcc-g++
libkkc	libc.so.6	aaa_glibc-solibs
libkkc	libc.so.6	glibc
libkkc	libgcc_s.so.1	aaa_libraries
libkkc	libgcc_s.so.1	gcc
libkkc	libgee-0.8.so.2	libgee
libkkc	libgio-2.0.so.0	glib2
libkkc	libglib-2.0.so.0	aaa_libraries
libkkc	libglib-2.0.so.0	glib2
libkkc	libgobject-2.0.so.0	aaa_libraries
libkkc	libgobject-2.0.so.0	glib2
libkkc	libjson-glib-1.0.so.0	json-glib
libkkc	libmarisa.so.0	marisa
libkleo	ld-linux-x86-64.so.2	aaa_glibc-solibs
libkleo	ld-linux-x86-64.so.2	glibc
libkleo	libGLX.so.0	libglvnd
libkleo	libKF6Codecs.so.6	kcodecs
libkleo	libKF6ColorScheme.so.6	kcolorscheme
libkleo	libKF6Completion.so.6	kcompletion
libkleo	libKF6ConfigCore.so.6	kconfig
libkleo	libKF6ConfigGui.so.6	kconfig
libkleo	libKF6CoreAddons.so.6	kcoreaddons
libkleo	libKF6I18n.so.6	ki18n
libkleo	libKF6ItemModels.so.6	kitemmodels
libkleo	libKF6WidgetsAddons.so.6	kwidgetsaddons
libkleo	libOpenGL.so.0	libglvnd
libkleo	libQt6Core.so.6	qt6
libkleo	libQt6Gui.so.6	qt6
libkleo	libQt6Widgets.so.6	qt6
libkleo	libc.so.6	aaa_glibc-solibs
libkleo	libc.so.6	glibc
libkleo	libgcc_s.so.1	aaa_libraries
libkleo	libgcc_s.so.1	gcc
libkleo	libgpg-error.so.0	aaa_libraries
libkleo	libgpg-error.so.0	libgpg-error
libkleo	libgpgme.so.45	gpgme
libkleo	libgpgmepp.so.7	gpgmepp
libkleo	libm.so.6	aaa_glibc-solibs
libkleo	libm.so.6	glibc
libkleo	libqgpgmeqt6.so.15	qgpgme
libkleo	libstdc++.so.6	aaa_libraries
libkleo	libstdc++.so.6	gcc-g++
libkmahjongg	libGLX.so.0	libglvnd
libkmahjongg	libKF6ColorScheme.so.6	kcolorscheme
libkmahjongg	libKF6ConfigCore.so.6	kconfig
libkmahjongg	libKF6ConfigGui.so.6	kconfig
libkmahjongg	libKF6ConfigWidgets.so.6	kconfigwidgets
libkmahjongg	libKF6CoreAddons.so.6	kcoreaddons
libkmahjongg	libKF6I18n.so.6	ki18n
libkmahjongg	libKF6WidgetsAddons.so.6	kwidgetsaddons
libkmahjongg	libOpenGL.so.0	libglvnd
libkmahjongg	libQt6Core.so.6	qt6
libkmahjongg	libQt6Gui.so.6	qt6
libkmahjongg	libQt6Svg.so.6	qt6
libkmahjongg	libQt6Widgets.so.6	qt6
libkmahjongg	libc.so.6	aaa_glibc-solibs
libkmahjongg	libc.so.6	glibc
libkmahjongg	libgcc_s.so.1	aaa_libraries
libkmahjongg	libgcc_s.so.1	gcc
libkmahjongg	libm.so.6	aaa_glibc-solibs
libkmahjongg	libm.so.6	glibc
libkmahjongg	libstdc++.so.6	aaa_libraries
libkmahjongg	libstdc++.so.6	gcc-g++
libkomparediff2	libGLX.so.0	libglvnd
libkomparediff2	libKF6ColorScheme.so.6	kcolorscheme
libkomparediff2	libKF6ConfigCore.so.6	kconfig
libkomparediff2	libKF6ConfigGui.so.6	kconfig
libkomparediff2	libKF6ConfigWidgets.so.6	kconfigwidgets
libkomparediff2	libKF6CoreAddons.so.6	kcoreaddons
libkomparediff2	libKF6GuiAddons.so.6	kguiaddons
libkomparediff2	libKF6I18n.so.6	ki18n
libkomparediff2	libKF6KIOCore.so.6	kio
libkomparediff2	libKF6WidgetsAddons.so.6	kwidgetsaddons
libkomparediff2	libKF6XmlGui.so.6	kxmlgui
libkomparediff2	libOpenGL.so.0	libglvnd
libkomparediff2	libQt6Core.so.6	qt6
libkomparediff2	libQt6DBus.so.6	qt6
libkomparediff2	libQt6Gui.so.6	qt6
libkomparediff2	libQt6Network.so.6	qt6
libkomparediff2	libQt6Widgets.so.6	qt6
libkomparediff2	libQt6Xml.so.6	qt6
libkomparediff2	libc.so.6	aaa_glibc-solibs
libkomparediff2	libc.so.6	glibc
libkomparediff2	libgcc_s.so.1	aaa_libraries
libkomparediff2	libgcc_s.so.1	gcc
libkomparediff2	libm.so.6	aaa_glibc-solibs
libkomparediff2	libm.so.6	glibc
libkomparediff2	libstdc++.so.6	aaa_libraries
libkomparediff2	libstdc++.so.6	gcc-g++
libksane	libGLX.so.0	libglvnd
libksane	libKF6I18n.so.6	ki18n
libksane	libKF6SonnetUi.so.6	sonnet
libksane	libKF6TextWidgets.so.6	ktextwidgets
libksane	libKF6Wallet.so.6	kwallet
libksane	libKF6WidgetsAddons.so.6	kwidgetsaddons
libksane	libKSaneCore6.so.1	ksanecore
libksane	libOpenGL.so.0	libglvnd
libksane	libQt6Core.so.6	qt6
libksane	libQt6Gui.so.6	qt6
libksane	libQt6Widgets.so.6	qt6
libksane	libc.so.6	aaa_glibc-solibs
libksane	libc.so.6	glibc
libksane	libgcc_s.so.1	aaa_libraries
libksane	libgcc_s.so.1	gcc
libksane	libm.so.6	aaa_glibc-solibs
libksane	libm.so.6	glibc
libksane	libstdc++.so.6	aaa_libraries
libksane	libstdc++.so.6	gcc-g++
libksba	libc.so.6	aaa_glibc-solibs
libksba	libc.so.6	glibc
libksba	libgpg-error.so.0	aaa_libraries
libksba	libgpg-error.so.0	libgpg-error
libkscreen	libGLX.so.0	libglvnd
libkscreen	libOpenGL.so.0	libglvnd
libkscreen	libQt6Core.so.6	qt6
libkscreen	libQt6DBus.so.6	qt6
libkscreen	libQt6Gui.so.6	qt6
libkscreen	libQt6WaylandClient.so.6	qt6
libkscreen	libc.so.6	aaa_glibc-solibs
libkscreen	libc.so.6	glibc
libkscreen	libgcc_s.so.1	aaa_libraries
libkscreen	libgcc_s.so.1	gcc
libkscreen	libm.so.6	aaa_glibc-solibs
libkscreen	libm.so.6	glibc
libkscreen	libstdc++.so.6	aaa_libraries
libkscreen	libstdc++.so.6	gcc-g++
libkscreen	libwayland-client.so.0	wayland
libkscreen	libwayland-cursor.so.0	wayland
libkscreen	libxcb-dpms.so.0	libxcb
libkscreen	libxcb-randr.so.0	libxcb
libkscreen	libxcb.so.1	libxcb
libkscreen	libxkbcommon.so.0	aaa_libraries
libkscreen	libxkbcommon.so.0	libxkbcommon
libksieve	libGLX.so.0	libglvnd
libksieve	libKF6Archive.so.6	karchive
libksieve	libKF6Attica.so.6	attica
libksieve	libKF6ColorScheme.so.6	kcolorscheme
libksieve	libKF6Completion.so.6	kcompletion
libksieve	libKF6ConfigCore.so.6	kconfig
libksieve	libKF6ConfigGui.so.6	kconfig
libksieve	libKF6CoreAddons.so.6	kcoreaddons
libksieve	libKF6I18n.so.6	ki18n
libksieve	libKF6IconThemes.so.6	kiconthemes
libksieve	libKF6IconWidgets.so.6	kiconthemes
libksieve	libKF6JobWidgets.so.6	kjobwidgets
libksieve	libKF6KIOCore.so.6	kio
libksieve	libKF6KIOGui.so.6	kio
libksieve	libKF6KIOWidgets.so.6	kio
libksieve	libKF6Mime.so.6	kmime
libksieve	libKF6NewStuffCore.so.6	knewstuff
libksieve	libKF6Service.so.6	kservice
libksieve	libKF6SonnetUi.so.6	sonnet
libksieve	libKF6SyntaxHighlighting.so.6	syntax-highlighting
libksieve	libKF6TextAddonsWidgets.so.1	ktextaddons
libksieve	libKF6TextAutoCorrectionCore.so.1	ktextaddons
libksieve	libKF6TextAutoCorrectionWidgets.so.1	ktextaddons
libksieve	libKF6TextAutoGenerateText.so.1	ktextaddons
libksieve	libKF6TextAutoGenerateTextMcpProtocolCore.so.1	ktextaddons
libksieve	libKF6TextCustomEditor.so.1	ktextaddons
libksieve	libKF6TextEditTextToSpeech.so.1	ktextaddons
libksieve	libKF6TextUtils.so.1	ktextaddons
libksieve	libKF6WidgetsAddons.so.6	kwidgetsaddons
libksieve	libKPim6IdentityManagementCore.so.6	kidentitymanagement
libksieve	libKPim6Libkdepim.so.6	libkdepim
libksieve	libKPim6MailTransport.so.6	kmailtransport
libksieve	libKPim6PimCommon.so.6	pimcommon
libksieve	libOpenGL.so.0	libglvnd
libksieve	libQt6Core.so.6	qt6
libksieve	libQt6DBus.so.6	qt6
libksieve	libQt6Gui.so.6	qt6
libksieve	libQt6Multimedia.so.6	qt6
libksieve	libQt6Network.so.6	qt6
libksieve	libQt6OpenGL.so.6	qt6
libksieve	libQt6Positioning.so.6	qt6
libksieve	libQt6PrintSupport.so.6	qt6
libksieve	libQt6Qml.so.6	qt6
libksieve	libQt6Quick.so.6	qt6
libksieve	libQt6Sql.so.6	qt6
libksieve	libQt6TextToSpeech.so.6	qt6
libksieve	libQt6WebChannel.so.6	qt6
libksieve	libQt6WebEngineCore.so.6	qt6
libksieve	libQt6WebEngineWidgets.so.6	qt6
libksieve	libQt6Widgets.so.6	qt6
libksieve	libc.so.6	aaa_glibc-solibs
libksieve	libc.so.6	glibc
libksieve	libgcc_s.so.1	aaa_libraries
libksieve	libgcc_s.so.1	gcc
libksieve	libm.so.6	aaa_glibc-solibs
libksieve	libm.so.6	glibc
libksieve	libsasl2.so.3	cyrus-sasl
libksieve	libstdc++.so.6	aaa_libraries
libksieve	libstdc++.so.6	gcc-g++
libksysguard	ld-linux-x86-64.so.2	aaa_glibc-solibs
libksysguard	ld-linux-x86-64.so.2	glibc
libksysguard	libGLX.so.0	libglvnd
libksysguard	libKF6AuthCore.so.6	kauth
libksysguard	libKF6ConfigCore.so.6	kconfig
libksysguard	libKF6ConfigGui.so.6	kconfig
libksysguard	libKF6ConfigQml.so.6	kconfig
libksysguard	libKF6CoreAddons.so.6	kcoreaddons
libksysguard	libKF6I18n.so.6	ki18n
libksysguard	libKF6Package.so.6	kpackage
libksysguard	libKF6Service.so.6	kservice
libksysguard	libKF6Solid.so.6	solid
libksysguard	libOpenGL.so.0	libglvnd
libksysguard	libQt6Core.so.6	qt6
libksysguard	libQt6DBus.so.6	qt6
libksysguard	libQt6Gui.so.6	qt6
libksysguard	libQt6Network.so.6	qt6
libksysguard	libQt6OpenGL.so.6	qt6
libksysguard	libQt6Qml.so.6	qt6
libksysguard	libQt6Quick.so.6	qt6
libksysguard	libc.so.6	aaa_glibc-solibs
libksysguard	libc.so.6	glibc
libksysguard	libdrm.so.2	libdrm
libksysguard	libgcc_s.so.1	aaa_libraries
libksysguard	libgcc_s.so.1	gcc
libksysguard	libm.so.6	aaa_glibc-solibs
libksysguard	libm.so.6	glibc
libksysguard	libnl-3.so.200	libnl3
libksysguard	libnl-route-3.so.200	libnl3
libksysguard	libpcap.so.1	libpcap
libksysguard	libsensors.so.5	lm_sensors
libksysguard	libstdc++.so.6	aaa_libraries
libksysguard	libstdc++.so.6	gcc-g++
libksysguard	libudev.so.1	aaa_libraries
libksysguard	libudev.so.1	eudev
libksysguard	libz.so.1	aaa_libraries
libksysguard	libz.so.1	zlib
libktorrent	libGLX.so.0	libglvnd
libktorrent	libKF6Archive.so.6	karchive
libktorrent	libKF6Completion.so.6	kcompletion
libktorrent	libKF6ConfigCore.so.6	kconfig
libktorrent	libKF6CoreAddons.so.6	kcoreaddons
libktorrent	libKF6I18n.so.6	ki18n
libktorrent	libKF6JobWidgets.so.6	kjobwidgets
libktorrent	libKF6KIOCore.so.6	kio
libktorrent	libKF6KIOGui.so.6	kio
libktorrent	libKF6KIOWidgets.so.6	kio
libktorrent	libKF6Service.so.6	kservice
libktorrent	libKF6Solid.so.6	solid
libktorrent	libKF6WidgetsAddons.so.6	kwidgetsaddons
libktorrent	libOpenGL.so.0	libglvnd
libktorrent	libQt6Core.so.6	qt6
libktorrent	libQt6DBus.so.6	qt6
libktorrent	libQt6Gui.so.6	qt6
libktorrent	libQt6Network.so.6	qt6
libktorrent	libQt6Widgets.so.6	qt6
libktorrent	libQt6Xml.so.6	qt6
libktorrent	libc.so.6	aaa_glibc-solibs
libktorrent	libc.so.6	glibc
libktorrent	libcrypto.so.3	openssl
libktorrent	libcrypto.so.3	openssl-solibs
libktorrent	libgcc_s.so.1	aaa_libraries
libktorrent	libgcc_s.so.1	gcc
libktorrent	libgmp.so.10	aaa_libraries
libktorrent	libgmp.so.10	gmp
libktorrent	libm.so.6	aaa_glibc-solibs
libktorrent	libm.so.6	glibc
libktorrent	libstdc++.so.6	aaa_libraries
libktorrent	libstdc++.so.6	gcc-g++
libmad	libc.so.6	aaa_glibc-solibs
libmad	libc.so.6	glibc
libmaxminddb	libc.so.6	aaa_glibc-solibs
libmaxminddb	libc.so.6	glibc
libmaxminddb	libm.so.6	aaa_glibc-solibs
libmaxminddb	libm.so.6	glibc
libmbim	libc.so.6	aaa_glibc-solibs
libmbim	libc.so.6	glibc
libmbim	libgio-2.0.so.0	glib2
libmbim	libglib-2.0.so.0	aaa_libraries
libmbim	libglib-2.0.so.0	glib2
libmbim	libgobject-2.0.so.0	aaa_libraries
libmbim	libgobject-2.0.so.0	glib2
libmcrypt	libc.so.6	aaa_glibc-solibs
libmcrypt	libc.so.6	glibc
libmng	libc.so.6	aaa_glibc-solibs
libmng	libc.so.6	glibc
libmng	libjpeg.so.62	aaa_libraries
libmng	libjpeg.so.62	libjpeg-turbo
libmng	liblcms2.so.2	lcms2
libmng	libm.so.6	aaa_glibc-solibs
libmng	libm.so.6	glibc
libmng	libz.so.1	aaa_libraries
libmng	libz.so.1	zlib
libmnl	libc.so.6	aaa_glibc-solibs
libmnl	libc.so.6	glibc
libmpc	libc.so.6	aaa_glibc-solibs
libmpc	libc.so.6	glibc
libmpc	libgmp.so.10	aaa_libraries
libmpc	libgmp.so.10	gmp
libmpc	libm.so.6	aaa_glibc-solibs
libmpc	libm.so.6	glibc
libmpc	libmpfr.so.6	aaa_libraries
libmpc	libmpfr.so.6	mpfr
libmtp	libc.so.6	aaa_glibc-solibs
libmtp	libc.so.6	glibc
libmtp	libgcrypt.so.20	libgcrypt
libmtp	libusb-1.0.so.0	aaa_libraries
libmtp	libusb-1.0.so.0	libusb
libmypaint	libc.so.6	aaa_glibc-solibs
libmypaint	libc.so.6	glibc
libmypaint	libglib-2.0.so.0	aaa_libraries
libmypaint	libglib-2.0.so.0	glib2
libmypaint	libgobject-2.0.so.0	aaa_libraries
libmypaint	libgobject-2.0.so.0	glib2
libmypaint	libjson-c.so.5	aaa_libraries
libmypaint	libjson-c.so.5	json-c
libmypaint	libm.so.6	aaa_glibc-solibs
libmypaint	libm.so.6	glibc
libndp	ld-linux-x86-64.so.2	aaa_glibc-solibs
libndp	ld-linux-x86-64.so.2	glibc
libndp	libc.so.6	aaa_glibc-solibs
libndp	libc.so.6	glibc
libnetfilter_acct	libc.so.6	aaa_glibc-solibs
libnetfilter_acct	libc.so.6	glibc
libnetfilter_acct	libmnl.so.0	libmnl
libnetfilter_conntrack	libc.so.6	aaa_glibc-solibs
libnetfilter_conntrack	libc.so.6	glibc
libnetfilter_conntrack	libmnl.so.0	libmnl
libnetfilter_conntrack	libnfnetlink.so.0	libnfnetlink
libnetfilter_cthelper	libc.so.6	aaa_glibc-solibs
libnetfilter_cthelper	libc.so.6	glibc
libnetfilter_cthelper	libmnl.so.0	libmnl
libnetfilter_cttimeout	libc.so.6	aaa_glibc-solibs
libnetfilter_cttimeout	libc.so.6	glibc
libnetfilter_cttimeout	libmnl.so.0	libmnl
libnetfilter_log	libc.so.6	aaa_glibc-solibs
libnetfilter_log	libc.so.6	glibc
libnetfilter_log	libmnl.so.0	libmnl
libnetfilter_log	libnfnetlink.so.0	libnfnetlink
libnetfilter_queue	libc.so.6	aaa_glibc-solibs
libnetfilter_queue	libc.so.6	glibc
libnetfilter_queue	libmnl.so.0	libmnl
libnetfilter_queue	libnfnetlink.so.0	libnfnetlink
libnfnetlink	libc.so.6	aaa_glibc-solibs
libnfnetlink	libc.so.6	glibc
libnftnl	libc.so.6	aaa_glibc-solibs
libnftnl	libc.so.6	glibc
libnftnl	libmnl.so.0	libmnl
libnice	libc.so.6	aaa_glibc-solibs
libnice	libc.so.6	glibc
libnice	libgio-2.0.so.0	glib2
libnice	libglib-2.0.so.0	aaa_libraries
libnice	libglib-2.0.so.0	glib2
libnice	libgnutls.so.30	gnutls
libnice	libgobject-2.0.so.0	aaa_libraries
libnice	libgobject-2.0.so.0	glib2
libnice	libgstbase-1.0.so.0	gstreamer
libnice	libgstnet-1.0.so.0	gstreamer
libnice	libgstreamer-1.0.so.0	gstreamer
libnih	libc.so.6	aaa_glibc-solibs
libnih	libc.so.6	glibc
libnih	libdbus-1.so.3	dbus
libnih	libexpat.so.1	aaa_libraries
libnih	libexpat.so.1	expat
libnjb	libc.so.6	aaa_glibc-solibs
libnjb	libc.so.6	glibc
libnjb	libncursesw.so.6	aaa_libraries
libnjb	libncursesw.so.6	ncurses
libnjb	libtinfo.so.6	aaa_libraries
libnjb	libtinfo.so.6	ncurses
libnjb	libusb-0.1.so.4	aaa_libraries
libnjb	libusb-0.1.so.4	libusb-compat
libnjb	libz.so.1	aaa_libraries
libnjb	libz.so.1	zlib
libnl	ld-linux-x86-64.so.2	aaa_glibc-solibs
libnl	ld-linux-x86-64.so.2	glibc
libnl	libc.so.6	aaa_glibc-solibs
libnl	libc.so.6	glibc
libnl	libm.so.6	aaa_glibc-solibs
libnl	libm.so.6	glibc
libnl3	libc.so.6	aaa_glibc-solibs
libnl3	libc.so.6	glibc
libnma	libc.so.6	aaa_glibc-solibs
libnma	libc.so.6	glibc
libnma	libcairo.so.2	cairo
libnma	libgck-2.so.2	gcr4
libnma	libgcr-4.so.4	gcr4
libnma	libgdk-3.so.0	gtk+3
libnma	libgio-2.0.so.0	glib2
libnma	libglib-2.0.so.0	aaa_libraries
libnma	libglib-2.0.so.0	glib2
libnma	libgobject-2.0.so.0	aaa_libraries
libnma	libgobject-2.0.so.0	glib2
libnma	libgtk-3.so.0	gtk+3
libnma	libgtk-4.so.1	gtk4
libnma	libnm.so.0	NetworkManager
libnotify	libc.so.6	aaa_glibc-solibs
libnotify	libc.so.6	glibc
libnotify	libgdk_pixbuf-2.0.so.0	gdk-pixbuf2
libnotify	libgio-2.0.so.0	glib2
libnotify	libglib-2.0.so.0	aaa_libraries
libnotify	libglib-2.0.so.0	glib2
libnotify	libgobject-2.0.so.0	aaa_libraries
libnotify	libgobject-2.0.so.0	glib2
libnova	libc.so.6	aaa_glibc-solibs
libnova	libc.so.6	glibc
libnova	libm.so.6	aaa_glibc-solibs
libnova	libm.so.6	glibc
libnsl	ld-linux-x86-64.so.2	aaa_glibc-solibs
libnsl	ld-linux-x86-64.so.2	glibc
libnsl	libc.so.6	aaa_glibc-solibs
libnsl	libc.so.6	glibc
libnsl	libtirpc.so.3	aaa_libraries
libnsl	libtirpc.so.3	libtirpc
libnss_nis	libc.so.6	aaa_glibc-solibs
libnss_nis	libc.so.6	glibc
libnss_nis	libnsl.so.3	aaa_libraries
libnss_nis	libnsl.so.3	libnsl
libnss_nis	libtirpc.so.3	aaa_libraries
libnss_nis	libtirpc.so.3	libtirpc
libnvme	libc.so.6	aaa_glibc-solibs
libnvme	libc.so.6	glibc
libnvme	libcrypto.so.3	openssl
libnvme	libcrypto.so.3	openssl-solibs
libnvme	libjson-c.so.5	aaa_libraries
libnvme	libjson-c.so.5	json-c
libnvme	libkeyutils.so.1	aaa_libraries
libnvme	libkeyutils.so.1	keyutils
libodfgen	libc.so.6	aaa_glibc-solibs
libodfgen	libc.so.6	glibc
libodfgen	libgcc_s.so.1	aaa_libraries
libodfgen	libgcc_s.so.1	gcc
libodfgen	libm.so.6	aaa_glibc-solibs
libodfgen	libm.so.6	glibc
libodfgen	librevenge-0.0.so.0	librevenge
libodfgen	librevenge-stream-0.0.so.0	librevenge
libodfgen	libstdc++.so.6	aaa_libraries
libodfgen	libstdc++.so.6	gcc-g++
libodfgen	libxml2.so.16	libxml2
libogg	libc.so.6	aaa_glibc-solibs
libogg	libc.so.6	glibc
liboggz	libc.so.6	aaa_glibc-solibs
liboggz	libc.so.6	glibc
liboggz	libm.so.6	aaa_glibc-solibs
liboggz	libm.so.6	glibc
liboggz	libogg.so.0	libogg
libopusenc	libc.so.6	aaa_glibc-solibs
libopusenc	libc.so.6	glibc
libopusenc	libm.so.6	aaa_glibc-solibs
libopusenc	libm.so.6	glibc
libopusenc	libopus.so.0	opus
libpaper	libc.so.6	aaa_glibc-solibs
libpaper	libc.so.6	glibc
libpcap	ld-linux-x86-64.so.2	aaa_glibc-solibs
libpcap	ld-linux-x86-64.so.2	glibc
libpcap	libc.so.6	aaa_glibc-solibs
libpcap	libc.so.6	glibc
libpcap	libdbus-1.so.3	dbus
libpcap	libnl-3.so.200	libnl3
libpcap	libnl-genl-3.so.200	libnl3
libpciaccess	libc.so.6	aaa_glibc-solibs
libpciaccess	libc.so.6	glibc
libpciaccess	libz.so.1	aaa_libraries
libpciaccess	libz.so.1	zlib
libpinyin	libc.so.6	aaa_glibc-solibs
libpinyin	libc.so.6	glibc
libpinyin	libdb-4.8.so	aaa_libraries
libpinyin	libdb-4.8.so	db48
libpinyin	libgcc_s.so.1	aaa_libraries
libpinyin	libgcc_s.so.1	gcc
libpinyin	libglib-2.0.so.0	aaa_libraries
libpinyin	libglib-2.0.so.0	glib2
libpinyin	libm.so.6	aaa_glibc-solibs
libpinyin	libm.so.6	glibc
libpinyin	libstdc++.so.6	aaa_libraries
libpinyin	libstdc++.so.6	gcc-g++
libplacebo	libc.so.6	aaa_glibc-solibs
libplacebo	libc.so.6	glibc
libplacebo	libgcc_s.so.1	aaa_libraries
libplacebo	libgcc_s.so.1	gcc
libplacebo	libglslang-default-resource-limits.so.16	vulkan-sdk
libplacebo	libglslang.so.16	vulkan-sdk
libplacebo	liblcms2.so.2	lcms2
libplacebo	libm.so.6	aaa_glibc-solibs
libplacebo	libm.so.6	glibc
libplacebo	libshaderc_shared.so.1	vulkan-sdk
libplacebo	libstdc++.so.6	aaa_libraries
libplacebo	libstdc++.so.6	gcc-g++
libplacebo	libunwind.so.8	aaa_libraries
libplacebo	libunwind.so.8	libunwind
libplacebo	libvulkan.so.1	vulkan-sdk
libplasma	libEGL.so.1	libglvnd
libplasma	libGLX.so.0	libglvnd
libplasma	libICE.so.6	libICE
libplasma	libKF6ColorScheme.so.6	kcolorscheme
libplasma	libKF6Completion.so.6	kcompletion
libplasma	libKF6ConfigCore.so.6	kconfig
libplasma	libKF6ConfigGui.so.6	kconfig
libplasma	libKF6ConfigQml.so.6	kconfig
libplasma	libKF6CoreAddons.so.6	kcoreaddons
libplasma	libKF6GlobalAccel.so.6	kglobalaccel
libplasma	libKF6GuiAddons.so.6	kguiaddons
libplasma	libKF6I18n.so.6	ki18n
libplasma	libKF6I18nQml.so.6	ki18n
libplasma	libKF6IconThemes.so.6	kiconthemes
libplasma	libKF6JobWidgets.so.6	kjobwidgets
libplasma	libKF6KIOCore.so.6	kio
libplasma	libKF6KIOGui.so.6	kio
libplasma	libKF6KIOWidgets.so.6	kio
libplasma	libKF6Notifications.so.6	knotifications
libplasma	libKF6Package.so.6	kpackage
libplasma	libKF6Service.so.6	kservice
libplasma	libKF6Svg.so.6	ksvg
libplasma	libKF6WidgetsAddons.so.6	kwidgetsaddons
libplasma	libKF6WindowSystem.so.6	kwindowsystem
libplasma	libKirigamiPlatform.so.6	kirigami
libplasma	libOpenGL.so.0	libglvnd
libplasma	libPlasmaActivities.so.7	plasma-activities
libplasma	libQt6Core.so.6	qt6
libplasma	libQt6DBus.so.6	qt6
libplasma	libQt6Gui.so.6	qt6
libplasma	libQt6Network.so.6	qt6
libplasma	libQt6OpenGL.so.6	qt6
libplasma	libQt6Qml.so.6	qt6
libplasma	libQt6Quick.so.6	qt6
libplasma	libQt6Svg.so.6	qt6
libplasma	libQt6WaylandClient.so.6	qt6
libplasma	libQt6Widgets.so.6	qt6
libplasma	libSM.so.6	libSM
libplasma	libX11.so.6	libX11
libplasma	libXext.so.6	libXext
libplasma	libc.so.6	aaa_glibc-solibs
libplasma	libc.so.6	glibc
libplasma	libgcc_s.so.1	aaa_libraries
libplasma	libgcc_s.so.1	gcc
libplasma	libm.so.6	aaa_glibc-solibs
libplasma	libm.so.6	glibc
libplasma	libstdc++.so.6	aaa_libraries
libplasma	libstdc++.so.6	gcc-g++
libplasma	libwayland-client.so.0	wayland
libplasma	libwayland-cursor.so.0	wayland
libplasma	libxcb-composite.so.0	libxcb
libplasma	libxcb-damage.so.0	libxcb
libplasma	libxcb-render.so.0	libxcb
libplasma	libxcb-shape.so.0	libxcb
libplasma	libxcb-xfixes.so.0	libxcb
libplasma	libxcb.so.1	libxcb
libplasma	libxkbcommon.so.0	aaa_libraries
libplasma	libxkbcommon.so.0	libxkbcommon
libplist	libc.so.6	aaa_glibc-solibs
libplist	libc.so.6	glibc
libplist	libgcc_s.so.1	aaa_libraries
libplist	libgcc_s.so.1	gcc
libplist	libm.so.6	aaa_glibc-solibs
libplist	libm.so.6	glibc
libplist	libpython3.12.so.1.0	python3
libplist	libstdc++.so.6	aaa_libraries
libplist	libstdc++.so.6	gcc-g++
libpng	libc.so.6	aaa_glibc-solibs
libpng	libc.so.6	glibc
libpng	libm.so.6	aaa_glibc-solibs
libpng	libm.so.6	glibc
libpng	libpng16.so.16	aaa_libraries
libpng	libz.so.1	aaa_libraries
libpng	libz.so.1	zlib
libportal	libQt5Core.so.5	qt5
libportal	libQt5Gui.so.5	qt5
libportal	libQt5X11Extras.so.5	qt5
libportal	libQt6Core.so.6	qt6
libportal	libQt6Gui.so.6	qt6
libportal	libc.so.6	aaa_glibc-solibs
libportal	libc.so.6	glibc
libportal	libgcc_s.so.1	aaa_libraries
libportal	libgcc_s.so.1	gcc
libportal	libgdk-3.so.0	gtk+3
libportal	libgio-2.0.so.0	glib2
libportal	libglib-2.0.so.0	aaa_libraries
libportal	libglib-2.0.so.0	glib2
libportal	libgobject-2.0.so.0	aaa_libraries
libportal	libgobject-2.0.so.0	glib2
libportal	libgtk-3.so.0	gtk+3
libportal	libgtk-4.so.1	gtk4
libportal	libstdc++.so.6	aaa_libraries
libportal	libstdc++.so.6	gcc-g++
libppd	libc.so.6	aaa_glibc-solibs
libppd	libc.so.6	glibc
libppd	libcups.so.2	aaa_libraries
libppd	libcups.so.2	cups
libppd	libcupsfilters.so.2	libcupsfilters
libppd	libgcc_s.so.1	aaa_libraries
libppd	libgcc_s.so.1	gcc
libppd	libm.so.6	aaa_glibc-solibs
libppd	libm.so.6	glibc
libppd	libstdc++.so.6	aaa_libraries
libppd	libstdc++.so.6	gcc-g++
libppd	libz.so.1	aaa_libraries
libppd	libz.so.1	zlib
libproxy	libc.so.6	aaa_glibc-solibs
libproxy	libc.so.6	glibc
libproxy	libcurl.so.4	aaa_libraries
libproxy	libcurl.so.4	curl
libproxy	libduktape.so.207	duktape
libproxy	libgio-2.0.so.0	glib2
libproxy	libglib-2.0.so.0	aaa_libraries
libproxy	libglib-2.0.so.0	glib2
libproxy	libgobject-2.0.so.0	aaa_libraries
libproxy	libgobject-2.0.so.0	glib2
libpsl	libc.so.6	aaa_glibc-solibs
libpsl	libc.so.6	glibc
libpsl	libidn2.so.0	aaa_libraries
libpsl	libidn2.so.0	libidn2
libpsl	libpsl.so.5	aaa_libraries
libpsl	libunistring.so.5	aaa_libraries
libpsl	libunistring.so.5	libunistring
libptytty	ld-linux-x86-64.so.2	aaa_glibc-solibs
libptytty	ld-linux-x86-64.so.2	glibc
libptytty	libc.so.6	aaa_glibc-solibs
libptytty	libc.so.6	glibc
libptytty	libgcc_s.so.1	aaa_libraries
libptytty	libgcc_s.so.1	gcc
libpwquality	libc.so.6	aaa_glibc-solibs
libpwquality	libc.so.6	glibc
libpwquality	libcrack.so.2	cracklib
libpwquality	libpam.so.0	pam
libqaccessibilityclient	libGLX.so.0	libglvnd
libqaccessibilityclient	libOpenGL.so.0	libglvnd
libqaccessibilityclient	libQt6Core.so.6	qt6
libqaccessibilityclient	libQt6DBus.so.6	qt6
libqaccessibilityclient	libQt6Gui.so.6	qt6
libqaccessibilityclient	libQt6Widgets.so.6	qt6
libqaccessibilityclient	libc.so.6	aaa_glibc-solibs
libqaccessibilityclient	libc.so.6	glibc
libqaccessibilityclient	libgcc_s.so.1	aaa_libraries
libqaccessibilityclient	libgcc_s.so.1	gcc
libqaccessibilityclient	libm.so.6	aaa_glibc-solibs
libqaccessibilityclient	libm.so.6	glibc
libqaccessibilityclient	libstdc++.so.6	aaa_libraries
libqaccessibilityclient	libstdc++.so.6	gcc-g++
libqalculate	libc.so.6	aaa_glibc-solibs
libqalculate	libc.so.6	glibc
libqalculate	libcurl.so.4	aaa_libraries
libqalculate	libcurl.so.4	curl
libqalculate	libgcc_s.so.1	aaa_libraries
libqalculate	libgcc_s.so.1	gcc
libqalculate	libgmp.so.10	aaa_libraries
libqalculate	libgmp.so.10	gmp
libqalculate	libhistory.so.8	aaa_libraries
libqalculate	libhistory.so.8	readline
libqalculate	libicuuc.so.78	icu4c
libqalculate	libm.so.6	aaa_glibc-solibs
libqalculate	libm.so.6	glibc
libqalculate	libmpfr.so.6	aaa_libraries
libqalculate	libmpfr.so.6	mpfr
libqalculate	libncursesw.so.6	aaa_libraries
libqalculate	libncursesw.so.6	ncurses
libqalculate	libreadline.so.8	aaa_libraries
libqalculate	libreadline.so.8	readline
libqalculate	libstdc++.so.6	aaa_libraries
libqalculate	libstdc++.so.6	gcc-g++
libqalculate	libtinfo.so.6	aaa_libraries
libqalculate	libtinfo.so.6	ncurses
libqalculate	libxml2.so.16	libxml2
libqmi	libc.so.6	aaa_glibc-solibs
libqmi	libc.so.6	glibc
libqmi	libgio-2.0.so.0	glib2
libqmi	libglib-2.0.so.0	aaa_libraries
libqmi	libglib-2.0.so.0	glib2
libqmi	libgobject-2.0.so.0	aaa_libraries
libqmi	libgobject-2.0.so.0	glib2
libqmi	libgudev-1.0.so.0	libgudev
libqmi	libmbim-glib.so.4	libmbim
libqmi	libqrtr-glib.so.0	libqrtr-glib
libqrtr-glib	libc.so.6	aaa_glibc-solibs
libqrtr-glib	libc.so.6	glibc
libqrtr-glib	libgio-2.0.so.0	glib2
libqrtr-glib	libglib-2.0.so.0	aaa_libraries
libqrtr-glib	libglib-2.0.so.0	glib2
libqrtr-glib	libgobject-2.0.so.0	aaa_libraries
libqrtr-glib	libgobject-2.0.so.0	glib2
libraw1394	libc.so.6	aaa_glibc-solibs
libraw1394	libc.so.6	glibc
librevenge	libc.so.6	aaa_glibc-solibs
librevenge	libc.so.6	glibc
librevenge	libgcc_s.so.1	aaa_libraries
librevenge	libgcc_s.so.1	gcc
librevenge	libm.so.6	aaa_glibc-solibs
librevenge	libm.so.6	glibc
librevenge	libstdc++.so.6	aaa_libraries
librevenge	libstdc++.so.6	gcc-g++
librevenge	libz.so.1	aaa_libraries
librevenge	libz.so.1	zlib
librsvg	ld-linux-x86-64.so.2	aaa_glibc-solibs
librsvg	ld-linux-x86-64.so.2	glibc
librsvg	libc.so.6	aaa_glibc-solibs
librsvg	libc.so.6	glibc
librsvg	libcairo-gobject.so.2	cairo
librsvg	libcairo.so.2	cairo
librsvg	libdav1d.so.7	dav1d
librsvg	libfontconfig.so.1	fontconfig
librsvg	libgcc_s.so.1	aaa_libraries
librsvg	libgcc_s.so.1	gcc
librsvg	libgdk_pixbuf-2.0.so.0	gdk-pixbuf2
librsvg	libgio-2.0.so.0	glib2
librsvg	libglib-2.0.so.0	aaa_libraries
librsvg	libglib-2.0.so.0	glib2
librsvg	libgobject-2.0.so.0	aaa_libraries
librsvg	libgobject-2.0.so.0	glib2
librsvg	libharfbuzz.so.0	harfbuzz
librsvg	libm.so.6	aaa_glibc-solibs
librsvg	libm.so.6	glibc
librsvg	libpango-1.0.so.0	pango
librsvg	libpangocairo-1.0.so.0	pango
librsvg	libxml2.so.16	libxml2
libsamplerate	libc.so.6	aaa_glibc-solibs
libsamplerate	libc.so.6	glibc
libsamplerate	libm.so.6	aaa_glibc-solibs
libsamplerate	libm.so.6	glibc
libsass	libc.so.6	aaa_glibc-solibs
libsass	libc.so.6	glibc
libsass	libgcc_s.so.1	aaa_libraries
libsass	libgcc_s.so.1	gcc
libsass	libm.so.6	aaa_glibc-solibs
libsass	libm.so.6	glibc
libsass	libstdc++.so.6	aaa_libraries
libsass	libstdc++.so.6	gcc-g++
libseccomp	libc.so.6	aaa_glibc-solibs
libseccomp	libc.so.6	glibc
libsecret	libc.so.6	aaa_glibc-solibs
libsecret	libc.so.6	glibc
libsecret	libgcrypt.so.20	libgcrypt
libsecret	libgio-2.0.so.0	glib2
libsecret	libglib-2.0.so.0	aaa_libraries
libsecret	libglib-2.0.so.0	glib2
libsecret	libgobject-2.0.so.0	aaa_libraries
libsecret	libgobject-2.0.so.0	glib2
libsfdo	libc.so.6	aaa_glibc-solibs
libsfdo	libc.so.6	glibc
libsigc++	libgcc_s.so.1	aaa_libraries
libsigc++	libgcc_s.so.1	gcc
libsigc++	libstdc++.so.6	aaa_libraries
libsigc++	libstdc++.so.6	gcc-g++
libsigc++3	libc.so.6	aaa_glibc-solibs
libsigc++3	libc.so.6	glibc
libsigc++3	libgcc_s.so.1	aaa_libraries
libsigc++3	libgcc_s.so.1	gcc
libsigc++3	libstdc++.so.6	aaa_libraries
libsigc++3	libstdc++.so.6	gcc-g++
libsigsegv	libc.so.6	aaa_glibc-solibs
libsigsegv	libc.so.6	glibc
libslirp	libc.so.6	aaa_glibc-solibs
libslirp	libc.so.6	glibc
libslirp	libglib-2.0.so.0	aaa_libraries
libslirp	libglib-2.0.so.0	glib2
libsndfile	libFLAC.so.14	flac
libsndfile	libasound.so.2	aaa_libraries
libsndfile	libasound.so.2	alsa-lib
libsndfile	libc.so.6	aaa_glibc-solibs
libsndfile	libc.so.6	glibc
libsndfile	libm.so.6	aaa_glibc-solibs
libsndfile	libm.so.6	glibc
libsndfile	libmp3lame.so.0	lame
libsndfile	libmpg123.so.0	mpg123
libsndfile	libogg.so.0	libogg
libsndfile	libopus.so.0	opus
libsndfile	libvorbis.so.0	libvorbis
libsndfile	libvorbisenc.so.2	libvorbis
libsodium	ld-linux-x86-64.so.2	aaa_glibc-solibs
libsodium	ld-linux-x86-64.so.2	glibc
libsodium	libc.so.6	aaa_glibc-solibs
libsodium	libc.so.6	glibc
libsoup	libbrotlidec.so.1	brotli
libsoup	libc.so.6	aaa_glibc-solibs
libsoup	libc.so.6	glibc
libsoup	libgio-2.0.so.0	glib2
libsoup	libglib-2.0.so.0	aaa_libraries
libsoup	libglib-2.0.so.0	glib2
libsoup	libgmodule-2.0.so.0	aaa_libraries
libsoup	libgmodule-2.0.so.0	glib2
libsoup	libgobject-2.0.so.0	aaa_libraries
libsoup	libgobject-2.0.so.0	glib2
libsoup	libpsl.so.5	aaa_libraries
libsoup	libpsl.so.5	libpsl
libsoup	libsqlite3.so.0	sqlite
libsoup	libxml2.so.16	libxml2
libsoup	libz.so.1	aaa_libraries
libsoup	libz.so.1	zlib
libsoup3	libbrotlidec.so.1	brotli
libsoup3	libc.so.6	aaa_glibc-solibs
libsoup3	libc.so.6	glibc
libsoup3	libgio-2.0.so.0	glib2
libsoup3	libglib-2.0.so.0	aaa_libraries
libsoup3	libglib-2.0.so.0	glib2
libsoup3	libgobject-2.0.so.0	aaa_libraries
libsoup3	libgobject-2.0.so.0	glib2
libsoup3	libnghttp2.so.14	nghttp2
libsoup3	libpsl.so.5	aaa_libraries
libsoup3	libpsl.so.5	libpsl
libsoup3	libsqlite3.so.0	sqlite
libsoup3	libz.so.1	aaa_libraries
libsoup3	libz.so.1	zlib
libsoup3	libzstd.so.1	aaa_libraries
libsoup3	libzstd.so.1	zstd
libspectre	libc.so.6	aaa_glibc-solibs
libspectre	libc.so.6	glibc
libspectre	libgs.so.10	ghostscript
libssh	ld-linux-x86-64.so.2	aaa_glibc-solibs
libssh	ld-linux-x86-64.so.2	glibc
libssh	libc.so.6	aaa_glibc-solibs
libssh	libc.so.6	glibc
libssh	libcom_err.so.2	e2fsprogs
libssh	libgcrypt.so.20	libgcrypt
libssh	libgpg-error.so.0	aaa_libraries
libssh	libgpg-error.so.0	libgpg-error
libssh	libgssapi_krb5.so.2	aaa_libraries
libssh	libgssapi_krb5.so.2	krb5
libssh	libk5crypto.so.3	aaa_libraries
libssh	libk5crypto.so.3	krb5
libssh	libkrb5.so.3	aaa_libraries
libssh	libkrb5.so.3	krb5
libssh	libz.so.1	aaa_libraries
libssh	libz.so.1	zlib
libssh2	libc.so.6	aaa_glibc-solibs
libssh2	libc.so.6	glibc
libssh2	libcrypto.so.3	openssl
libssh2	libcrypto.so.3	openssl-solibs
libssh2	libssl.so.3	openssl
libssh2	libssl.so.3	openssl-solibs
libssh2	libz.so.1	aaa_libraries
libssh2	libz.so.1	zlib
libtasn1	libc.so.6	aaa_glibc-solibs
libtasn1	libc.so.6	glibc
libtatsu	libc.so.6	aaa_glibc-solibs
libtatsu	libc.so.6	glibc
libtatsu	libcurl.so.4	aaa_libraries
libtatsu	libcurl.so.4	curl
libtatsu	libplist-2.0.so.12	libplist
libtheora	libc.so.6	aaa_glibc-solibs
libtheora	libc.so.6	glibc
libtheora	libogg.so.0	libogg
libtiff	libGL.so.1	libglvnd
libtiff	libGLU.so.1	glu
libtiff	libICE.so.6	libICE
libtiff	libSM.so.6	libSM
libtiff	libXi.so.6	libXi
libtiff	libc.so.6	aaa_glibc-solibs
libtiff	libc.so.6	glibc
libtiff	libdeflate.so.0	libdeflate
libtiff	libgcc_s.so.1	aaa_libraries
libtiff	libgcc_s.so.1	gcc
libtiff	libglut.so.3	freeglut
libtiff	libjpeg.so.62	aaa_libraries
libtiff	libjpeg.so.62	libjpeg-turbo
libtiff	liblzma.so.5	aaa_libraries
libtiff	liblzma.so.5	xz
libtiff	libm.so.6	aaa_glibc-solibs
libtiff	libm.so.6	glibc
libtiff	libstdc++.so.6	aaa_libraries
libtiff	libstdc++.so.6	gcc-g++
libtiff	libtiff.so.6	aaa_libraries
libtiff	libwebp.so.7	libwebp
libtiff	libz.so.1	aaa_libraries
libtiff	libz.so.1	zlib
libtiff	libzstd.so.1	aaa_libraries
libtiff	libzstd.so.1	zstd
libtirpc	libc.so.6	aaa_glibc-solibs
libtirpc	libc.so.6	glibc
libtirpc	libcom_err.so.2	e2fsprogs
libtirpc	libgssapi_krb5.so.2	aaa_libraries
libtirpc	libgssapi_krb5.so.2	krb5
libtirpc	libk5crypto.so.3	aaa_libraries
libtirpc	libk5crypto.so.3	krb5
libtirpc	libkrb5.so.3	aaa_libraries
libtirpc	libkrb5.so.3	krb5
libtool	libc.so.6	aaa_glibc-solibs
libtool	libc.so.6	glibc
libtraceevent	libc.so.6	aaa_glibc-solibs
libtraceevent	libc.so.6	glibc
libtracefs	libc.so.6	aaa_glibc-solibs
libtracefs	libc.so.6	glibc
libtracefs	libtraceevent.so.1	libtraceevent
libunibreak	libc.so.6	aaa_glibc-solibs
libunibreak	libc.so.6	glibc
libunistring	libc.so.6	aaa_glibc-solibs
libunistring	libc.so.6	glibc
libunwind	ld-linux-x86-64.so.2	aaa_glibc-solibs
libunwind	ld-linux-x86-64.so.2	glibc
libunwind	libc.so.6	aaa_glibc-solibs
libunwind	libc.so.6	glibc
libunwind	liblzma.so.5	aaa_libraries
libunwind	liblzma.so.5	xz
libunwind	libunwind.so.8	aaa_libraries
libunwind	libz.so.1	aaa_libraries
libunwind	libz.so.1	zlib
libusb	ld-linux-x86-64.so.2	aaa_glibc-solibs
libusb	ld-linux-x86-64.so.2	glibc
libusb	libc.so.6	aaa_glibc-solibs
libusb	libc.so.6	glibc
libusb	libudev.so.1	aaa_libraries
libusb	libudev.so.1	eudev
libusb-compat	libc.so.6	aaa_glibc-solibs
libusb-compat	libc.so.6	glibc
libusbmuxd	libc.so.6	aaa_glibc-solibs
libusbmuxd	libc.so.6	glibc
libusbmuxd	libimobiledevice-glue-1.0.so.0	libimobiledevice-glue
libusbmuxd	libplist-2.0.so.12	libplist
libuv	libc.so.6	aaa_glibc-solibs
libuv	libc.so.6	glibc
libva	libGL.so.1	libglvnd
libva	libX11-xcb.so.1	libX11
libva	libX11.so.6	libX11
libva	libXext.so.6	libXext
libva	libXfixes.so.3	libXfixes
libva	libc.so.6	aaa_glibc-solibs
libva	libc.so.6	glibc
libva	libdrm.so.2	libdrm
libva	libwayland-client.so.0	wayland
libva	libxcb-dri3.so.0	libxcb
libva	libxcb.so.1	libxcb
libva-utils	libX11.so.6	libX11
libva-utils	libc.so.6	aaa_glibc-solibs
libva-utils	libc.so.6	glibc
libva-utils	libdrm.so.2	libdrm
libva-utils	libgcc_s.so.1	aaa_libraries
libva-utils	libgcc_s.so.1	gcc
libva-utils	libm.so.6	aaa_glibc-solibs
libva-utils	libm.so.6	glibc
libva-utils	libstdc++.so.6	aaa_libraries
libva-utils	libstdc++.so.6	gcc-g++
libva-utils	libva-drm.so.2	libva
libva-utils	libva-wayland.so.2	libva
libva-utils	libva-x11.so.2	libva
libva-utils	libva.so.2	libva
libva-utils	libwayland-client.so.0	wayland
libvdpau	libX11.so.6	libX11
libvdpau	libXext.so.6	libXext
libvdpau	libc.so.6	aaa_glibc-solibs
libvdpau	libc.so.6	glibc
libvisio	libc.so.6	aaa_glibc-solibs
libvisio	libc.so.6	glibc
libvisio	libgcc_s.so.1	aaa_libraries
libvisio	libgcc_s.so.1	gcc
libvisio	libicuuc.so.78	icu4c
libvisio	libm.so.6	aaa_glibc-solibs
libvisio	libm.so.6	glibc
libvisio	librevenge-0.0.so.0	librevenge
libvisio	librevenge-generators-0.0.so.0	librevenge
libvisio	librevenge-stream-0.0.so.0	librevenge
libvisio	libstdc++.so.6	aaa_libraries
libvisio	libstdc++.so.6	gcc-g++
libvisio	libxml2.so.16	libxml2
libvisual	libSDL-1.2.so.0	sdl
libvisual	libc.so.6	aaa_glibc-solibs
libvisual	libc.so.6	glibc
libvisual	libgcc_s.so.1	aaa_libraries
libvisual	libgcc_s.so.1	gcc
libvisual	libm.so.6	aaa_glibc-solibs
libvisual	libm.so.6	glibc
libvisual	libstdc++.so.6	aaa_libraries
libvisual	libstdc++.so.6	gcc-g++
libvisual-plugins	libGL.so.1	libglvnd
libvisual-plugins	libGLU.so.1	glu
libvisual-plugins	libOpenGL.so.0	libglvnd
libvisual-plugins	libasound.so.2	aaa_libraries
libvisual-plugins	libasound.so.2	alsa-lib
libvisual-plugins	libatk-1.0.so.0	at-spi2-core
libvisual-plugins	libc.so.6	aaa_glibc-solibs
libvisual-plugins	libc.so.6	glibc
libvisual-plugins	libcairo-gobject.so.2	cairo
libvisual-plugins	libcairo.so.2	cairo
libvisual-plugins	libgdk-3.so.0	gtk+3
libvisual-plugins	libgdk_pixbuf-2.0.so.0	gdk-pixbuf2
libvisual-plugins	libgio-2.0.so.0	glib2
libvisual-plugins	libglib-2.0.so.0	aaa_libraries
libvisual-plugins	libglib-2.0.so.0	glib2
libvisual-plugins	libgobject-2.0.so.0	aaa_libraries
libvisual-plugins	libgobject-2.0.so.0	glib2
libvisual-plugins	libgstreamer-1.0.so.0	gstreamer
libvisual-plugins	libgtk-3.so.0	gtk+3
libvisual-plugins	libharfbuzz.so.0	harfbuzz
libvisual-plugins	libjack.so.0	pipewire
libvisual-plugins	libm.so.6	aaa_glibc-solibs
libvisual-plugins	libm.so.6	glibc
libvisual-plugins	libpango-1.0.so.0	pango
libvisual-plugins	libpangocairo-1.0.so.0	pango
libvisual-plugins	libpulse.so.0	pulseaudio
libvisual-plugins	libvisual-0.4.so.0	libvisual
libvisual-plugins	libz.so.1	aaa_libraries
libvisual-plugins	libz.so.1	zlib
libvncserver	libc.so.6	aaa_glibc-solibs
libvncserver	libc.so.6	glibc
libvncserver	libcrypto.so.3	openssl
libvncserver	libcrypto.so.3	openssl-solibs
libvncserver	libgcrypt.so.20	libgcrypt
libvncserver	libgnutls.so.30	gnutls
libvncserver	libjpeg.so.62	aaa_libraries
libvncserver	libjpeg.so.62	libjpeg-turbo
libvncserver	liblzo2.so.2	lzo
libvncserver	libpng16.so.16	aaa_libraries
libvncserver	libpng16.so.16	libpng
libvncserver	libsasl2.so.3	cyrus-sasl
libvncserver	libssl.so.3	openssl
libvncserver	libssl.so.3	openssl-solibs
libvncserver	libz.so.1	aaa_libraries
libvncserver	libz.so.1	zlib
libvorbis	libc.so.6	aaa_glibc-solibs
libvorbis	libc.so.6	glibc
libvorbis	libm.so.6	aaa_glibc-solibs
libvorbis	libm.so.6	glibc
libvorbis	libmvec.so.1	aaa_glibc-solibs
libvorbis	libmvec.so.1	glibc
libvorbis	libogg.so.0	libogg
libvpx	libc.so.6	aaa_glibc-solibs
libvpx	libc.so.6	glibc
libvpx	libgcc_s.so.1	aaa_libraries
libvpx	libgcc_s.so.1	gcc
libvpx	libm.so.6	aaa_glibc-solibs
libvpx	libm.so.6	glibc
libvpx	libstdc++.so.6	aaa_libraries
libvpx	libstdc++.so.6	gcc-g++
libwacom	libc.so.6	aaa_glibc-solibs
libwacom	libc.so.6	glibc
libwacom	libevdev.so.2	libevdev
libwacom	libglib-2.0.so.0	aaa_libraries
libwacom	libglib-2.0.so.0	glib2
libwacom	libgobject-2.0.so.0	aaa_libraries
libwacom	libgobject-2.0.so.0	glib2
libwacom	libgudev-1.0.so.0	libgudev
libwebp	libGL.so.1	libglvnd
libwebp	libc.so.6	aaa_glibc-solibs
libwebp	libc.so.6	glibc
libwebp	libgif.so.7	giflib
libwebp	libglut.so.3	freeglut
libwebp	libjpeg.so.62	aaa_libraries
libwebp	libjpeg.so.62	libjpeg-turbo
libwebp	libm.so.6	aaa_glibc-solibs
libwebp	libm.so.6	glibc
libwebp	libpng16.so.16	aaa_libraries
libwebp	libpng16.so.16	libpng
libwebp	libtiff.so.6	aaa_libraries
libwebp	libtiff.so.6	libtiff
libwmf	libX11.so.6	libX11
libwmf	libXpm.so.4	libXpm
libwmf	libc.so.6	aaa_glibc-solibs
libwmf	libc.so.6	glibc
libwmf	libexpat.so.1	aaa_libraries
libwmf	libexpat.so.1	expat
libwmf	libfreetype.so.6	freetype
libwmf	libgd.so.3	gd
libwmf	libgdk_pixbuf-2.0.so.0	gdk-pixbuf2
libwmf	libglib-2.0.so.0	aaa_libraries
libwmf	libglib-2.0.so.0	glib2
libwmf	libgobject-2.0.so.0	aaa_libraries
libwmf	libgobject-2.0.so.0	glib2
libwmf	libjpeg.so.62	aaa_libraries
libwmf	libjpeg.so.62	libjpeg-turbo
libwmf	libm.so.6	aaa_glibc-solibs
libwmf	libm.so.6	glibc
libwmf	libpng16.so.16	aaa_libraries
libwmf	libpng16.so.16	libpng
libwmf	libz.so.1	aaa_libraries
libwmf	libz.so.1	zlib
libwnck	libX11.so.6	libX11
libwnck	libXRes.so.1	libXres
libwnck	libatk-1.0.so.0	at-spi2-core
libwnck	libc.so.6	aaa_glibc-solibs
libwnck	libc.so.6	glibc
libwnck	libcairo.so.2	cairo
libwnck	libfontconfig.so.1	fontconfig
libwnck	libfreetype.so.6	freetype
libwnck	libgdk-x11-2.0.so.0	gtk+2
libwnck	libgdk_pixbuf-2.0.so.0	gdk-pixbuf2
libwnck	libgio-2.0.so.0	glib2
libwnck	libglib-2.0.so.0	aaa_libraries
libwnck	libglib-2.0.so.0	glib2
libwnck	libgobject-2.0.so.0	aaa_libraries
libwnck	libgobject-2.0.so.0	glib2
libwnck	libgtk-x11-2.0.so.0	gtk+2
libwnck	libharfbuzz.so.0	harfbuzz
libwnck	libm.so.6	aaa_glibc-solibs
libwnck	libm.so.6	glibc
libwnck	libpango-1.0.so.0	pango
libwnck	libpangocairo-1.0.so.0	pango
libwnck	libpangoft2-1.0.so.0	pango
libwnck	libstartup-notification-1.so.0	startup-notification
libwnck3	libX11.so.6	libX11
libwnck3	libXRes.so.1	libXres
libwnck3	libXrender.so.1	libXrender
libwnck3	libatk-1.0.so.0	at-spi2-core
libwnck3	libc.so.6	aaa_glibc-solibs
libwnck3	libc.so.6	glibc
libwnck3	libcairo.so.2	cairo
libwnck3	libgdk-3.so.0	gtk+3
libwnck3	libgdk_pixbuf-2.0.so.0	gdk-pixbuf2
libwnck3	libgio-2.0.so.0	glib2
libwnck3	libglib-2.0.so.0	aaa_libraries
libwnck3	libglib-2.0.so.0	glib2
libwnck3	libgobject-2.0.so.0	aaa_libraries
libwnck3	libgobject-2.0.so.0	glib2
libwnck3	libgtk-3.so.0	gtk+3
libwnck3	libm.so.6	aaa_glibc-solibs
libwnck3	libm.so.6	glibc
libwnck3	libpango-1.0.so.0	pango
libwnck3	libstartup-notification-1.so.0	startup-notification
libwpd	libc.so.6	aaa_glibc-solibs
libwpd	libc.so.6	glibc
libwpd	libgcc_s.so.1	aaa_libraries
libwpd	libgcc_s.so.1	gcc
libwpd	libm.so.6	aaa_glibc-solibs
libwpd	libm.so.6	glibc
libwpd	librevenge-0.0.so.0	librevenge
libwpd	librevenge-generators-0.0.so.0	librevenge
libwpd	librevenge-stream-0.0.so.0	librevenge
libwpd	libstdc++.so.6	aaa_libraries
libwpd	libstdc++.so.6	gcc-g++
libwpg	libc.so.6	aaa_glibc-solibs
libwpg	libc.so.6	glibc
libwpg	libgcc_s.so.1	aaa_libraries
libwpg	libgcc_s.so.1	gcc
libwpg	libm.so.6	aaa_glibc-solibs
libwpg	libm.so.6	glibc
libwpg	librevenge-0.0.so.0	librevenge
libwpg	librevenge-generators-0.0.so.0	librevenge
libwpg	librevenge-stream-0.0.so.0	librevenge
libwpg	libstdc++.so.6	aaa_libraries
libwpg	libstdc++.so.6	gcc-g++
libwpg	libwpd-0.10.so.10	libwpd
libx86	libc.so.6	aaa_glibc-solibs
libx86	libc.so.6	glibc
libxcb	libXau.so.6	libXau
libxcb	libXdmcp.so.6	libXdmcp
libxcb	libc.so.6	aaa_glibc-solibs
libxcb	libc.so.6	glibc
libxcvt	libc.so.6	aaa_glibc-solibs
libxcvt	libc.so.6	glibc
libxcvt	libm.so.6	aaa_glibc-solibs
libxcvt	libm.so.6	glibc
libxfce4ui	libICE.so.6	libICE
libxfce4ui	libSM.so.6	libSM
libxfce4ui	libX11.so.6	libX11
libxfce4ui	libatk-1.0.so.0	at-spi2-core
libxfce4ui	libc.so.6	aaa_glibc-solibs
libxfce4ui	libc.so.6	glibc
libxfce4ui	libcairo-gobject.so.2	cairo
libxfce4ui	libcairo.so.2	cairo
libxfce4ui	libepoxy.so.0	libepoxy
libxfce4ui	libgdk-3.so.0	gtk+3
libxfce4ui	libgdk_pixbuf-2.0.so.0	gdk-pixbuf2
libxfce4ui	libgio-2.0.so.0	glib2
libxfce4ui	libgladeui-2.so.13	glade
libxfce4ui	libglib-2.0.so.0	aaa_libraries
libxfce4ui	libglib-2.0.so.0	glib2
libxfce4ui	libgmodule-2.0.so.0	aaa_libraries
libxfce4ui	libgmodule-2.0.so.0	glib2
libxfce4ui	libgobject-2.0.so.0	aaa_libraries
libxfce4ui	libgobject-2.0.so.0	glib2
libxfce4ui	libgtk-3.so.0	gtk+3
libxfce4ui	libgtop-2.0.so.11	libgtop
libxfce4ui	libgudev-1.0.so.0	libgudev
libxfce4ui	libharfbuzz.so.0	harfbuzz
libxfce4ui	libpango-1.0.so.0	pango
libxfce4ui	libpangocairo-1.0.so.0	pango
libxfce4ui	libstartup-notification-1.so.0	startup-notification
libxfce4ui	libxfce4util.so.7	libxfce4util
libxfce4ui	libxfconf-0.so.3	xfconf
libxfce4ui	libz.so.1	aaa_libraries
libxfce4ui	libz.so.1	zlib
libxfce4util	libc.so.6	aaa_glibc-solibs
libxfce4util	libc.so.6	glibc
libxfce4util	libgio-2.0.so.0	glib2
libxfce4util	libglib-2.0.so.0	aaa_libraries
libxfce4util	libglib-2.0.so.0	glib2
libxfce4util	libgobject-2.0.so.0	aaa_libraries
libxfce4util	libgobject-2.0.so.0	glib2
libxfce4windowing	libX11.so.6	libX11
libxfce4windowing	libXrandr.so.2	libXrandr
libxfce4windowing	libatk-1.0.so.0	at-spi2-core
libxfce4windowing	libc.so.6	aaa_glibc-solibs
libxfce4windowing	libc.so.6	glibc
libxfce4windowing	libcairo-gobject.so.2	cairo
libxfce4windowing	libcairo.so.2	cairo
libxfce4windowing	libdisplay-info.so.4	libdisplay-info
libxfce4windowing	libgdk-3.so.0	gtk+3
libxfce4windowing	libgdk_pixbuf-2.0.so.0	gdk-pixbuf2
libxfce4windowing	libgio-2.0.so.0	glib2
libxfce4windowing	libglib-2.0.so.0	aaa_libraries
libxfce4windowing	libglib-2.0.so.0	glib2
libxfce4windowing	libgobject-2.0.so.0	aaa_libraries
libxfce4windowing	libgobject-2.0.so.0	glib2
libxfce4windowing	libgtk-3.so.0	gtk+3
libxfce4windowing	libharfbuzz.so.0	harfbuzz
libxfce4windowing	libm.so.6	aaa_glibc-solibs
libxfce4windowing	libm.so.6	glibc
libxfce4windowing	libpango-1.0.so.0	pango
libxfce4windowing	libpangocairo-1.0.so.0	pango
libxfce4windowing	libwayland-client.so.0	wayland
libxfce4windowing	libwnck-3.so.0	libwnck3
libxfce4windowing	libz.so.1	aaa_libraries
libxfce4windowing	libz.so.1	zlib
libxkbcommon	libc.so.6	aaa_glibc-solibs
libxkbcommon	libc.so.6	glibc
libxkbcommon	libwayland-client.so.0	wayland
libxkbcommon	libxcb-xkb.so.1	libxcb
libxkbcommon	libxcb.so.1	libxcb
libxkbcommon	libxkbcommon.so.0	aaa_libraries
libxkbcommon	libxml2.so.16	libxml2
libxkbfile	libX11.so.6	libX11
libxkbfile	libc.so.6	aaa_glibc-solibs
libxkbfile	libc.so.6	glibc
libxklavier	libX11.so.6	libX11
libxklavier	libXi.so.6	libXi
libxklavier	libc.so.6	aaa_glibc-solibs
libxklavier	libc.so.6	glibc
libxklavier	libglib-2.0.so.0	aaa_libraries
libxklavier	libglib-2.0.so.0	glib2
libxklavier	libgobject-2.0.so.0	aaa_libraries
libxklavier	libgobject-2.0.so.0	glib2
libxklavier	libxkbfile.so.1	libxkbfile
libxklavier	libxml2.so.16	libxml2
libxml2	libc.so.6	aaa_glibc-solibs
libxml2	libc.so.6	glibc
libxml2	libm.so.6	aaa_glibc-solibs
libxml2	libm.so.6	glibc
libxml2	libz.so.1	aaa_libraries
libxml2	libz.so.1	zlib
libxmlb	libc.so.6	aaa_glibc-solibs
libxmlb	libc.so.6	glibc
libxmlb	libgio-2.0.so.0	glib2
libxmlb	libglib-2.0.so.0	aaa_libraries
libxmlb	libglib-2.0.so.0	glib2
libxmlb	libgobject-2.0.so.0	aaa_libraries
libxmlb	libgobject-2.0.so.0	glib2
libxmlb	liblzma.so.5	aaa_libraries
libxmlb	liblzma.so.5	xz
libxmlb	libzstd.so.1	aaa_libraries
libxmlb	libzstd.so.1	zstd
libxshmfence	libc.so.6	aaa_glibc-solibs
libxshmfence	libc.so.6	glibc
libxslt	libc.so.6	aaa_glibc-solibs
libxslt	libc.so.6	glibc
libxslt	libm.so.6	aaa_glibc-solibs
libxslt	libm.so.6	glibc
libxslt	libxml2.so.16	libxml2
libyaml	libc.so.6	aaa_glibc-solibs
libyaml	libc.so.6	glibc
libzip	libbz2.so.1	aaa_libraries
libzip	libbz2.so.1	bzip2
libzip	libc.so.6	aaa_glibc-solibs
libzip	libc.so.6	glibc
libzip	libcrypto.so.3	openssl
libzip	libcrypto.so.3	openssl-solibs
libzip	liblzma.so.5	aaa_libraries
libzip	liblzma.so.5	xz
libzip	libz.so.1	aaa_libraries
libzip	libz.so.1	zlib
libzip	libzstd.so.1	aaa_libraries
libzip	libzstd.so.1	zstd
lilo	libc.so.6	aaa_glibc-solibs
lilo	libc.so.6	glibc
lilo	libdevmapper.so.1.02	aaa_libraries
lilo	libdevmapper.so.1.02	lvm2
links	libX11.so.6	libX11
links	libbrotlidec.so.1	brotli
links	libbz2.so.1	aaa_libraries
links	libbz2.so.1	bzip2
links	libc.so.6	aaa_glibc-solibs
links	libc.so.6	glibc
links	libcairo.so.2	cairo
links	libcrypto.so.3	openssl
links	libcrypto.so.3	openssl-solibs
links	libevent-2.1.so.7	libevent
links	libfontconfig.so.1	fontconfig
links	libfreetype.so.6	freetype
links	libgdk_pixbuf-2.0.so.0	gdk-pixbuf2
links	libgio-2.0.so.0	glib2
links	libglib-2.0.so.0	aaa_libraries
links	libglib-2.0.so.0	glib2
links	libgobject-2.0.so.0	aaa_libraries
links	libgobject-2.0.so.0	glib2
links	libgomp.so.1	aaa_libraries
links	libgomp.so.1	gcc
links	libgpm.so.2	aaa_libraries
links	libgpm.so.2	gpm
links	libjpeg.so.62	aaa_libraries
links	libjpeg.so.62	libjpeg-turbo
links	liblz.so.1	lzlib
links	liblzma.so.5	aaa_libraries
links	liblzma.so.5	xz
links	libm.so.6	aaa_glibc-solibs
links	libm.so.6	glibc
links	libpng16.so.16	aaa_libraries
links	libpng16.so.16	libpng
links	librsvg-2.so.2	librsvg
links	libssl.so.3	openssl
links	libssl.so.3	openssl-solibs
links	libtiff.so.6	aaa_libraries
links	libtiff.so.6	libtiff
links	libvga.so.1	aaa_libraries
links	libvga.so.1	svgalib
links	libwebp.so.7	libwebp
links	libz.so.1	aaa_libraries
links	libz.so.1	zlib
links	libzstd.so.1	aaa_libraries
links	libzstd.so.1	zstd
linuxdoc-tools	libc.so.6	aaa_glibc-solibs
linuxdoc-tools	libc.so.6	glibc
linuxdoc-tools	libfl.so.2	flex
linuxdoc-tools	libgcc_s.so.1	aaa_libraries
linuxdoc-tools	libgcc_s.so.1	gcc
linuxdoc-tools	libm.so.6	aaa_glibc-solibs
linuxdoc-tools	libm.so.6	glibc
linuxdoc-tools	libnsl.so.3	aaa_libraries
linuxdoc-tools	libnsl.so.3	libnsl
linuxdoc-tools	libstdc++.so.6	aaa_libraries
linuxdoc-tools	libstdc++.so.6	gcc-g++
listres	libX11.so.6	libX11
listres	libXaw.so.7	libXaw
listres	libXmu.so.6	libXmu
listres	libXt.so.6	libXt
listres	libc.so.6	aaa_glibc-solibs
listres	libc.so.6	glibc
llvm	ld-linux-x86-64.so.2	aaa_glibc-solibs
llvm	ld-linux-x86-64.so.2	glibc
llvm	libatomic.so.1	aaa_libraries
llvm	libatomic.so.1	gcc
llvm	libc.so.6	aaa_glibc-solibs
llvm	libc.so.6	glibc
llvm	libedit.so.0	libedit
llvm	libffi.so.8	aaa_libraries
llvm	libffi.so.8	libffi
llvm	libformw.so.6	aaa_libraries
llvm	libformw.so.6	ncurses
llvm	libgcc_s.so.1	aaa_libraries
llvm	libgcc_s.so.1	gcc
llvm	liblua.so.5	lua
llvm	liblzma.so.5	aaa_libraries
llvm	liblzma.so.5	xz
llvm	libm.so.6	aaa_glibc-solibs
llvm	libm.so.6	glibc
llvm	libncursesw.so.6	aaa_libraries
llvm	libncursesw.so.6	ncurses
llvm	libpanelw.so.6	aaa_libraries
llvm	libpanelw.so.6	ncurses
llvm	libpython3.12.so.1.0	python3
llvm	libquadmath.so.0	gcc
llvm	libstdc++.so.6	aaa_libraries
llvm	libstdc++.so.6	gcc-g++
llvm	libtinfo.so.6	aaa_libraries
llvm	libtinfo.so.6	ncurses
llvm	libtree-sitter.so.0.27	tree-sitter
llvm	libxml2.so.16	libxml2
llvm	libz.so.1	aaa_libraries
llvm	libz.so.1	zlib
lm_sensors	libc.so.6	aaa_glibc-solibs
lm_sensors	libc.so.6	glibc
lm_sensors	libm.so.6	aaa_glibc-solibs
lm_sensors	libm.so.6	glibc
lmdb	libc.so.6	aaa_glibc-solibs
lmdb	libc.so.6	glibc
lndir	libc.so.6	aaa_glibc-solibs
lndir	libc.so.6	glibc
log4cplus	ld-linux-x86-64.so.2	aaa_glibc-solibs
log4cplus	ld-linux-x86-64.so.2	glibc
log4cplus	libc.so.6	aaa_glibc-solibs
log4cplus	libc.so.6	glibc
log4cplus	libgcc_s.so.1	aaa_libraries
log4cplus	libgcc_s.so.1	gcc
log4cplus	libm.so.6	aaa_glibc-solibs
log4cplus	libm.so.6	glibc
log4cplus	libstdc++.so.6	aaa_libraries
log4cplus	libstdc++.so.6	gcc-g++
logrotate	libacl.so.1	aaa_libraries
logrotate	libacl.so.1	acl
logrotate	libc.so.6	aaa_glibc-solibs
logrotate	libc.so.6	glibc
logrotate	libpopt.so.0	aaa_libraries
logrotate	libpopt.so.0	popt
lokalize	libGLX.so.0	libglvnd
lokalize	libKF6Bookmarks.so.6	kbookmarks
lokalize	libKF6ColorScheme.so.6	kcolorscheme
lokalize	libKF6Completion.so.6	kcompletion
lokalize	libKF6ConfigCore.so.6	kconfig
lokalize	libKF6ConfigGui.so.6	kconfig
lokalize	libKF6ConfigWidgets.so.6	kconfigwidgets
lokalize	libKF6CoreAddons.so.6	kcoreaddons
lokalize	libKF6Crash.so.6	kcrash
lokalize	libKF6DBusAddons.so.6	kdbusaddons
lokalize	libKF6GuiAddons.so.6	kguiaddons
lokalize	libKF6I18n.so.6	ki18n
lokalize	libKF6IconThemes.so.6	kiconthemes
lokalize	libKF6ItemViews.so.6	kitemviews
lokalize	libKF6JobWidgets.so.6	kjobwidgets
lokalize	libKF6KIOCore.so.6	kio
lokalize	libKF6KIOFileWidgets.so.6	kio
lokalize	libKF6KIOGui.so.6	kio
lokalize	libKF6KIOWidgets.so.6	kio
lokalize	libKF6Notifications.so.6	knotifications
lokalize	libKF6Service.so.6	kservice
lokalize	libKF6Solid.so.6	solid
lokalize	libKF6SonnetCore.so.6	sonnet
lokalize	libKF6SonnetUi.so.6	sonnet
lokalize	libKF6TextWidgets.so.6	ktextwidgets
lokalize	libKF6WidgetsAddons.so.6	kwidgetsaddons
lokalize	libKF6XmlGui.so.6	kxmlgui
lokalize	libOpenGL.so.0	libglvnd
lokalize	libQt6Core.so.6	qt6
lokalize	libQt6DBus.so.6	qt6
lokalize	libQt6Gui.so.6	qt6
lokalize	libQt6Network.so.6	qt6
lokalize	libQt6Sql.so.6	qt6
lokalize	libQt6Widgets.so.6	qt6
lokalize	libQt6Xml.so.6	qt6
lokalize	libc.so.6	aaa_glibc-solibs
lokalize	libc.so.6	glibc
lokalize	libgcc_s.so.1	aaa_libraries
lokalize	libgcc_s.so.1	gcc
lokalize	libhunspell-1.7.so.0	hunspell
lokalize	libm.so.6	aaa_glibc-solibs
lokalize	libm.so.6	glibc
lokalize	libstdc++.so.6	aaa_libraries
lokalize	libstdc++.so.6	gcc-g++
loudmouth	libc.so.6	aaa_glibc-solibs
loudmouth	libc.so.6	glibc
loudmouth	libcom_err.so.2	e2fsprogs
loudmouth	libglib-2.0.so.0	aaa_libraries
loudmouth	libglib-2.0.so.0	glib2
loudmouth	libgnutls.so.30	gnutls
loudmouth	libgobject-2.0.so.0	aaa_libraries
loudmouth	libgobject-2.0.so.0	glib2
loudmouth	libgssapi_krb5.so.2	aaa_libraries
loudmouth	libgssapi_krb5.so.2	krb5
loudmouth	libidn.so.12	aaa_libraries
loudmouth	libidn.so.12	libidn
loudmouth	libk5crypto.so.3	aaa_libraries
loudmouth	libk5crypto.so.3	krb5
loudmouth	libkrb5.so.3	aaa_libraries
loudmouth	libkrb5.so.3	krb5
loudmouth	libnsl.so.3	aaa_libraries
loudmouth	libnsl.so.3	libnsl
loudmouth	libresolv.so.2	aaa_glibc-solibs
loudmouth	libresolv.so.2	glibc
lrzip	libbz2.so.1	aaa_libraries
lrzip	libbz2.so.1	bzip2
lrzip	libc.so.6	aaa_glibc-solibs
lrzip	libc.so.6	glibc
lrzip	libgcc_s.so.1	aaa_libraries
lrzip	libgcc_s.so.1	gcc
lrzip	liblz4.so.1	lz4
lrzip	liblzo2.so.2	lzo
lrzip	libm.so.6	aaa_glibc-solibs
lrzip	libm.so.6	glibc
lrzip	libstdc++.so.6	aaa_libraries
lrzip	libstdc++.so.6	gcc-g++
lrzip	libz.so.1	aaa_libraries
lrzip	libz.so.1	zlib
lskat	libGLX.so.0	libglvnd
lskat	libKDEGames6.so.6	libkdegames
lskat	libKF6ColorScheme.so.6	kcolorscheme
lskat	libKF6ConfigCore.so.6	kconfig
lskat	libKF6ConfigGui.so.6	kconfig
lskat	libKF6ConfigWidgets.so.6	kconfigwidgets
lskat	libKF6CoreAddons.so.6	kcoreaddons
lskat	libKF6Crash.so.6	kcrash
lskat	libKF6DBusAddons.so.6	kdbusaddons
lskat	libKF6GuiAddons.so.6	kguiaddons
lskat	libKF6I18n.so.6	ki18n
lskat	libKF6IconThemes.so.6	kiconthemes
lskat	libKF6WidgetsAddons.so.6	kwidgetsaddons
lskat	libKF6XmlGui.so.6	kxmlgui
lskat	libOpenGL.so.0	libglvnd
lskat	libQt6Core.so.6	qt6
lskat	libQt6DBus.so.6	qt6
lskat	libQt6Gui.so.6	qt6
lskat	libQt6Network.so.6	qt6
lskat	libQt6Qml.so.6	qt6
lskat	libQt6Svg.so.6	qt6
lskat	libQt6Widgets.so.6	qt6
lskat	libQt6Xml.so.6	qt6
lskat	libc.so.6	aaa_glibc-solibs
lskat	libc.so.6	glibc
lskat	libgcc_s.so.1	aaa_libraries
lskat	libgcc_s.so.1	gcc
lskat	libm.so.6	aaa_glibc-solibs
lskat	libm.so.6	glibc
lskat	libstdc++.so.6	aaa_libraries
lskat	libstdc++.so.6	gcc-g++
lsof	libc.so.6	aaa_glibc-solibs
lsof	libc.so.6	glibc
lsof	libtirpc.so.3	aaa_libraries
lsof	libtirpc.so.3	libtirpc
lsscsi	libc.so.6	aaa_glibc-solibs
lsscsi	libc.so.6	glibc
lua	libc.so.6	aaa_glibc-solibs
lua	libc.so.6	glibc
lua	libhistory.so.8	aaa_libraries
lua	libhistory.so.8	readline
lua	libm.so.6	aaa_glibc-solibs
lua	libm.so.6	glibc
lua	libncursesw.so.6	aaa_libraries
lua	libncursesw.so.6	ncurses
lua	libreadline.so.8	aaa_libraries
lua	libreadline.so.8	readline
lua	libtinfo.so.6	aaa_libraries
lua	libtinfo.so.6	ncurses
luajit	ld-linux-x86-64.so.2	aaa_glibc-solibs
luajit	ld-linux-x86-64.so.2	glibc
luajit	libc.so.6	aaa_glibc-solibs
luajit	libc.so.6	glibc
luajit	libgcc_s.so.1	aaa_libraries
luajit	libgcc_s.so.1	gcc
luajit	libm.so.6	aaa_glibc-solibs
luajit	libm.so.6	glibc
luajit-lgi	libc.so.6	aaa_glibc-solibs
luajit-lgi	libc.so.6	glibc
luajit-lgi	libffi.so.8	aaa_libraries
luajit-lgi	libffi.so.8	libffi
luajit-lgi	libgirepository-1.0.so.1	gobject-introspection
luajit-lgi	libglib-2.0.so.0	aaa_libraries
luajit-lgi	libglib-2.0.so.0	glib2
luajit-lgi	libgmodule-2.0.so.0	aaa_libraries
luajit-lgi	libgmodule-2.0.so.0	glib2
luajit-lgi	libgobject-2.0.so.0	aaa_libraries
luajit-lgi	libgobject-2.0.so.0	glib2
luit	libc.so.6	aaa_glibc-solibs
luit	libc.so.6	glibc
luit	libfontenc.so.1	libfontenc
lvm2	libaio.so.1	aaa_libraries
lvm2	libaio.so.1	libaio
lvm2	libblkid.so.1	util-linux
lvm2	libc.so.6	aaa_glibc-solibs
lvm2	libc.so.6	glibc
lvm2	libdevmapper.so.1.02	aaa_libraries
lvm2	libm.so.6	aaa_glibc-solibs
lvm2	libm.so.6	glibc
lvm2	libnvme.so.1	libnvme
lvm2	libudev.so.1	aaa_libraries
lvm2	libudev.so.1	eudev
lxc	ld-linux-x86-64.so.2	aaa_glibc-solibs
lxc	ld-linux-x86-64.so.2	glibc
lxc	libc.so.6	aaa_glibc-solibs
lxc	libc.so.6	glibc
lxc	libcap.so.2	aaa_libraries
lxc	libcap.so.2	libcap
lxc	libcrypto.so.3	openssl
lxc	libcrypto.so.3	openssl-solibs
lxc	libdbus-1.so.3	dbus
lxc	libgcc_s.so.1	aaa_libraries
lxc	libgcc_s.so.1	gcc
lxc	libpam.so.0	pam
lxc	libseccomp.so.2	libseccomp
lxc	libssl.so.3	openssl
lxc	libssl.so.3	openssl-solibs
lynx	libbrotlidec.so.1	brotli
lynx	libbz2.so.1	aaa_libraries
lynx	libbz2.so.1	bzip2
lynx	libc.so.6	aaa_glibc-solibs
lynx	libc.so.6	glibc
lynx	libcrypto.so.3	openssl
lynx	libcrypto.so.3	openssl-solibs
lynx	libidn2.so.0	aaa_libraries
lynx	libidn2.so.0	libidn2
lynx	libncursesw.so.6	aaa_libraries
lynx	libncursesw.so.6	ncurses
lynx	libssl.so.3	openssl
lynx	libssl.so.3	openssl-solibs
lynx	libtinfo.so.6	aaa_libraries
lynx	libtinfo.so.6	ncurses
lynx	libz.so.1	aaa_libraries
lynx	libz.so.1	zlib
lynx	libzstd.so.1	aaa_libraries
lynx	libzstd.so.1	zstd
lz4	libc.so.6	aaa_glibc-solibs
lz4	libc.so.6	glibc
lzip	libc.so.6	aaa_glibc-solibs
lzip	libc.so.6	glibc
lzip	libgcc_s.so.1	aaa_libraries
lzip	libgcc_s.so.1	gcc
lzip	libm.so.6	aaa_glibc-solibs
lzip	libm.so.6	glibc
lzip	libstdc++.so.6	aaa_libraries
lzip	libstdc++.so.6	gcc-g++
lzlib	libc.so.6	aaa_glibc-solibs
lzlib	libc.so.6	glibc
lzo	libc.so.6	aaa_glibc-solibs
lzo	libc.so.6	glibc
m17n-lib	libICE.so.6	libICE
m17n-lib	libSM.so.6	libSM
m17n-lib	libX11.so.6	libX11
m17n-lib	libXaw.so.7	libXaw
m17n-lib	libXft.so.2	libXft
m17n-lib	libXmu.so.6	libXmu
m17n-lib	libXt.so.6	libXt
m17n-lib	libanthy-unicode.so.0	anthy-unicode
m17n-lib	libanthydic-unicode.so.0	anthy-unicode
m17n-lib	libc.so.6	aaa_glibc-solibs
m17n-lib	libc.so.6	glibc
m17n-lib	libfontconfig.so.1	fontconfig
m17n-lib	libfribidi.so.0	fribidi
m17n-lib	libgd.so.3	gd
m17n-lib	libm.so.6	aaa_glibc-solibs
m17n-lib	libm.so.6	glibc
m17n-lib	libxml2.so.16	libxml2
m17n-lib	libz.so.1	aaa_libraries
m17n-lib	libz.so.1	zlib
m4	libc.so.6	aaa_glibc-solibs
m4	libc.so.6	glibc
madplay	libasound.so.2	aaa_libraries
madplay	libasound.so.2	alsa-lib
madplay	libc.so.6	aaa_glibc-solibs
madplay	libc.so.6	glibc
madplay	libesd.so.0	esound
madplay	libid3tag.so.0	libid3tag
madplay	libm.so.6	aaa_glibc-solibs
madplay	libm.so.6	glibc
madplay	libmad.so.0	libmad
mailcommon	libGLX.so.0	libglvnd
mailcommon	libKF6Archive.so.6	karchive
mailcommon	libKF6Codecs.so.6	kcodecs
mailcommon	libKF6ColorScheme.so.6	kcolorscheme
mailcommon	libKF6Completion.so.6	kcompletion
mailcommon	libKF6ConfigCore.so.6	kconfig
mailcommon	libKF6ConfigGui.so.6	kconfig
mailcommon	libKF6ConfigWidgets.so.6	kconfigwidgets
mailcommon	libKF6Contacts.so.6	kcontacts
mailcommon	libKF6CoreAddons.so.6	kcoreaddons
mailcommon	libKF6GuiAddons.so.6	kguiaddons
mailcommon	libKF6I18n.so.6	ki18n
mailcommon	libKF6IconThemes.so.6	kiconthemes
mailcommon	libKF6IconWidgets.so.6	kiconthemes
mailcommon	libKF6ItemModels.so.6	kitemmodels
mailcommon	libKF6ItemViews.so.6	kitemviews
mailcommon	libKF6JobWidgets.so.6	kjobwidgets
mailcommon	libKF6KIOCore.so.6	kio
mailcommon	libKF6KIOGui.so.6	kio
mailcommon	libKF6KIOWidgets.so.6	kio
mailcommon	libKF6Mime.so.6	kmime
mailcommon	libKF6Service.so.6	kservice
mailcommon	libKF6SonnetUi.so.6	sonnet
mailcommon	libKF6SyntaxHighlighting.so.6	syntax-highlighting
mailcommon	libKF6TextAddonsWidgets.so.1	ktextaddons
mailcommon	libKF6TextAutoCorrectionCore.so.1	ktextaddons
mailcommon	libKF6TextAutoCorrectionWidgets.so.1	ktextaddons
mailcommon	libKF6TextCustomEditor.so.1	ktextaddons
mailcommon	libKF6TextTemplate.so.6	ktexttemplate
mailcommon	libKF6WidgetsAddons.so.6	kwidgetsaddons
mailcommon	libKF6XmlGui.so.6	kxmlgui
mailcommon	libKPim6AkonadiContactCore.so.6	akonadi-contacts
mailcommon	libKPim6AkonadiContactWidgets.so.6	akonadi-contacts
mailcommon	libKPim6AkonadiCore.so.6	akonadi
mailcommon	libKPim6AkonadiMime.so.6	akonadi-mime
mailcommon	libKPim6AkonadiPrivate.so.6	akonadi
mailcommon	libKPim6AkonadiWidgets.so.6	akonadi
mailcommon	libKPim6GrantleeTheme.so.6	grantleetheme
mailcommon	libKPim6IMAP.so.6	kimap
mailcommon	libKPim6IdentityManagementCore.so.6	kidentitymanagement
mailcommon	libKPim6IdentityManagementWidgets.so.6	kidentitymanagement
mailcommon	libKPim6Libkdepim.so.6	libkdepim
mailcommon	libKPim6Libkleo.so.6	libkleo
mailcommon	libKPim6MailImporter.so.6	mailimporter
mailcommon	libKPim6MailTransport.so.6	kmailtransport
mailcommon	libKPim6MessageComposer.so.6	messagelib
mailcommon	libKPim6MessageCore.so.6	messagelib
mailcommon	libKPim6MessageList.so.6	messagelib
mailcommon	libKPim6MessageViewer.so.6	messagelib
mailcommon	libKPim6MimeTreeParser.so.6	messagelib
mailcommon	libKPim6PimCommon.so.6	pimcommon
mailcommon	libKPim6PimCommonActivities.so.6	pimcommon
mailcommon	libKPim6PimCommonAkonadi.so.6	pimcommon
mailcommon	libKPim6TemplateParser.so.6	messagelib
mailcommon	libKPim6TextEdit.so.6	kpimtextedit
mailcommon	libOpenGL.so.0	libglvnd
mailcommon	libPlasmaActivities.so.7	plasma-activities
mailcommon	libQt6Core.so.6	qt6
mailcommon	libQt6DBus.so.6	qt6
mailcommon	libQt6Gui.so.6	qt6
mailcommon	libQt6Multimedia.so.6	qt6
mailcommon	libQt6Network.so.6	qt6
mailcommon	libQt6Widgets.so.6	qt6
mailcommon	libQt6Xml.so.6	qt6
mailcommon	libc.so.6	aaa_glibc-solibs
mailcommon	libc.so.6	glibc
mailcommon	libgcc_s.so.1	aaa_libraries
mailcommon	libgcc_s.so.1	gcc
mailcommon	libgpg-error.so.0	aaa_libraries
mailcommon	libgpg-error.so.0	libgpg-error
mailcommon	libgpgme.so.45	gpgme
mailcommon	libgpgmepp.so.7	gpgmepp
mailcommon	libm.so.6	aaa_glibc-solibs
mailcommon	libm.so.6	glibc
mailcommon	libqgpgmeqt6.so.15	qgpgme
mailcommon	libstdc++.so.6	aaa_libraries
mailcommon	libstdc++.so.6	gcc-g++
mailimporter	libGLX.so.0	libglvnd
mailimporter	libKF6Archive.so.6	karchive
mailimporter	libKF6ConfigCore.so.6	kconfig
mailimporter	libKF6ConfigGui.so.6	kconfig
mailimporter	libKF6CoreAddons.so.6	kcoreaddons
mailimporter	libKF6I18n.so.6	ki18n
mailimporter	libKF6ItemModels.so.6	kitemmodels
mailimporter	libKF6KIOCore.so.6	kio
mailimporter	libKF6Mime.so.6	kmime
mailimporter	libKF6Service.so.6	kservice
mailimporter	libKF6SonnetUi.so.6	sonnet
mailimporter	libKF6SyntaxHighlighting.so.6	syntax-highlighting
mailimporter	libKF6TextAddonsWidgets.so.1	ktextaddons
mailimporter	libKF6TextAutoCorrectionCore.so.1	ktextaddons
mailimporter	libKF6TextAutoCorrectionWidgets.so.1	ktextaddons
mailimporter	libKF6TextCustomEditor.so.1	ktextaddons
mailimporter	libKF6WidgetsAddons.so.6	kwidgetsaddons
mailimporter	libKPim6AkonadiCore.so.6	akonadi
mailimporter	libKPim6AkonadiMime.so.6	akonadi-mime
mailimporter	libKPim6AkonadiPrivate.so.6	akonadi
mailimporter	libKPim6PimCommon.so.6	pimcommon
mailimporter	libOpenGL.so.0	libglvnd
mailimporter	libQt6Core.so.6	qt6
mailimporter	libQt6DBus.so.6	qt6
mailimporter	libQt6Gui.so.6	qt6
mailimporter	libQt6Network.so.6	qt6
mailimporter	libQt6Widgets.so.6	qt6
mailimporter	libQt6Xml.so.6	qt6
mailimporter	libc.so.6	aaa_glibc-solibs
mailimporter	libc.so.6	glibc
mailimporter	libgcc_s.so.1	aaa_libraries
mailimporter	libgcc_s.so.1	gcc
mailimporter	libm.so.6	aaa_glibc-solibs
mailimporter	libm.so.6	glibc
mailimporter	libstdc++.so.6	aaa_libraries
mailimporter	libstdc++.so.6	gcc-g++
make	libc.so.6	aaa_glibc-solibs
make	libc.so.6	glibc
make	libgc.so.1	gc
make	libguile-3.0.so.1	guile
makedepend	libc.so.6	aaa_glibc-solibs
makedepend	libc.so.6	glibc
man-db	libc.so.6	aaa_glibc-solibs
man-db	libc.so.6	glibc
man-db	libgdbm.so.6	aaa_libraries
man-db	libgdbm.so.6	gdbm
man-db	libseccomp.so.2	libseccomp
man-db	libz.so.1	aaa_libraries
man-db	libz.so.1	zlib
marble	ld-linux-x86-64.so.2	aaa_glibc-solibs
marble	ld-linux-x86-64.so.2	glibc
marble	libGLX.so.0	libglvnd
marble	libKF6ColorScheme.so.6	kcolorscheme
marble	libKF6ConfigCore.so.6	kconfig
marble	libKF6ConfigGui.so.6	kconfig
marble	libKF6ConfigWidgets.so.6	kconfigwidgets
marble	libKF6CoreAddons.so.6	kcoreaddons
marble	libKF6Crash.so.6	kcrash
marble	libKF6GuiAddons.so.6	kguiaddons
marble	libKF6I18n.so.6	ki18n
marble	libKF6KIOCore.so.6	kio
marble	libKF6KIOGui.so.6	kio
marble	libKF6Parts.so.6	kparts
marble	libKF6Runner.so.6	krunner
marble	libKF6Service.so.6	kservice
marble	libKF6WidgetsAddons.so.6	kwidgetsaddons
marble	libKF6XmlGui.so.6	kxmlgui
marble	libOpenGL.so.0	libglvnd
marble	libQt6Concurrent.so.6	qt6
marble	libQt6Core.so.6	qt6
marble	libQt6Core5Compat.so.6	qt6
marble	libQt6DBus.so.6	qt6
marble	libQt6Gui.so.6	qt6
marble	libQt6Network.so.6	qt6
marble	libQt6OpenGL.so.6	qt6
marble	libQt6Positioning.so.6	qt6
marble	libQt6PrintSupport.so.6	qt6
marble	libQt6Qml.so.6	qt6
marble	libQt6Quick.so.6	qt6
marble	libQt6SerialPort.so.6	qt6
marble	libQt6Sql.so.6	qt6
marble	libQt6Svg.so.6	qt6
marble	libQt6SvgWidgets.so.6	qt6
marble	libQt6WebChannel.so.6	qt6
marble	libQt6WebChannelQuick.so.6	qt6
marble	libQt6WebEngineCore.so.6	qt6
marble	libQt6WebEngineQuick.so.6	qt6
marble	libQt6WebEngineWidgets.so.6	qt6
marble	libQt6Widgets.so.6	qt6
marble	libQt6Xml.so.6	qt6
marble	libabsl_base.so.2608.0.0	abseil-cpp
marble	libabsl_city.so.2608.0.0	abseil-cpp
marble	libabsl_civil_time.so.2608.0.0	abseil-cpp
marble	libabsl_debugging_internal.so.2608.0.0	abseil-cpp
marble	libabsl_decode_rust_punycode.so.2608.0.0	abseil-cpp
marble	libabsl_demangle_internal.so.2608.0.0	abseil-cpp
marble	libabsl_demangle_rust.so.2608.0.0	abseil-cpp
marble	libabsl_examine_stack.so.2608.0.0	abseil-cpp
marble	libabsl_graphcycles_internal.so.2608.0.0	abseil-cpp
marble	libabsl_hardening.so.2608.0.0	abseil-cpp
marble	libabsl_hash.so.2608.0.0	abseil-cpp
marble	libabsl_int128.so.2608.0.0	abseil-cpp
marble	libabsl_kernel_timeout_internal.so.2608.0.0	abseil-cpp
marble	libabsl_leak_check.so.2608.0.0	abseil-cpp
marble	libabsl_log_entry.so.2608.0.0	abseil-cpp
marble	libabsl_log_globals.so.2608.0.0	abseil-cpp
marble	libabsl_log_internal_check_op.so.2608.0.0	abseil-cpp
marble	libabsl_log_internal_fnmatch.so.2608.0.0	abseil-cpp
marble	libabsl_log_internal_format.so.2608.0.0	abseil-cpp
marble	libabsl_log_internal_globals.so.2608.0.0	abseil-cpp
marble	libabsl_log_internal_log_sink_set.so.2608.0.0	abseil-cpp
marble	libabsl_log_internal_message.so.2608.0.0	abseil-cpp
marble	libabsl_log_internal_nullguard.so.2608.0.0	abseil-cpp
marble	libabsl_log_internal_proto.so.2608.0.0	abseil-cpp
marble	libabsl_log_internal_structured_proto.so.2608.0.0	abseil-cpp
marble	libabsl_log_severity.so.2608.0.0	abseil-cpp
marble	libabsl_log_sink.so.2608.0.0	abseil-cpp
marble	libabsl_malloc_internal.so.2608.0.0	abseil-cpp
marble	libabsl_raw_logging_internal.so.2608.0.0	abseil-cpp
marble	libabsl_source_location.so.2608.0.0	abseil-cpp
marble	libabsl_spinlock_wait.so.2608.0.0	abseil-cpp
marble	libabsl_stacktrace.so.2608.0.0	abseil-cpp
marble	libabsl_str_format_internal.so.2608.0.0	abseil-cpp
marble	libabsl_strerror.so.2608.0.0	abseil-cpp
marble	libabsl_strings.so.2608.0.0	abseil-cpp
marble	libabsl_strings_internal.so.2608.0.0	abseil-cpp
marble	libabsl_symbolize.so.2608.0.0	abseil-cpp
marble	libabsl_synchronization.so.2608.0.0	abseil-cpp
marble	libabsl_throw_delegate.so.2608.0.0	abseil-cpp
marble	libabsl_time.so.2608.0.0	abseil-cpp
marble	libabsl_time_zone.so.2608.0.0	abseil-cpp
marble	libabsl_tracing_internal.so.2608.0.0	abseil-cpp
marble	libabsl_utf8_for_code_point.so.2608.0.0	abseil-cpp
marble	libabsl_vlog_config_internal.so.2608.0.0	abseil-cpp
marble	libc.so.6	aaa_glibc-solibs
marble	libc.so.6	glibc
marble	libgcc_s.so.1	aaa_libraries
marble	libgcc_s.so.1	gcc
marble	libm.so.6	aaa_glibc-solibs
marble	libm.so.6	glibc
marble	libphonon4qt6.so.4	phonon
marble	libprotobuf.so.36	protobuf
marble	libprotoc.so.36	protobuf
marble	libstdc++.so.6	aaa_libraries
marble	libstdc++.so.6	gcc-g++
marble	libz.so.1	aaa_libraries
marble	libz.so.1	zlib
mariadb	ld-linux-x86-64.so.2	aaa_glibc-solibs
mariadb	ld-linux-x86-64.so.2	glibc
mariadb	libJudy.so.1	judy
mariadb	libaio.so.1	aaa_libraries
mariadb	libaio.so.1	libaio
mariadb	libatomic.so.1	aaa_libraries
mariadb	libatomic.so.1	gcc
mariadb	libbz2.so.1	aaa_libraries
mariadb	libbz2.so.1	bzip2
mariadb	libc.so.6	aaa_glibc-solibs
mariadb	libc.so.6	glibc
mariadb	libcrack.so.2	cracklib
mariadb	libcrypt.so.2	aaa_glibc-solibs
mariadb	libcrypt.so.2	glibc
mariadb	libcrypto.so.3	openssl
mariadb	libcrypto.so.3	openssl-solibs
mariadb	libcurl.so.4	aaa_libraries
mariadb	libcurl.so.4	curl
mariadb	libgcc_s.so.1	aaa_libraries
mariadb	libgcc_s.so.1	gcc
mariadb	libgssapi_krb5.so.2	aaa_libraries
mariadb	libgssapi_krb5.so.2	krb5
mariadb	libkrb5.so.3	aaa_libraries
mariadb	libkrb5.so.3	krb5
mariadb	liblz4.so.1	lz4
mariadb	liblzma.so.5	aaa_libraries
mariadb	liblzma.so.5	xz
mariadb	liblzo2.so.2	lzo
mariadb	libm.so.6	aaa_glibc-solibs
mariadb	libm.so.6	glibc
mariadb	libncursesw.so.6	aaa_libraries
mariadb	libncursesw.so.6	ncurses
mariadb	libpam.so.0	pam
mariadb	libpcre2-8.so.0	aaa_libraries
mariadb	libpcre2-8.so.0	pcre2
mariadb	libpcre2-posix.so.3	pcre2
mariadb	libssl.so.3	openssl
mariadb	libssl.so.3	openssl-solibs
mariadb	libstdc++.so.6	aaa_libraries
mariadb	libstdc++.so.6	gcc-g++
mariadb	libtinfo.so.6	aaa_libraries
mariadb	libtinfo.so.6	ncurses
mariadb	liburing.so.2	liburing
mariadb	libxml2.so.16	libxml2
mariadb	libz.so.1	aaa_libraries
mariadb	libz.so.1	zlib
marisa	libc.so.6	aaa_glibc-solibs
marisa	libc.so.6	glibc
marisa	libgcc_s.so.1	aaa_libraries
marisa	libgcc_s.so.1	gcc
marisa	libm.so.6	aaa_glibc-solibs
marisa	libm.so.6	glibc
marisa	libruby.so.4.0	ruby
marisa	libstdc++.so.6	aaa_libraries
marisa	libstdc++.so.6	gcc-g++
markdownpart	libGLX.so.0	libglvnd
markdownpart	libKF6ColorScheme.so.6	kcolorscheme
markdownpart	libKF6ConfigCore.so.6	kconfig
markdownpart	libKF6ConfigGui.so.6	kconfig
markdownpart	libKF6ConfigWidgets.so.6	kconfigwidgets
markdownpart	libKF6CoreAddons.so.6	kcoreaddons
markdownpart	libKF6GuiAddons.so.6	kguiaddons
markdownpart	libKF6I18n.so.6	ki18n
markdownpart	libKF6KIOCore.so.6	kio
markdownpart	libKF6Parts.so.6	kparts
markdownpart	libKF6WidgetsAddons.so.6	kwidgetsaddons
markdownpart	libKF6XmlGui.so.6	kxmlgui
markdownpart	libOpenGL.so.0	libglvnd
markdownpart	libQt6Core.so.6	qt6
markdownpart	libQt6DBus.so.6	qt6
markdownpart	libQt6Gui.so.6	qt6
markdownpart	libQt6Network.so.6	qt6
markdownpart	libQt6Widgets.so.6	qt6
markdownpart	libQt6Xml.so.6	qt6
markdownpart	libc.so.6	aaa_glibc-solibs
markdownpart	libc.so.6	glibc
markdownpart	libgcc_s.so.1	aaa_libraries
markdownpart	libgcc_s.so.1	gcc
markdownpart	libm.so.6	aaa_glibc-solibs
markdownpart	libm.so.6	glibc
markdownpart	libstdc++.so.6	aaa_libraries
markdownpart	libstdc++.so.6	gcc-g++
marknote	ld-linux-x86-64.so.2	aaa_glibc-solibs
marknote	ld-linux-x86-64.so.2	glibc
marknote	libGLX.so.0	libglvnd
marknote	libKF6ColorScheme.so.6	kcolorscheme
marknote	libKF6ConfigCore.so.6	kconfig
marknote	libKF6ConfigGui.so.6	kconfig
marknote	libKF6CoreAddons.so.6	kcoreaddons
marknote	libKF6I18n.so.6	ki18n
marknote	libKF6I18nQml.so.6	ki18n
marknote	libKF6IconThemes.so.6	kiconthemes
marknote	libKF6ItemModels.so.6	kitemmodels
marknote	libKF6Mime.so.6	kmime
marknote	libKF6WindowSystem.so.6	kwindowsystem
marknote	libKirigamiAddonsStatefulApp.so.6	kirigami-addons
marknote	libKirigamiApp.so.6	kirigami-addons
marknote	libOpenGL.so.0	libglvnd
marknote	libQt6Core.so.6	qt6
marknote	libQt6DBus.so.6	qt6
marknote	libQt6Gui.so.6	qt6
marknote	libQt6Network.so.6	qt6
marknote	libQt6OpenGL.so.6	qt6
marknote	libQt6Qml.so.6	qt6
marknote	libQt6Quick.so.6	qt6
marknote	libQt6QuickControls2.so.6	qt6
marknote	libQt6Svg.so.6	qt6
marknote	libQt6Widgets.so.6	qt6
marknote	libX11.so.6	libX11
marknote	libc.so.6	aaa_glibc-solibs
marknote	libc.so.6	glibc
marknote	libgcc_s.so.1	aaa_libraries
marknote	libgcc_s.so.1	gcc
marknote	libm.so.6	aaa_glibc-solibs
marknote	libm.so.6	glibc
marknote	libstdc++.so.6	aaa_libraries
marknote	libstdc++.so.6	gcc-g++
massif-visualizer	libGLX.so.0	libglvnd
massif-visualizer	libKChart6.so.3	kdiagram
massif-visualizer	libKF6Archive.so.6	karchive
massif-visualizer	libKF6ColorScheme.so.6	kcolorscheme
massif-visualizer	libKF6Completion.so.6	kcompletion
massif-visualizer	libKF6ConfigCore.so.6	kconfig
massif-visualizer	libKF6ConfigGui.so.6	kconfig
massif-visualizer	libKF6ConfigWidgets.so.6	kconfigwidgets
massif-visualizer	libKF6CoreAddons.so.6	kcoreaddons
massif-visualizer	libKF6GuiAddons.so.6	kguiaddons
massif-visualizer	libKF6I18n.so.6	ki18n
massif-visualizer	libKF6KIOCore.so.6	kio
massif-visualizer	libKF6Parts.so.6	kparts
massif-visualizer	libKF6WidgetsAddons.so.6	kwidgetsaddons
massif-visualizer	libKF6XmlGui.so.6	kxmlgui
massif-visualizer	libOpenGL.so.0	libglvnd
massif-visualizer	libQt6Core.so.6	qt6
massif-visualizer	libQt6Core5Compat.so.6	qt6
massif-visualizer	libQt6DBus.so.6	qt6
massif-visualizer	libQt6Gui.so.6	qt6
massif-visualizer	libQt6Network.so.6	qt6
massif-visualizer	libQt6PrintSupport.so.6	qt6
massif-visualizer	libQt6Svg.so.6	qt6
massif-visualizer	libQt6Widgets.so.6	qt6
massif-visualizer	libQt6Xml.so.6	qt6
massif-visualizer	libc.so.6	aaa_glibc-solibs
massif-visualizer	libc.so.6	glibc
massif-visualizer	libgcc_s.so.1	aaa_libraries
massif-visualizer	libgcc_s.so.1	gcc
massif-visualizer	libm.so.6	aaa_glibc-solibs
massif-visualizer	libm.so.6	glibc
massif-visualizer	libstdc++.so.6	aaa_libraries
massif-visualizer	libstdc++.so.6	gcc-g++
mbox-importer	libGLX.so.0	libglvnd
mbox-importer	libKF6Archive.so.6	karchive
mbox-importer	libKF6ColorScheme.so.6	kcolorscheme
mbox-importer	libKF6Completion.so.6	kcompletion
mbox-importer	libKF6ConfigCore.so.6	kconfig
mbox-importer	libKF6ConfigGui.so.6	kconfig
mbox-importer	libKF6ConfigWidgets.so.6	kconfigwidgets
mbox-importer	libKF6Contacts.so.6	kcontacts
mbox-importer	libKF6CoreAddons.so.6	kcoreaddons
mbox-importer	libKF6Crash.so.6	kcrash
mbox-importer	libKF6I18n.so.6	ki18n
mbox-importer	libKF6IconThemes.so.6	kiconthemes
mbox-importer	libKF6ItemModels.so.6	kitemmodels
mbox-importer	libKF6KIOCore.so.6	kio
mbox-importer	libKF6Mime.so.6	kmime
mbox-importer	libKF6Service.so.6	kservice
mbox-importer	libKF6SonnetUi.so.6	sonnet
mbox-importer	libKF6SyntaxHighlighting.so.6	syntax-highlighting
mbox-importer	libKF6TextAddonsWidgets.so.1	ktextaddons
mbox-importer	libKF6TextAutoCorrectionCore.so.1	ktextaddons
mbox-importer	libKF6TextAutoCorrectionWidgets.so.1	ktextaddons
mbox-importer	libKF6TextCustomEditor.so.1	ktextaddons
mbox-importer	libKF6TextTemplate.so.6	ktexttemplate
mbox-importer	libKF6WidgetsAddons.so.6	kwidgetsaddons
mbox-importer	libKPim6AkonadiContactCore.so.6	akonadi-contacts
mbox-importer	libKPim6AkonadiContactWidgets.so.6	akonadi-contacts
mbox-importer	libKPim6AkonadiCore.so.6	akonadi
mbox-importer	libKPim6AkonadiMime.so.6	akonadi-mime
mbox-importer	libKPim6AkonadiPrivate.so.6	akonadi
mbox-importer	libKPim6AkonadiWidgets.so.6	akonadi
mbox-importer	libKPim6GrantleeTheme.so.6	grantleetheme
mbox-importer	libKPim6IMAP.so.6	kimap
mbox-importer	libKPim6IdentityManagementCore.so.6	kidentitymanagement
mbox-importer	libKPim6IdentityManagementWidgets.so.6	kidentitymanagement
mbox-importer	libKPim6Libkdepim.so.6	libkdepim
mbox-importer	libKPim6Libkleo.so.6	libkleo
mbox-importer	libKPim6MailCommon.so.6	mailcommon
mbox-importer	libKPim6MailImporter.so.6	mailimporter
mbox-importer	libKPim6MailImporterAkonadi.so.6	mailimporter
mbox-importer	libKPim6MessageComposer.so.6	messagelib
mbox-importer	libKPim6MessageCore.so.6	messagelib
mbox-importer	libKPim6MessageList.so.6	messagelib
mbox-importer	libKPim6MessageViewer.so.6	messagelib
mbox-importer	libKPim6MimeTreeParser.so.6	messagelib
mbox-importer	libKPim6PimCommon.so.6	pimcommon
mbox-importer	libKPim6PimCommonAkonadi.so.6	pimcommon
mbox-importer	libKPim6TextEdit.so.6	kpimtextedit
mbox-importer	libOpenGL.so.0	libglvnd
mbox-importer	libQt6Core.so.6	qt6
mbox-importer	libQt6DBus.so.6	qt6
mbox-importer	libQt6Gui.so.6	qt6
mbox-importer	libQt6Network.so.6	qt6
mbox-importer	libQt6Widgets.so.6	qt6
mbox-importer	libc.so.6	aaa_glibc-solibs
mbox-importer	libc.so.6	glibc
mbox-importer	libgcc_s.so.1	aaa_libraries
mbox-importer	libgcc_s.so.1	gcc
mbox-importer	libgpg-error.so.0	aaa_libraries
mbox-importer	libgpg-error.so.0	libgpg-error
mbox-importer	libgpgme.so.45	gpgme
mbox-importer	libgpgmepp.so.7	gpgmepp
mbox-importer	libm.so.6	aaa_glibc-solibs
mbox-importer	libm.so.6	glibc
mbox-importer	libqgpgmeqt6.so.15	qgpgme
mbox-importer	libstdc++.so.6	aaa_libraries
mbox-importer	libstdc++.so.6	gcc-g++
mc	libc.so.6	aaa_glibc-solibs
mc	libc.so.6	glibc
mc	libe2p.so.2	e2fsprogs
mc	libglib-2.0.so.0	aaa_libraries
mc	libglib-2.0.so.0	glib2
mc	libgmodule-2.0.so.0	aaa_libraries
mc	libgmodule-2.0.so.0	glib2
mc	libgpm.so.2	aaa_libraries
mc	libgpm.so.2	gpm
mc	libslang.so.2	aaa_libraries
mc	libslang.so.2	slang
mc	libssh2.so.1	aaa_libraries
mc	libssh2.so.1	libssh2
mcabber	libassuan.so.9	libassuan
mcabber	libc.so.6	aaa_glibc-solibs
mcabber	libc.so.6	glibc
mcabber	libglib-2.0.so.0	aaa_libraries
mcabber	libglib-2.0.so.0	glib2
mcabber	libgmodule-2.0.so.0	aaa_libraries
mcabber	libgmodule-2.0.so.0	glib2
mcabber	libgpg-error.so.0	aaa_libraries
mcabber	libgpg-error.so.0	libgpg-error
mcabber	libgpgme.so.45	gpgme
mcabber	libidn.so.12	aaa_libraries
mcabber	libidn.so.12	libidn
mcabber	libloudmouth-1.so.0	loudmouth
mcabber	libncursesw.so.6	aaa_libraries
mcabber	libncursesw.so.6	ncurses
mcabber	libpanelw.so.6	aaa_libraries
mcabber	libpanelw.so.6	ncurses
mcabber	libtinfo.so.6	aaa_libraries
mcabber	libtinfo.so.6	ncurses
mcelog	libc.so.6	aaa_glibc-solibs
mcelog	libc.so.6	glibc
mdadm	libc.so.6	aaa_glibc-solibs
mdadm	libc.so.6	glibc
mdadm	libudev.so.1	aaa_libraries
mdadm	libudev.so.1	eudev
mercurial	libc.so.6	aaa_glibc-solibs
mercurial	libc.so.6	glibc
merkuro	libGLX.so.0	libglvnd
merkuro	libKF6CalendarCore.so.6	kcalendarcore
merkuro	libKF6Codecs.so.6	kcodecs
merkuro	libKF6ColorScheme.so.6	kcolorscheme
merkuro	libKF6Completion.so.6	kcompletion
merkuro	libKF6ConfigCore.so.6	kconfig
merkuro	libKF6ConfigGui.so.6	kconfig
merkuro	libKF6ConfigWidgets.so.6	kconfigwidgets
merkuro	libKF6Contacts.so.6	kcontacts
merkuro	libKF6CoreAddons.so.6	kcoreaddons
merkuro	libKF6Crash.so.6	kcrash
merkuro	libKF6DBusAddons.so.6	kdbusaddons
merkuro	libKF6GuiAddons.so.6	kguiaddons
merkuro	libKF6Holidays.so.6	kholidays
merkuro	libKF6I18n.so.6	ki18n
merkuro	libKF6I18nQml.so.6	ki18n
merkuro	libKF6IconThemes.so.6	kiconthemes
merkuro	libKF6ItemModels.so.6	kitemmodels
merkuro	libKF6KIOCore.so.6	kio
merkuro	libKF6Mime.so.6	kmime
merkuro	libKF6Notifications.so.6	knotifications
merkuro	libKF6Service.so.6	kservice
merkuro	libKF6SonnetUi.so.6	sonnet
merkuro	libKF6SyntaxHighlighting.so.6	syntax-highlighting
merkuro	libKF6TextAddonsWidgets.so.1	ktextaddons
merkuro	libKF6TextAutoCorrectionCore.so.1	ktextaddons
merkuro	libKF6TextAutoCorrectionWidgets.so.1	ktextaddons
merkuro	libKF6TextCustomEditor.so.1	ktextaddons
merkuro	libKF6TextTemplate.so.6	ktexttemplate
merkuro	libKF6WidgetsAddons.so.6	kwidgetsaddons
merkuro	libKF6WindowSystem.so.6	kwindowsystem
merkuro	libKF6XmlGui.so.6	kxmlgui
merkuro	libKPim6AkonadiCalendar.so.6	akonadi-calendar
merkuro	libKPim6AkonadiCalendarCore.so.6	akonadi-calendar
merkuro	libKPim6AkonadiContactCore.so.6	akonadi-contacts
merkuro	libKPim6AkonadiContactWidgets.so.6	akonadi-contacts
merkuro	libKPim6AkonadiCore.so.6	akonadi
merkuro	libKPim6AkonadiMime.so.6	akonadi-mime
merkuro	libKPim6AkonadiPrivate.so.6	akonadi
merkuro	libKPim6AkonadiSearchPIM.so.6	akonadi-search
merkuro	libKPim6AkonadiWidgets.so.6	akonadi
merkuro	libKPim6CalendarUtils.so.6	kcalutils
merkuro	libKPim6GrantleeTheme.so.6	grantleetheme
merkuro	libKPim6IMAP.so.6	kimap
merkuro	libKPim6IdentityManagementCore.so.6	kidentitymanagement
merkuro	libKPim6IdentityManagementQuick.so.6	kidentitymanagement
merkuro	libKPim6IdentityManagementWidgets.so.6	kidentitymanagement
merkuro	libKPim6Libkdepim.so.6	libkdepim
merkuro	libKPim6Libkleo.so.6	libkleo
merkuro	libKPim6MailCommon.so.6	mailcommon
merkuro	libKPim6MailTransport.so.6	kmailtransport
merkuro	libKPim6Mbox.so.6	kmbox
merkuro	libKPim6MessageComposer.so.6	messagelib
merkuro	libKPim6MessageCore.so.6	messagelib
merkuro	libKPim6MessageList.so.6	messagelib
merkuro	libKPim6MessageViewer.so.6	messagelib
merkuro	libKPim6MimeTreeParser.so.6	messagelib
merkuro	libKPim6MimeTreeParserCore.so.6	mimetreeparser
merkuro	libKPim6PimCommon.so.6	pimcommon
merkuro	libKPim6PimCommonAkonadi.so.6	pimcommon
merkuro	libKPim6TextEdit.so.6	kpimtextedit
merkuro	libKirigamiAddonsStatefulApp.so.6	kirigami-addons
merkuro	libKirigamiPlatform.so.6	kirigami
merkuro	libOpenGL.so.0	libglvnd
merkuro	libPlasma.so.7	libplasma
merkuro	libQt6Core.so.6	qt6
merkuro	libQt6DBus.so.6	qt6
merkuro	libQt6Gui.so.6	qt6
merkuro	libQt6Network.so.6	qt6
merkuro	libQt6OpenGL.so.6	qt6
merkuro	libQt6Qml.so.6	qt6
merkuro	libQt6Quick.so.6	qt6
merkuro	libQt6QuickControls2.so.6	qt6
merkuro	libQt6Widgets.so.6	qt6
merkuro	libQt6Xml.so.6	qt6
merkuro	libX11.so.6	libX11
merkuro	libc.so.6	aaa_glibc-solibs
merkuro	libc.so.6	glibc
merkuro	libgcc_s.so.1	aaa_libraries
merkuro	libgcc_s.so.1	gcc
merkuro	libgpg-error.so.0	aaa_libraries
merkuro	libgpg-error.so.0	libgpg-error
merkuro	libgpgme.so.45	gpgme
merkuro	libgpgmepp.so.7	gpgmepp
merkuro	libm.so.6	aaa_glibc-solibs
merkuro	libm.so.6	glibc
merkuro	libqgpgmeqt6.so.15	qgpgme
merkuro	libstdc++.so.6	aaa_libraries
merkuro	libstdc++.so.6	gcc-g++
mesa	ld-linux-x86-64.so.2	aaa_glibc-solibs
mesa	ld-linux-x86-64.so.2	glibc
mesa	libEGL.so.1	libglvnd
mesa	libGL.so.1	libglvnd
mesa	libGLU.so.1	glu
mesa	libLLVM.so.23.1	llvm
mesa	libLLVMSPIRVLib.so.23.1	spirv-llvm-translator
mesa	libSPIRV-Tools-link.so	vulkan-sdk
mesa	libSPIRV-Tools-opt.so	vulkan-sdk
mesa	libSPIRV-Tools.so	vulkan-sdk
mesa	libX11-xcb.so.1	libX11
mesa	libX11.so.6	libX11
mesa	libXext.so.6	libXext
mesa	libXxf86vm.so.1	libXxf86vm
mesa	libc.so.6	aaa_glibc-solibs
mesa	libc.so.6	glibc
mesa	libclang-cpp.so.23.1	llvm
mesa	libdisplay-info.so.4	libdisplay-info
mesa	libdrm.so.2	libdrm
mesa	libdrm_amdgpu.so.1	libdrm
mesa	libdrm_intel.so.1	libdrm
mesa	libdrm_nouveau.so.2	libdrm
mesa	libdrm_radeon.so.1	libdrm
mesa	libelf.so.1	aaa_libraries
mesa	libelf.so.1	elfutils
mesa	libexpat.so.1	aaa_libraries
mesa	libexpat.so.1	expat
mesa	libgcc_s.so.1	aaa_libraries
mesa	libgcc_s.so.1	gcc
mesa	libglut.so.3	freeglut
mesa	libm.so.6	aaa_glibc-solibs
mesa	libm.so.6	glibc
mesa	libsensors.so.5	lm_sensors
mesa	libstdc++.so.6	aaa_libraries
mesa	libstdc++.so.6	gcc-g++
mesa	libudev.so.1	aaa_libraries
mesa	libudev.so.1	eudev
mesa	libwayland-client.so.0	wayland
mesa	libxcb-dri3.so.0	libxcb
mesa	libxcb-glx.so.0	libxcb
mesa	libxcb-keysyms.so.1	xcb-util-keysyms
mesa	libxcb-present.so.0	libxcb
mesa	libxcb-randr.so.0	libxcb
mesa	libxcb-shm.so.0	libxcb
mesa	libxcb-sync.so.1	libxcb
mesa	libxcb-xfixes.so.0	libxcb
mesa	libxcb.so.1	libxcb
mesa	libxshmfence.so.1	libxshmfence
mesa	libz.so.1	aaa_libraries
mesa	libz.so.1	zlib
mesa	libzstd.so.1	aaa_libraries
mesa	libzstd.so.1	zstd
messagelib	ld-linux-x86-64.so.2	aaa_glibc-solibs
messagelib	ld-linux-x86-64.so.2	glibc
messagelib	libGLX.so.0	libglvnd
messagelib	libKF6Archive.so.6	karchive
messagelib	libKF6Bookmarks.so.6	kbookmarks
messagelib	libKF6CalendarCore.so.6	kcalendarcore
messagelib	libKF6Codecs.so.6	kcodecs
messagelib	libKF6ColorScheme.so.6	kcolorscheme
messagelib	libKF6Completion.so.6	kcompletion
messagelib	libKF6ConfigCore.so.6	kconfig
messagelib	libKF6ConfigGui.so.6	kconfig
messagelib	libKF6ConfigWidgets.so.6	kconfigwidgets
messagelib	libKF6Contacts.so.6	kcontacts
messagelib	libKF6CoreAddons.so.6	kcoreaddons
messagelib	libKF6GuiAddons.so.6	kguiaddons
messagelib	libKF6I18n.so.6	ki18n
messagelib	libKF6IconThemes.so.6	kiconthemes
messagelib	libKF6IconWidgets.so.6	kiconthemes
messagelib	libKF6ItemModels.so.6	kitemmodels
messagelib	libKF6ItemViews.so.6	kitemviews
messagelib	libKF6JobWidgets.so.6	kjobwidgets
messagelib	libKF6KIOCore.so.6	kio
messagelib	libKF6KIOFileWidgets.so.6	kio
messagelib	libKF6KIOGui.so.6	kio
messagelib	libKF6KIOWidgets.so.6	kio
messagelib	libKF6Mime.so.6	kmime
messagelib	libKF6Notifications.so.6	knotifications
messagelib	libKF6Service.so.6	kservice
messagelib	libKF6Solid.so.6	solid
messagelib	libKF6SonnetCore.so.6	sonnet
messagelib	libKF6SonnetUi.so.6	sonnet
messagelib	libKF6SyntaxHighlighting.so.6	syntax-highlighting
messagelib	libKF6TextAddonsWidgets.so.1	ktextaddons
messagelib	libKF6TextAutoCorrectionCore.so.1	ktextaddons
messagelib	libKF6TextAutoCorrectionWidgets.so.1	ktextaddons
messagelib	libKF6TextCustomEditor.so.1	ktextaddons
messagelib	libKF6TextEditTextToSpeech.so.1	ktextaddons
messagelib	libKF6TextTemplate.so.6	ktexttemplate
messagelib	libKF6TextUtils.so.1	ktextaddons
messagelib	libKF6TextWidgets.so.6	ktextwidgets
messagelib	libKF6WidgetsAddons.so.6	kwidgetsaddons
messagelib	libKF6XmlGui.so.6	kxmlgui
messagelib	libKPim6AkonadiContactCore.so.6	akonadi-contacts
messagelib	libKPim6AkonadiContactWidgets.so.6	akonadi-contacts
messagelib	libKPim6AkonadiCore.so.6	akonadi
messagelib	libKPim6AkonadiMime.so.6	akonadi-mime
messagelib	libKPim6AkonadiPrivate.so.6	akonadi
messagelib	libKPim6AkonadiSearchPIM.so.6	akonadi-search
messagelib	libKPim6AkonadiWidgets.so.6	akonadi
messagelib	libKPim6GrantleeTheme.so.6	grantleetheme
messagelib	libKPim6Gravatar.so.6	libgravatar
messagelib	libKPim6IMAP.so.6	kimap
messagelib	libKPim6IdentityManagementCore.so.6	kidentitymanagement
messagelib	libKPim6IdentityManagementWidgets.so.6	kidentitymanagement
messagelib	libKPim6Libkdepim.so.6	libkdepim
messagelib	libKPim6Libkleo.so.6	libkleo
messagelib	libKPim6MailTransport.so.6	kmailtransport
messagelib	libKPim6Mbox.so.6	kmbox
messagelib	libKPim6PimCommon.so.6	pimcommon
messagelib	libKPim6PimCommonAkonadi.so.6	pimcommon
messagelib	libKPim6TextEdit.so.6	kpimtextedit
messagelib	libOpenGL.so.0	libglvnd
messagelib	libQt6Core.so.6	qt6
messagelib	libQt6DBus.so.6	qt6
messagelib	libQt6Gui.so.6	qt6
messagelib	libQt6Multimedia.so.6	qt6
messagelib	libQt6Network.so.6	qt6
messagelib	libQt6OpenGL.so.6	qt6
messagelib	libQt6Positioning.so.6	qt6
messagelib	libQt6PrintSupport.so.6	qt6
messagelib	libQt6Qml.so.6	qt6
messagelib	libQt6Quick.so.6	qt6
messagelib	libQt6TextToSpeech.so.6	qt6
messagelib	libQt6WebChannel.so.6	qt6
messagelib	libQt6WebEngineCore.so.6	qt6
messagelib	libQt6WebEngineWidgets.so.6	qt6
messagelib	libQt6Widgets.so.6	qt6
messagelib	libQt6Xml.so.6	qt6
messagelib	libc.so.6	aaa_glibc-solibs
messagelib	libc.so.6	glibc
messagelib	libcrypto.so.3	openssl
messagelib	libcrypto.so.3	openssl-solibs
messagelib	libgcc_s.so.1	aaa_libraries
messagelib	libgcc_s.so.1	gcc
messagelib	libgpg-error.so.0	aaa_libraries
messagelib	libgpg-error.so.0	libgpg-error
messagelib	libgpgme.so.45	gpgme
messagelib	libgpgmepp.so.7	gpgmepp
messagelib	libm.so.6	aaa_glibc-solibs
messagelib	libm.so.6	glibc
messagelib	libqgpgmeqt6.so.15	qgpgme
messagelib	libssl.so.3	openssl
messagelib	libssl.so.3	openssl-solibs
messagelib	libstdc++.so.6	aaa_libraries
messagelib	libstdc++.so.6	gcc-g++
metamail	libc.so.6	aaa_glibc-solibs
metamail	libc.so.6	glibc
metamail	libncursesw.so.6	aaa_libraries
metamail	libncursesw.so.6	ncurses
metamail	libtinfo.so.6	aaa_libraries
metamail	libtinfo.so.6	ncurses
mhash	libc.so.6	aaa_glibc-solibs
mhash	libc.so.6	glibc
milou	libGLX.so.0	libglvnd
milou	libKF6ConfigCore.so.6	kconfig
milou	libKF6CoreAddons.so.6	kcoreaddons
milou	libKF6Runner.so.6	krunner
milou	libKirigamiPlatform.so.6	kirigami
milou	libOpenGL.so.0	libglvnd
milou	libPlasma.so.7	libplasma
milou	libQt6Core.so.6	qt6
milou	libQt6Gui.so.6	qt6
milou	libQt6Network.so.6	qt6
milou	libQt6OpenGL.so.6	qt6
milou	libQt6Qml.so.6	qt6
milou	libQt6Quick.so.6	qt6
milou	libc.so.6	aaa_glibc-solibs
milou	libc.so.6	glibc
milou	libgcc_s.so.1	aaa_libraries
milou	libgcc_s.so.1	gcc
milou	libm.so.6	aaa_glibc-solibs
milou	libm.so.6	glibc
milou	libstdc++.so.6	aaa_libraries
milou	libstdc++.so.6	gcc-g++
mimetreeparser	libGLX.so.0	libglvnd
mimetreeparser	libKF6CalendarCore.so.6	kcalendarcore
mimetreeparser	libKF6ColorScheme.so.6	kcolorscheme
mimetreeparser	libKF6ConfigCore.so.6	kconfig
mimetreeparser	libKF6CoreAddons.so.6	kcoreaddons
mimetreeparser	libKF6I18n.so.6	ki18n
mimetreeparser	libKF6KIOCore.so.6	kio
mimetreeparser	libKF6KIOGui.so.6	kio
mimetreeparser	libKF6Mime.so.6	kmime
mimetreeparser	libKF6Service.so.6	kservice
mimetreeparser	libKF6WidgetsAddons.so.6	kwidgetsaddons
mimetreeparser	libKPim6Libkleo.so.6	libkleo
mimetreeparser	libKPim6Mbox.so.6	kmbox
mimetreeparser	libOpenGL.so.0	libglvnd
mimetreeparser	libQt6Core.so.6	qt6
mimetreeparser	libQt6DBus.so.6	qt6
mimetreeparser	libQt6Gui.so.6	qt6
mimetreeparser	libQt6Network.so.6	qt6
mimetreeparser	libQt6PrintSupport.so.6	qt6
mimetreeparser	libQt6Qml.so.6	qt6
mimetreeparser	libQt6Widgets.so.6	qt6
mimetreeparser	libc.so.6	aaa_glibc-solibs
mimetreeparser	libc.so.6	glibc
mimetreeparser	libgcc_s.so.1	aaa_libraries
mimetreeparser	libgcc_s.so.1	gcc
mimetreeparser	libgpg-error.so.0	aaa_libraries
mimetreeparser	libgpg-error.so.0	libgpg-error
mimetreeparser	libgpgme.so.45	gpgme
mimetreeparser	libgpgmepp.so.7	gpgmepp
mimetreeparser	libm.so.6	aaa_glibc-solibs
mimetreeparser	libm.so.6	glibc
mimetreeparser	libqgpgmeqt6.so.15	qgpgme
mimetreeparser	libstdc++.so.6	aaa_libraries
mimetreeparser	libstdc++.so.6	gcc-g++
minicom	libc.so.6	aaa_glibc-solibs
minicom	libc.so.6	glibc
minicom	libtinfo.so.6	aaa_libraries
minicom	libtinfo.so.6	ncurses
minuet	libGLX.so.0	libglvnd
minuet	libKF6CoreAddons.so.6	kcoreaddons
minuet	libKF6Crash.so.6	kcrash
minuet	libKF6I18n.so.6	ki18n
minuet	libKF6I18nQml.so.6	ki18n
minuet	libKirigami.so.6	kirigami
minuet	libKirigamiAddonsComponents.so.6	kirigami-addons
minuet	libKirigamiApp.so.6	kirigami-addons
minuet	libKirigamiPlatform.so.6	kirigami
minuet	libOpenGL.so.0	libglvnd
minuet	libQt6Core.so.6	qt6
minuet	libQt6Gui.so.6	qt6
minuet	libQt6Multimedia.so.6	qt6
minuet	libQt6Network.so.6	qt6
minuet	libQt6OpenGL.so.6	qt6
minuet	libQt6Qml.so.6	qt6
minuet	libQt6Quick.so.6	qt6
minuet	libQt6QuickControls2.so.6	qt6
minuet	libQt6Svg.so.6	qt6
minuet	libaubio.so.5	aubio
minuet	libc.so.6	aaa_glibc-solibs
minuet	libc.so.6	glibc
minuet	libfftw3f.so.3	fftw
minuet	libfluidsynth.so.3	fluidsynth
minuet	libgcc_s.so.1	aaa_libraries
minuet	libgcc_s.so.1	gcc
minuet	libm.so.6	aaa_glibc-solibs
minuet	libm.so.6	glibc
minuet	libstdc++.so.6	aaa_libraries
minuet	libstdc++.so.6	gcc-g++
mkcomposecache	libX11.so.6	libX11
mkcomposecache	libc.so.6	aaa_glibc-solibs
mkcomposecache	libc.so.6	glibc
mkfontscale	libc.so.6	aaa_glibc-solibs
mkfontscale	libc.so.6	glibc
mkfontscale	libfontenc.so.1	libfontenc
mkfontscale	libfreetype.so.6	freetype
mkfontscale	libz.so.1	aaa_libraries
mkfontscale	libz.so.1	zlib
mlocate	libc.so.6	aaa_glibc-solibs
mlocate	libc.so.6	glibc
mlt	ld-linux-x86-64.so.2	aaa_glibc-solibs
mlt	ld-linux-x86-64.so.2	glibc
mlt	libGLX.so.0	libglvnd
mlt	libOpenGL.so.0	libglvnd
mlt	libQt6Core.so.6	qt6
mlt	libQt6Gui.so.6	qt6
mlt	libQt6Network.so.6	qt6
mlt	libQt6Svg.so.6	qt6
mlt	libQt6SvgWidgets.so.6	qt6
mlt	libQt6Widgets.so.6	qt6
mlt	libQt6Xml.so.6	qt6
mlt	libSDL2-2.0.so.0	SDL2
mlt	libX11.so.6	libX11
mlt	libasound.so.2	aaa_libraries
mlt	libasound.so.2	alsa-lib
mlt	libavcodec.so.63	ffmpeg
mlt	libavdevice.so.63	ffmpeg
mlt	libavfilter.so.12	ffmpeg
mlt	libavformat.so.63	ffmpeg
mlt	libavutil.so.61	ffmpeg
mlt	libc.so.6	aaa_glibc-solibs
mlt	libc.so.6	glibc
mlt	libepoxy.so.0	libepoxy
mlt	libexif.so.12	libexif
mlt	libfftw3.so.3	fftw
mlt	libfontconfig.so.1	fontconfig
mlt	libfreetype.so.6	freetype
mlt	libgcc_s.so.1	aaa_libraries
mlt	libgcc_s.so.1	gcc
mlt	libgdk_pixbuf-2.0.so.0	gdk-pixbuf2
mlt	libglib-2.0.so.0	aaa_libraries
mlt	libglib-2.0.so.0	glib2
mlt	libgobject-2.0.so.0	aaa_libraries
mlt	libgobject-2.0.so.0	glib2
mlt	libgomp.so.1	aaa_libraries
mlt	libgomp.so.1	gcc
mlt	libharfbuzz.so.0	harfbuzz
mlt	libm.so.6	aaa_glibc-solibs
mlt	libm.so.6	glibc
mlt	libmovit.so.8	movit
mlt	libopencv_core.so.500	opencv
mlt	libopencv_datasets.so.500	opencv
mlt	libopencv_dnn.so.500	opencv
mlt	libopencv_features.so.500	opencv
mlt	libopencv_flann.so.500	opencv
mlt	libopencv_geometry.so.500	opencv
mlt	libopencv_highgui.so.500	opencv
mlt	libopencv_imgcodecs.so.500	opencv
mlt	libopencv_imgproc.so.500	opencv
mlt	libopencv_ml.so.500	opencv
mlt	libopencv_plot.so.500	opencv
mlt	libopencv_text.so.500	opencv
mlt	libopencv_tracking.so.500	opencv
mlt	libopencv_video.so.500	opencv
mlt	libopencv_videoio.so.500	opencv
mlt	libpango-1.0.so.0	pango
mlt	libpangoft2-1.0.so.0	pango
mlt	libplacebo.so.360	libplacebo
mlt	libpulse-simple.so.0	pulseaudio
mlt	libpulse.so.0	pulseaudio
mlt	librnnoise.so.0	rnnoise
mlt	libsamplerate.so.0	libsamplerate
mlt	libsox_ng.so.5	sox
mlt	libstdc++.so.6	aaa_libraries
mlt	libstdc++.so.6	gcc-g++
mlt	libswresample.so.7	ffmpeg
mlt	libswscale.so.10	ffmpeg
mlt	libvidstab.so.1.2	vid.stab
mlt	libvorbis.so.0	libvorbis
mlt	libvorbisfile.so.3	libvorbis
mlt	libxml2.so.16	libxml2
mlt	libz.so.1	aaa_libraries
mlt	libz.so.1	zlib
mm	libc.so.6	aaa_glibc-solibs
mm	libc.so.6	glibc
moc	libFLAC.so.14	flac
moc	libasound.so.2	aaa_libraries
moc	libasound.so.2	alsa-lib
moc	libc.so.6	aaa_glibc-solibs
moc	libc.so.6	glibc
moc	libcurl.so.4	aaa_libraries
moc	libcurl.so.4	curl
moc	libdb-4.8.so	aaa_libraries
moc	libdb-4.8.so	db48
moc	libid3tag.so.0	libid3tag
moc	libjack.so.0	pipewire
moc	libltdl.so.7	aaa_libraries
moc	libltdl.so.7	libtool
moc	libm.so.6	aaa_glibc-solibs
moc	libm.so.6	glibc
moc	libmad.so.0	libmad
moc	libmagic.so.1	file
moc	libncursesw.so.6	aaa_libraries
moc	libncursesw.so.6	ncurses
moc	libogg.so.0	libogg
moc	libopusfile.so.0	opusfile
moc	libpopt.so.0	aaa_libraries
moc	libpopt.so.0	popt
moc	libsamplerate.so.0	libsamplerate
moc	libsndfile.so.1	libsndfile
moc	libspeex.so.1	speex
moc	libtinfo.so.6	aaa_libraries
moc	libtinfo.so.6	ncurses
moc	libvorbis.so.0	libvorbis
moc	libvorbisfile.so.3	libvorbis
moc	libwavpack.so.1	wavpack
moc	libz.so.1	aaa_libraries
moc	libz.so.1	zlib
modemmanager-qt	libQt6Core.so.6	qt6
modemmanager-qt	libQt6DBus.so.6	qt6
modemmanager-qt	libQt6Xml.so.6	qt6
modemmanager-qt	libc.so.6	aaa_glibc-solibs
modemmanager-qt	libc.so.6	glibc
modemmanager-qt	libgcc_s.so.1	aaa_libraries
modemmanager-qt	libgcc_s.so.1	gcc
modemmanager-qt	libm.so.6	aaa_glibc-solibs
modemmanager-qt	libm.so.6	glibc
modemmanager-qt	libstdc++.so.6	aaa_libraries
modemmanager-qt	libstdc++.so.6	gcc-g++
mold	ld-linux-x86-64.so.2	aaa_glibc-solibs
mold	ld-linux-x86-64.so.2	glibc
mold	libatomic.so.1	aaa_libraries
mold	libatomic.so.1	gcc
mold	libc.so.6	aaa_glibc-solibs
mold	libc.so.6	glibc
mold	libgcc_s.so.1	aaa_libraries
mold	libgcc_s.so.1	gcc
mold	libm.so.6	aaa_glibc-solibs
mold	libm.so.6	glibc
mold	libstdc++.so.6	aaa_libraries
mold	libstdc++.so.6	gcc-g++
mold	libz.so.1	aaa_libraries
mold	libz.so.1	zlib
mold	libzstd.so.1	aaa_libraries
mold	libzstd.so.1	zstd
moreutils	libc.so.6	aaa_glibc-solibs
moreutils	libc.so.6	glibc
mosh	libabsl_base.so.2608.0.0	abseil-cpp
mosh	libabsl_base_cpu_detect.so.2608.0.0	abseil-cpp
mosh	libabsl_city.so.2608.0.0	abseil-cpp
mosh	libabsl_civil_time.so.2608.0.0	abseil-cpp
mosh	libabsl_cord.so.2608.0.0	abseil-cpp
mosh	libabsl_cord_internal.so.2608.0.0	abseil-cpp
mosh	libabsl_cordz_functions.so.2608.0.0	abseil-cpp
mosh	libabsl_cordz_handle.so.2608.0.0	abseil-cpp
mosh	libabsl_cordz_info.so.2608.0.0	abseil-cpp
mosh	libabsl_crc32c.so.2608.0.0	abseil-cpp
mosh	libabsl_crc_cord_state.so.2608.0.0	abseil-cpp
mosh	libabsl_crc_internal.so.2608.0.0	abseil-cpp
mosh	libabsl_debugging_internal.so.2608.0.0	abseil-cpp
mosh	libabsl_decode_rust_punycode.so.2608.0.0	abseil-cpp
mosh	libabsl_demangle_internal.so.2608.0.0	abseil-cpp
mosh	libabsl_demangle_rust.so.2608.0.0	abseil-cpp
mosh	libabsl_die_if_null.so.2608.0.0	abseil-cpp
mosh	libabsl_examine_stack.so.2608.0.0	abseil-cpp
mosh	libabsl_exponential_biased.so.2608.0.0	abseil-cpp
mosh	libabsl_flags_commandlineflag.so.2608.0.0	abseil-cpp
mosh	libabsl_flags_commandlineflag_internal.so.2608.0.0	abseil-cpp
mosh	libabsl_flags_config.so.2608.0.0	abseil-cpp
mosh	libabsl_flags_internal.so.2608.0.0	abseil-cpp
mosh	libabsl_flags_marshalling.so.2608.0.0	abseil-cpp
mosh	libabsl_flags_private_handle_accessor.so.2608.0.0	abseil-cpp
mosh	libabsl_flags_program_name.so.2608.0.0	abseil-cpp
mosh	libabsl_flags_reflection.so.2608.0.0	abseil-cpp
mosh	libabsl_graphcycles_internal.so.2608.0.0	abseil-cpp
mosh	libabsl_hardening.so.2608.0.0	abseil-cpp
mosh	libabsl_hash.so.2608.0.0	abseil-cpp
mosh	libabsl_hashtablez_sampler.so.2608.0.0	abseil-cpp
mosh	libabsl_int128.so.2608.0.0	abseil-cpp
mosh	libabsl_kernel_timeout_internal.so.2608.0.0	abseil-cpp
mosh	libabsl_leak_check.so.2608.0.0	abseil-cpp
mosh	libabsl_log_entry.so.2608.0.0	abseil-cpp
mosh	libabsl_log_globals.so.2608.0.0	abseil-cpp
mosh	libabsl_log_initialize.so.2608.0.0	abseil-cpp
mosh	libabsl_log_internal_check_op.so.2608.0.0	abseil-cpp
mosh	libabsl_log_internal_conditions.so.2608.0.0	abseil-cpp
mosh	libabsl_log_internal_fnmatch.so.2608.0.0	abseil-cpp
mosh	libabsl_log_internal_format.so.2608.0.0	abseil-cpp
mosh	libabsl_log_internal_globals.so.2608.0.0	abseil-cpp
mosh	libabsl_log_internal_log_sink_set.so.2608.0.0	abseil-cpp
mosh	libabsl_log_internal_message.so.2608.0.0	abseil-cpp
mosh	libabsl_log_internal_nullguard.so.2608.0.0	abseil-cpp
mosh	libabsl_log_internal_proto.so.2608.0.0	abseil-cpp
mosh	libabsl_log_internal_structured_proto.so.2608.0.0	abseil-cpp
mosh	libabsl_log_severity.so.2608.0.0	abseil-cpp
mosh	libabsl_log_sink.so.2608.0.0	abseil-cpp
mosh	libabsl_malloc_internal.so.2608.0.0	abseil-cpp
mosh	libabsl_random_distributions.so.2608.0.0	abseil-cpp
mosh	libabsl_random_internal_entropy_pool.so.2608.0.0	abseil-cpp
mosh	libabsl_random_internal_platform.so.2608.0.0	abseil-cpp
mosh	libabsl_random_internal_randen.so.2608.0.0	abseil-cpp
mosh	libabsl_random_internal_randen_hwaes.so.2608.0.0	abseil-cpp
mosh	libabsl_random_internal_randen_hwaes_impl.so.2608.0.0	abseil-cpp
mosh	libabsl_random_internal_randen_slow.so.2608.0.0	abseil-cpp
mosh	libabsl_random_internal_seed_material.so.2608.0.0	abseil-cpp
mosh	libabsl_random_seed_gen_exception.so.2608.0.0	abseil-cpp
mosh	libabsl_random_seed_sequences.so.2608.0.0	abseil-cpp
mosh	libabsl_raw_hash_set.so.2608.0.0	abseil-cpp
mosh	libabsl_raw_logging_internal.so.2608.0.0	abseil-cpp
mosh	libabsl_source_location.so.2608.0.0	abseil-cpp
mosh	libabsl_spinlock_wait.so.2608.0.0	abseil-cpp
mosh	libabsl_stacktrace.so.2608.0.0	abseil-cpp
mosh	libabsl_status.so.2608.0.0	abseil-cpp
mosh	libabsl_statusor.so.2608.0.0	abseil-cpp
mosh	libabsl_str_format_internal.so.2608.0.0	abseil-cpp
mosh	libabsl_strerror.so.2608.0.0	abseil-cpp
mosh	libabsl_strings.so.2608.0.0	abseil-cpp
mosh	libabsl_strings_internal.so.2608.0.0	abseil-cpp
mosh	libabsl_symbolize.so.2608.0.0	abseil-cpp
mosh	libabsl_synchronization.so.2608.0.0	abseil-cpp
mosh	libabsl_throw_delegate.so.2608.0.0	abseil-cpp
mosh	libabsl_time.so.2608.0.0	abseil-cpp
mosh	libabsl_time_zone.so.2608.0.0	abseil-cpp
mosh	libabsl_tracing_internal.so.2608.0.0	abseil-cpp
mosh	libabsl_utf8_for_code_point.so.2608.0.0	abseil-cpp
mosh	libabsl_vlog_config_internal.so.2608.0.0	abseil-cpp
mosh	libc.so.6	aaa_glibc-solibs
mosh	libc.so.6	glibc
mosh	libcrypto.so.3	openssl
mosh	libcrypto.so.3	openssl-solibs
mosh	libgcc_s.so.1	aaa_libraries
mosh	libgcc_s.so.1	gcc
mosh	libm.so.6	aaa_glibc-solibs
mosh	libm.so.6	glibc
mosh	libprotobuf.so.36	protobuf
mosh	libssl.so.3	openssl
mosh	libssl.so.3	openssl-solibs
mosh	libstdc++.so.6	aaa_libraries
mosh	libstdc++.so.6	gcc-g++
mosh	libtinfo.so.6	aaa_libraries
mosh	libtinfo.so.6	ncurses
mosh	libutempter.so.0	utempter
mosh	libutf8_range.so.36.2.0	protobuf
mosh	libutf8_validity.so.36.2.0	protobuf
mosh	libz.so.1	aaa_libraries
mosh	libz.so.1	zlib
most	libc.so.6	aaa_glibc-solibs
most	libc.so.6	glibc
most	libm.so.6	aaa_glibc-solibs
most	libm.so.6	glibc
most	libslang.so.2	aaa_libraries
most	libslang.so.2	slang
motif	libX11.so.6	libX11
motif	libXcursor.so.1	libXcursor
motif	libXext.so.6	libXext
motif	libXft.so.2	libXft
motif	libXmu.so.6	libXmu
motif	libXpm.so.4	libXpm
motif	libXrandr.so.2	libXrandr
motif	libXrender.so.1	libXrender
motif	libXt.so.6	libXt
motif	libc.so.6	aaa_glibc-solibs
motif	libc.so.6	glibc
motif	libfontconfig.so.1	fontconfig
motif	libjpeg.so.62	aaa_libraries
motif	libjpeg.so.62	libjpeg-turbo
motif	libm.so.6	aaa_glibc-solibs
motif	libm.so.6	glibc
motif	libpng16.so.16	aaa_libraries
motif	libpng16.so.16	libpng
mousepad	libc.so.6	aaa_glibc-solibs
mousepad	libc.so.6	glibc
mousepad	libgdk-3.so.0	gtk+3
mousepad	libgio-2.0.so.0	glib2
mousepad	libglib-2.0.so.0	aaa_libraries
mousepad	libglib-2.0.so.0	glib2
mousepad	libgmodule-2.0.so.0	aaa_libraries
mousepad	libgmodule-2.0.so.0	glib2
mousepad	libgobject-2.0.so.0	aaa_libraries
mousepad	libgobject-2.0.so.0	glib2
mousepad	libgspell-1.so.3	gspell
mousepad	libgtk-3.so.0	gtk+3
mousepad	libgtksourceview-4.so.0	gtksourceview4
mousepad	libm.so.6	aaa_glibc-solibs
mousepad	libm.so.6	glibc
mousepad	libpango-1.0.so.0	pango
mousepad	libxfce4kbd-private-3.so.0	libxfce4ui
movit	ld-linux-x86-64.so.2	aaa_glibc-solibs
movit	ld-linux-x86-64.so.2	glibc
movit	libc.so.6	aaa_glibc-solibs
movit	libc.so.6	glibc
movit	libepoxy.so.0	libepoxy
movit	libfftw3.so.3	fftw
movit	libgcc_s.so.1	aaa_libraries
movit	libgcc_s.so.1	gcc
movit	libm.so.6	aaa_glibc-solibs
movit	libm.so.6	glibc
movit	libstdc++.so.6	aaa_libraries
movit	libstdc++.so.6	gcc-g++
mozilla-firefox	ld-linux-x86-64.so.2	aaa_glibc-solibs
mozilla-firefox	ld-linux-x86-64.so.2	glibc
mozilla-firefox	libX11-xcb.so.1	libX11
mozilla-firefox	libX11.so.6	libX11
mozilla-firefox	libXcomposite.so.1	libXcomposite
mozilla-firefox	libXcursor.so.1	libXcursor
mozilla-firefox	libXdamage.so.1	libXdamage
mozilla-firefox	libXext.so.6	libXext
mozilla-firefox	libXfixes.so.3	libXfixes
mozilla-firefox	libXi.so.6	libXi
mozilla-firefox	libXrandr.so.2	libXrandr
mozilla-firefox	libXrender.so.1	libXrender
mozilla-firefox	libasound.so.2	aaa_libraries
mozilla-firefox	libasound.so.2	alsa-lib
mozilla-firefox	libatk-1.0.so.0	at-spi2-core
mozilla-firefox	libc.so.6	aaa_glibc-solibs
mozilla-firefox	libc.so.6	glibc
mozilla-firefox	libcairo-gobject.so.2	cairo
mozilla-firefox	libcairo.so.2	cairo
mozilla-firefox	libdbus-1.so.3	dbus
mozilla-firefox	libfontconfig.so.1	fontconfig
mozilla-firefox	libfreeblpriv3.so	mozilla-nss
mozilla-firefox	libfreetype.so.6	freetype
mozilla-firefox	libgcc_s.so.1	aaa_libraries
mozilla-firefox	libgcc_s.so.1	gcc
mozilla-firefox	libgdk-3.so.0	gtk+3
mozilla-firefox	libgdk_pixbuf-2.0.so.0	gdk-pixbuf2
mozilla-firefox	libgio-2.0.so.0	glib2
mozilla-firefox	libgkcodecs.so	mozilla-thunderbird
mozilla-firefox	libglib-2.0.so.0	aaa_libraries
mozilla-firefox	libglib-2.0.so.0	glib2
mozilla-firefox	libgobject-2.0.so.0	aaa_libraries
mozilla-firefox	libgobject-2.0.so.0	glib2
mozilla-firefox	libgtk-3.so.0	gtk+3
mozilla-firefox	libharfbuzz.so.0	harfbuzz
mozilla-firefox	liblgpllibs.so	mozilla-thunderbird
mozilla-firefox	liblgpllibs.so	seamonkey
mozilla-firefox	libm.so.6	aaa_glibc-solibs
mozilla-firefox	libm.so.6	glibc
mozilla-firefox	libmozavutil.so	mozilla-thunderbird
mozilla-firefox	libmozavutil.so	seamonkey
mozilla-firefox	libmozgtk.so	mozilla-thunderbird
mozilla-firefox	libmozgtk.so	seamonkey
mozilla-firefox	libmozsandbox.so	mozilla-thunderbird
mozilla-firefox	libmozsandbox.so	seamonkey
mozilla-firefox	libmozsqlite3.so	mozilla-thunderbird
mozilla-firefox	libmozsqlite3.so	seamonkey
mozilla-firefox	libmozwayland.so	mozilla-thunderbird
mozilla-firefox	libnspr4.so	mozilla-nss
mozilla-firefox	libnss3.so	mozilla-nss
mozilla-firefox	libnssutil3.so	mozilla-nss
mozilla-firefox	libpango-1.0.so.0	pango
mozilla-firefox	libpangocairo-1.0.so.0	pango
mozilla-firefox	libplc4.so	mozilla-nss
mozilla-firefox	libplds4.so	mozilla-nss
mozilla-firefox	libresolv.so.2	aaa_glibc-solibs
mozilla-firefox	libresolv.so.2	glibc
mozilla-firefox	libsmime3.so	mozilla-nss
mozilla-firefox	libsoftokn3.so	mozilla-nss
mozilla-firefox	libsqlite3.so.0	sqlite
mozilla-firefox	libssl3.so	mozilla-nss
mozilla-firefox	libstdc++.so.6	aaa_libraries
mozilla-firefox	libstdc++.so.6	gcc-g++
mozilla-firefox	libxcb-shm.so.0	libxcb
mozilla-firefox	libxcb.so.1	libxcb
mozilla-firefox	libz.so.1	aaa_libraries
mozilla-firefox	libz.so.1	zlib
mozilla-nss	libc.so.6	aaa_glibc-solibs
mozilla-nss	libc.so.6	glibc
mozilla-nss	libsqlite3.so.0	sqlite
mozilla-nss	libz.so.1	aaa_libraries
mozilla-nss	libz.so.1	zlib
mozilla-thunderbird	ld-linux-x86-64.so.2	aaa_glibc-solibs
mozilla-thunderbird	ld-linux-x86-64.so.2	glibc
mozilla-thunderbird	libX11-xcb.so.1	libX11
mozilla-thunderbird	libX11.so.6	libX11
mozilla-thunderbird	libXcomposite.so.1	libXcomposite
mozilla-thunderbird	libXcursor.so.1	libXcursor
mozilla-thunderbird	libXdamage.so.1	libXdamage
mozilla-thunderbird	libXext.so.6	libXext
mozilla-thunderbird	libXfixes.so.3	libXfixes
mozilla-thunderbird	libXi.so.6	libXi
mozilla-thunderbird	libXrandr.so.2	libXrandr
mozilla-thunderbird	libXrender.so.1	libXrender
mozilla-thunderbird	libasound.so.2	aaa_libraries
mozilla-thunderbird	libasound.so.2	alsa-lib
mozilla-thunderbird	libatk-1.0.so.0	at-spi2-core
mozilla-thunderbird	libc.so.6	aaa_glibc-solibs
mozilla-thunderbird	libc.so.6	glibc
mozilla-thunderbird	libcairo-gobject.so.2	cairo
mozilla-thunderbird	libcairo.so.2	cairo
mozilla-thunderbird	libdbus-1.so.3	dbus
mozilla-thunderbird	libfontconfig.so.1	fontconfig
mozilla-thunderbird	libfreeblpriv3.so	mozilla-nss
mozilla-thunderbird	libfreetype.so.6	freetype
mozilla-thunderbird	libgcc_s.so.1	aaa_libraries
mozilla-thunderbird	libgcc_s.so.1	gcc
mozilla-thunderbird	libgdk-3.so.0	gtk+3
mozilla-thunderbird	libgdk_pixbuf-2.0.so.0	gdk-pixbuf2
mozilla-thunderbird	libgio-2.0.so.0	glib2
mozilla-thunderbird	libgkcodecs.so	mozilla-firefox
mozilla-thunderbird	libglib-2.0.so.0	aaa_libraries
mozilla-thunderbird	libglib-2.0.so.0	glib2
mozilla-thunderbird	libgobject-2.0.so.0	aaa_libraries
mozilla-thunderbird	libgobject-2.0.so.0	glib2
mozilla-thunderbird	libgtk-3.so.0	gtk+3
mozilla-thunderbird	libharfbuzz.so.0	harfbuzz
mozilla-thunderbird	liblgpllibs.so	mozilla-firefox
mozilla-thunderbird	liblgpllibs.so	seamonkey
mozilla-thunderbird	libm.so.6	aaa_glibc-solibs
mozilla-thunderbird	libm.so.6	glibc
mozilla-thunderbird	libmozavutil.so	mozilla-firefox
mozilla-thunderbird	libmozavutil.so	seamonkey
mozilla-thunderbird	libmozgtk.so	mozilla-firefox
mozilla-thunderbird	libmozgtk.so	seamonkey
mozilla-thunderbird	libmozsandbox.so	mozilla-firefox
mozilla-thunderbird	libmozsandbox.so	seamonkey
mozilla-thunderbird	libmozsqlite3.so	mozilla-firefox
mozilla-thunderbird	libmozsqlite3.so	seamonkey
mozilla-thunderbird	libmozwayland.so	mozilla-firefox
mozilla-thunderbird	libnspr4.so	mozilla-nss
mozilla-thunderbird	libnss3.so	mozilla-nss
mozilla-thunderbird	libnssutil3.so	mozilla-nss
mozilla-thunderbird	libpango-1.0.so.0	pango
mozilla-thunderbird	libpangocairo-1.0.so.0	pango
mozilla-thunderbird	libplc4.so	mozilla-nss
mozilla-thunderbird	libplds4.so	mozilla-nss
mozilla-thunderbird	libresolv.so.2	aaa_glibc-solibs
mozilla-thunderbird	libresolv.so.2	glibc
mozilla-thunderbird	libsmime3.so	mozilla-nss
mozilla-thunderbird	libsoftokn3.so	mozilla-nss
mozilla-thunderbird	libsqlite3.so.0	sqlite
mozilla-thunderbird	libssl3.so	mozilla-nss
mozilla-thunderbird	libstdc++.so.6	aaa_libraries
mozilla-thunderbird	libstdc++.so.6	gcc-g++
mozilla-thunderbird	libxcb-shm.so.0	libxcb
mozilla-thunderbird	libxcb.so.1	libxcb
mozilla-thunderbird	libz.so.1	aaa_libraries
mozilla-thunderbird	libz.so.1	zlib
mozjs140	ld-linux-x86-64.so.2	aaa_glibc-solibs
mozjs140	ld-linux-x86-64.so.2	glibc
mozjs140	libc.so.6	aaa_glibc-solibs
mozjs140	libc.so.6	glibc
mozjs140	libgcc_s.so.1	aaa_libraries
mozjs140	libgcc_s.so.1	gcc
mozjs140	libicui18n.so.78	icu4c
mozjs140	libicuuc.so.78	icu4c
mozjs140	libm.so.6	aaa_glibc-solibs
mozjs140	libm.so.6	glibc
mozjs140	libreadline.so.8	aaa_libraries
mozjs140	libreadline.so.8	readline
mozjs140	libstdc++.so.6	aaa_libraries
mozjs140	libstdc++.so.6	gcc-g++
mozjs140	libz.so.1	aaa_libraries
mozjs140	libz.so.1	zlib
mpfr	ld-linux-x86-64.so.2	aaa_glibc-solibs
mpfr	ld-linux-x86-64.so.2	glibc
mpfr	libc.so.6	aaa_glibc-solibs
mpfr	libc.so.6	glibc
mpfr	libgmp.so.10	aaa_libraries
mpfr	libgmp.so.10	gmp
mpg123	libSDL2-2.0.so.0	SDL2
mpg123	libasound.so.2	aaa_libraries
mpg123	libasound.so.2	alsa-lib
mpg123	libc.so.6	aaa_glibc-solibs
mpg123	libc.so.6	glibc
mpg123	libm.so.6	aaa_glibc-solibs
mpg123	libm.so.6	glibc
mpg123	libpulse-simple.so.0	pulseaudio
mpg123	libpulse.so.0	pulseaudio
mpv	libEGL.so.1	libglvnd
mpv	libGL.so.1	libglvnd
mpv	libSDL2-2.0.so.0	SDL2
mpv	libX11.so.6	libX11
mpv	libXext.so.6	libXext
mpv	libXfixes.so.3	libXfixes
mpv	libXpresent.so.1	libXpresent
mpv	libXrandr.so.2	libXrandr
mpv	libXss.so.1	libXScrnSaver
mpv	libXv.so.1	libXv
mpv	libarchive.so.13	libarchive
mpv	libasound.so.2	aaa_libraries
mpv	libasound.so.2	alsa-lib
mpv	libass.so.9	libass
mpv	libavcodec.so.63	ffmpeg
mpv	libavdevice.so.63	ffmpeg
mpv	libavfilter.so.12	ffmpeg
mpv	libavformat.so.63	ffmpeg
mpv	libavutil.so.61	ffmpeg
mpv	libbluray.so.4	libbluray
mpv	libc.so.6	aaa_glibc-solibs
mpv	libc.so.6	glibc
mpv	libcaca.so.0	libcaca
mpv	libcdio.so.21	libcdio
mpv	libcdio_cdda.so.2	libcdio-paranoia
mpv	libcdio_paranoia.so.2	libcdio-paranoia
mpv	libdisplay-info.so.4	libdisplay-info
mpv	libdrm.so.2	libdrm
mpv	libdvdnav.so.4	libdvdnav
mpv	libgbm.so.1	mesa
mpv	libjack.so.0	pipewire
mpv	libjpeg.so.62	aaa_libraries
mpv	libjpeg.so.62	libjpeg-turbo
mpv	liblcms2.so.2	lcms2
mpv	libluajit-5.1.so.2	luajit
mpv	libm.so.6	aaa_glibc-solibs
mpv	libm.so.6	glibc
mpv	libmujs.so.1	mujs
mpv	libopenal.so.1	openal-soft
mpv	libpipewire-0.3.so.0	pipewire
mpv	libplacebo.so.360	libplacebo
mpv	libpulse.so.0	pulseaudio
mpv	libswresample.so.7	ffmpeg
mpv	libswscale.so.10	ffmpeg
mpv	libva-drm.so.2	libva
mpv	libva-wayland.so.2	libva
mpv	libva-x11.so.2	libva
mpv	libva.so.2	libva
mpv	libvdpau.so.1	libvdpau
mpv	libvulkan.so.1	vulkan-sdk
mpv	libwayland-client.so.0	wayland
mpv	libwayland-cursor.so.0	wayland
mpv	libwayland-egl.so.1	wayland
mpv	libxkbcommon.so.0	aaa_libraries
mpv	libxkbcommon.so.0	libxkbcommon
mpv	libz.so.1	aaa_libraries
mpv	libz.so.1	zlib
mpvqt	libGLX.so.0	libglvnd
mpvqt	libOpenGL.so.0	libglvnd
mpvqt	libQt6Core.so.6	qt6
mpvqt	libQt6Gui.so.6	qt6
mpvqt	libQt6Network.so.6	qt6
mpvqt	libQt6OpenGL.so.6	qt6
mpvqt	libQt6Qml.so.6	qt6
mpvqt	libQt6Quick.so.6	qt6
mpvqt	libc.so.6	aaa_glibc-solibs
mpvqt	libc.so.6	glibc
mpvqt	libgcc_s.so.1	aaa_libraries
mpvqt	libgcc_s.so.1	gcc
mpvqt	libm.so.6	aaa_glibc-solibs
mpvqt	libm.so.6	glibc
mpvqt	libmpv.so.2	mpv
mpvqt	libstdc++.so.6	aaa_libraries
mpvqt	libstdc++.so.6	gcc-g++
mt-st	libc.so.6	aaa_glibc-solibs
mt-st	libc.so.6	glibc
mtdev	libc.so.6	aaa_glibc-solibs
mtdev	libc.so.6	glibc
mtr	libc.so.6	aaa_glibc-solibs
mtr	libc.so.6	glibc
mtr	libcap.so.2	aaa_libraries
mtr	libcap.so.2	libcap
mtr	libjansson.so.4	jansson
mtr	libm.so.6	aaa_glibc-solibs
mtr	libm.so.6	glibc
mtr	libncursesw.so.6	aaa_libraries
mtr	libncursesw.so.6	ncurses
mtr	libresolv.so.2	aaa_glibc-solibs
mtr	libresolv.so.2	glibc
mtr	libtinfo.so.6	aaa_libraries
mtr	libtinfo.so.6	ncurses
mtx	libc.so.6	aaa_glibc-solibs
mtx	libc.so.6	glibc
mujs	libc.so.6	aaa_glibc-solibs
mujs	libc.so.6	glibc
mujs	libm.so.6	aaa_glibc-solibs
mujs	libm.so.6	glibc
mujs	libreadline.so.8	aaa_libraries
mujs	libreadline.so.8	readline
mutt	libc.so.6	aaa_glibc-solibs
mutt	libc.so.6	glibc
mutt	libcrypto.so.3	openssl
mutt	libcrypto.so.3	openssl-solibs
mutt	libgpg-error.so.0	aaa_libraries
mutt	libgpg-error.so.0	libgpg-error
mutt	libgpgme.so.45	gpgme
mutt	libidn.so.12	aaa_libraries
mutt	libidn.so.12	libidn
mutt	liblmdb.so.1	lmdb
mutt	libncursesw.so.6	aaa_libraries
mutt	libncursesw.so.6	ncurses
mutt	libsasl2.so.3	cyrus-sasl
mutt	libssl.so.3	openssl
mutt	libssl.so.3	openssl-solibs
mutt	libtinfo.so.6	aaa_libraries
mutt	libtinfo.so.6	ncurses
mutt	libz.so.1	aaa_libraries
mutt	libz.so.1	zlib
nano	libc.so.6	aaa_glibc-solibs
nano	libc.so.6	glibc
nano	libmagic.so.1	file
nano	libncursesw.so.6	aaa_libraries
nano	libncursesw.so.6	ncurses
nano	libtinfo.so.6	aaa_libraries
nano	libtinfo.so.6	ncurses
nano	libz.so.1	aaa_libraries
nano	libz.so.1	zlib
nasm	libc.so.6	aaa_glibc-solibs
nasm	libc.so.6	glibc
nasm	libz.so.1	aaa_libraries
nasm	libz.so.1	zlib
nc	libc.so.6	aaa_glibc-solibs
nc	libc.so.6	glibc
ncftp	libc.so.6	aaa_glibc-solibs
ncftp	libc.so.6	glibc
ncftp	libncursesw.so.6	aaa_libraries
ncftp	libncursesw.so.6	ncurses
ncftp	libtinfo.so.6	aaa_libraries
ncftp	libtinfo.so.6	ncurses
ncompress	libc.so.6	aaa_glibc-solibs
ncompress	libc.so.6	glibc
ncurses	libc.so.6	aaa_glibc-solibs
ncurses	libc.so.6	glibc
ncurses	libformw.so.6	aaa_libraries
ncurses	libgcc_s.so.1	aaa_libraries
ncurses	libgcc_s.so.1	gcc
ncurses	libm.so.6	aaa_glibc-solibs
ncurses	libm.so.6	glibc
ncurses	libmenuw.so.6	aaa_libraries
ncurses	libncursesw.so.6	aaa_libraries
ncurses	libpanelw.so.6	aaa_libraries
ncurses	libstdc++.so.6	aaa_libraries
ncurses	libstdc++.so.6	gcc-g++
ncurses	libtic.so.6	aaa_libraries
ncurses	libtinfo.so.6	aaa_libraries
ndctl	libc.so.6	aaa_glibc-solibs
ndctl	libc.so.6	glibc
ndctl	libiniparser.so.4	iniparser
ndctl	libjson-c.so.5	aaa_libraries
ndctl	libjson-c.so.5	json-c
ndctl	libkeyutils.so.1	aaa_libraries
ndctl	libkeyutils.so.1	keyutils
ndctl	libkmod.so.2	kmod
ndctl	libtraceevent.so.1	libtraceevent
ndctl	libtracefs.so.1	libtracefs
ndctl	libudev.so.1	aaa_libraries
ndctl	libudev.so.1	eudev
ndctl	libuuid.so.1	util-linux
neochat	libGLX.so.0	libglvnd
neochat	libKF6ColorScheme.so.6	kcolorscheme
neochat	libKF6Completion.so.6	kcompletion
neochat	libKF6ConfigCore.so.6	kconfig
neochat	libKF6ConfigGui.so.6	kconfig
neochat	libKF6CoreAddons.so.6	kcoreaddons
neochat	libKF6Crash.so.6	kcrash
neochat	libKF6DBusAddons.so.6	kdbusaddons
neochat	libKF6I18n.so.6	ki18n
neochat	libKF6I18nQml.so.6	ki18n
neochat	libKF6IconThemes.so.6	kiconthemes
neochat	libKF6ItemModels.so.6	kitemmodels
neochat	libKF6JobWidgets.so.6	kjobwidgets
neochat	libKF6KIOCore.so.6	kio
neochat	libKF6KIOGui.so.6	kio
neochat	libKF6KIOWidgets.so.6	kio
neochat	libKF6Notifications.so.6	knotifications
neochat	libKF6Purpose.so.6	purpose
neochat	libKF6Service.so.6	kservice
neochat	libKF6SyntaxHighlighting.so.6	syntax-highlighting
neochat	libKF6WidgetsAddons.so.6	kwidgetsaddons
neochat	libKF6WindowSystem.so.6	kwindowsystem
neochat	libKUnifiedPush.so.1	kunifiedpush
neochat	libKirigami.so.6	kirigami
neochat	libKirigamiAddonsComponents.so.6	kirigami-addons
neochat	libKirigamiApp.so.6	kirigami-addons
neochat	libKirigamiPlatform.so.6	kirigami
neochat	libOpenGL.so.0	libglvnd
neochat	libQCoro6Core.so.0	qcoro
neochat	libQCoro6Network.so.0	qcoro
neochat	libQt6Core.so.6	qt6
neochat	libQt6DBus.so.6	qt6
neochat	libQt6Gui.so.6	qt6
neochat	libQt6Multimedia.so.6	qt6
neochat	libQt6Network.so.6	qt6
neochat	libQt6OpenGL.so.6	qt6
neochat	libQt6Qml.so.6	qt6
neochat	libQt6Quick.so.6	qt6
neochat	libQt6QuickControls2.so.6	qt6
neochat	libQt6Sql.so.6	qt6
neochat	libQt6TextToSpeech.so.6	qt6
neochat	libQt6WebView.so.6	qt6
neochat	libQt6Widgets.so.6	qt6
neochat	libQuotientQt6.so.0.9	libQuotient
neochat	libX11.so.6	libX11
neochat	libc.so.6	aaa_glibc-solibs
neochat	libc.so.6	glibc
neochat	libcmark.so.0.31.2	cmark
neochat	libgcc_s.so.1	aaa_libraries
neochat	libgcc_s.so.1	gcc
neochat	libicuuc.so.78	icu4c
neochat	libm.so.6	aaa_glibc-solibs
neochat	libm.so.6	glibc
neochat	libolm.so.3	olm
neochat	libqt6keychain.so.1	qtkeychain
neochat	libstdc++.so.6	aaa_libraries
neochat	libstdc++.so.6	gcc-g++
neon	libc.so.6	aaa_glibc-solibs
neon	libc.so.6	glibc
neon	libcrypto.so.3	openssl
neon	libcrypto.so.3	openssl-solibs
neon	libexpat.so.1	aaa_libraries
neon	libexpat.so.1	expat
neon	libgssapi_krb5.so.2	aaa_libraries
neon	libgssapi_krb5.so.2	krb5
neon	libproxy.so.1	libproxy
neon	libssl.so.3	openssl
neon	libssl.so.3	openssl-solibs
neon	libz.so.1	aaa_libraries
neon	libz.so.1	zlib
net-snmp	ld-linux-x86-64.so.2	aaa_glibc-solibs
net-snmp	ld-linux-x86-64.so.2	glibc
net-snmp	libc.so.6	aaa_glibc-solibs
net-snmp	libc.so.6	glibc
net-snmp	libcrypt.so.2	aaa_glibc-solibs
net-snmp	libcrypt.so.2	glibc
net-snmp	libcrypto.so.3	openssl
net-snmp	libcrypto.so.3	openssl-solibs
net-snmp	libm.so.6	aaa_glibc-solibs
net-snmp	libm.so.6	glibc
net-snmp	libmariadb.so.3	mariadb
net-snmp	libncursesw.so.6	aaa_libraries
net-snmp	libncursesw.so.6	ncurses
net-snmp	libnl-3.so.200	libnl3
net-snmp	libnl-route-3.so.200	libnl3
net-snmp	libnsl.so.3	aaa_libraries
net-snmp	libnsl.so.3	libnsl
net-snmp	libpcap.so.1	libpcap
net-snmp	libpci.so.3	pciutils
net-snmp	libpcre.so.1	aaa_libraries
net-snmp	libpcre.so.1	pcre
net-snmp	libsensors.so.5	lm_sensors
net-snmp	libssl.so.3	openssl
net-snmp	libssl.so.3	openssl-solibs
net-snmp	libtinfo.so.6	aaa_libraries
net-snmp	libtinfo.so.6	ncurses
net-tools	libc.so.6	aaa_glibc-solibs
net-tools	libc.so.6	glibc
netatalk	ld-linux-x86-64.so.2	aaa_glibc-solibs
netatalk	ld-linux-x86-64.so.2	glibc
netatalk	libacl.so.1	aaa_libraries
netatalk	libacl.so.1	acl
netatalk	libavahi-client.so.3	avahi
netatalk	libavahi-common.so.3	avahi
netatalk	libbstring.so.1	bstring
netatalk	libc.so.6	aaa_glibc-solibs
netatalk	libc.so.6	glibc
netatalk	libcrack.so.2	cracklib
netatalk	libcrypt.so.2	aaa_glibc-solibs
netatalk	libcrypt.so.2	glibc
netatalk	libdb-4.8.so	aaa_libraries
netatalk	libdb-4.8.so	db48
netatalk	libevent-2.1.so.7	libevent
netatalk	libgcc_s.so.1	aaa_libraries
netatalk	libgcc_s.so.1	gcc
netatalk	libgcrypt.so.20	libgcrypt
netatalk	libgssapi_krb5.so.2	aaa_libraries
netatalk	libgssapi_krb5.so.2	krb5
netatalk	libiniparser.so.4	iniparser
netatalk	libkrb5.so.3	aaa_libraries
netatalk	libkrb5.so.3	krb5
netatalk	libldap.so.2	aaa_libraries
netatalk	libldap.so.2	openldap
netatalk	libm.so.6	aaa_glibc-solibs
netatalk	libm.so.6	glibc
netatalk	libmagic.so.1	file
netatalk	libmariadb.so.3	mariadb
netatalk	libnsl.so.3	aaa_libraries
netatalk	libnsl.so.3	libnsl
netatalk	libpam.so.0	pam
netatalk	libsqlite3.so.0	sqlite
netatalk	libstdc++.so.6	aaa_libraries
netatalk	libstdc++.so.6	gcc-g++
netatalk	libtalloc.so.2	talloc
netatalk	libtirpc.so.3	aaa_libraries
netatalk	libtirpc.so.3	libtirpc
netatalk	libunwind.so.8	aaa_libraries
netatalk	libunwind.so.8	libunwind
netatalk	libxapian.so.45	xapian-core
netdate	libc.so.6	aaa_glibc-solibs
netdate	libc.so.6	glibc
netkit-bootparamd	libc.so.6	aaa_glibc-solibs
netkit-bootparamd	libc.so.6	glibc
netkit-bootparamd	libtirpc.so.3	aaa_libraries
netkit-bootparamd	libtirpc.so.3	libtirpc
netkit-ftp	libc.so.6	aaa_glibc-solibs
netkit-ftp	libc.so.6	glibc
netkit-ftp	libncursesw.so.6	aaa_libraries
netkit-ftp	libncursesw.so.6	ncurses
netkit-ftp	libreadline.so.8	aaa_libraries
netkit-ftp	libreadline.so.8	readline
netkit-ftp	libtinfo.so.6	aaa_libraries
netkit-ftp	libtinfo.so.6	ncurses
netkit-ntalk	libc.so.6	aaa_glibc-solibs
netkit-ntalk	libc.so.6	glibc
netkit-ntalk	libncursesw.so.6	aaa_libraries
netkit-ntalk	libncursesw.so.6	ncurses
netkit-ntalk	libtinfo.so.6	aaa_libraries
netkit-ntalk	libtinfo.so.6	ncurses
netkit-routed	libc.so.6	aaa_glibc-solibs
netkit-routed	libc.so.6	glibc
netkit-rsh	libc.so.6	aaa_glibc-solibs
netkit-rsh	libc.so.6	glibc
netkit-rsh	libcrypt.so.2	aaa_glibc-solibs
netkit-rsh	libcrypt.so.2	glibc
netkit-rsh	libpam.so.0	pam
netkit-rsh	libpam_misc.so.0	pam
netkit-rusers	libc.so.6	aaa_glibc-solibs
netkit-rusers	libc.so.6	glibc
netkit-rusers	libtirpc.so.3	aaa_libraries
netkit-rusers	libtirpc.so.3	libtirpc
netkit-rwall	libc.so.6	aaa_glibc-solibs
netkit-rwall	libc.so.6	glibc
netkit-rwall	libtirpc.so.3	aaa_libraries
netkit-rwall	libtirpc.so.3	libtirpc
netkit-rwho	libc.so.6	aaa_glibc-solibs
netkit-rwho	libc.so.6	glibc
netkit-timed	libc.so.6	aaa_glibc-solibs
netkit-timed	libc.so.6	glibc
netpbm	libX11.so.6	libX11
netpbm	libc.so.6	aaa_glibc-solibs
netpbm	libc.so.6	glibc
netpbm	libjpeg.so.62	aaa_libraries
netpbm	libjpeg.so.62	libjpeg-turbo
netpbm	libm.so.6	aaa_glibc-solibs
netpbm	libm.so.6	glibc
netpbm	libmvec.so.1	aaa_glibc-solibs
netpbm	libmvec.so.1	glibc
netpbm	libpng16.so.16	aaa_libraries
netpbm	libpng16.so.16	libpng
netpbm	libtiff.so.6	aaa_libraries
netpbm	libtiff.so.6	libtiff
netpbm	libvga.so.1	aaa_libraries
netpbm	libvga.so.1	svgalib
netpbm	libxml2.so.16	libxml2
netpbm	libz.so.1	aaa_libraries
netpbm	libz.so.1	zlib
netpipes	libc.so.6	aaa_glibc-solibs
netpipes	libc.so.6	glibc
nettle	libc.so.6	aaa_glibc-solibs
nettle	libc.so.6	glibc
nettle	libgmp.so.10	aaa_libraries
nettle	libgmp.so.10	gmp
netwatch	libc.so.6	aaa_glibc-solibs
netwatch	libc.so.6	glibc
netwatch	libncursesw.so.6	aaa_libraries
netwatch	libncursesw.so.6	ncurses
netwatch	libtinfo.so.6	aaa_libraries
netwatch	libtinfo.so.6	ncurses
network-manager-applet	libappindicator3.so.1	libappindicator
network-manager-applet	libatk-1.0.so.0	at-spi2-core
network-manager-applet	libc.so.6	aaa_glibc-solibs
network-manager-applet	libc.so.6	glibc
network-manager-applet	libcairo.so.2	cairo
network-manager-applet	libgdk-3.so.0	gtk+3
network-manager-applet	libgdk_pixbuf-2.0.so.0	gdk-pixbuf2
network-manager-applet	libgio-2.0.so.0	glib2
network-manager-applet	libglib-2.0.so.0	aaa_libraries
network-manager-applet	libglib-2.0.so.0	glib2
network-manager-applet	libgobject-2.0.so.0	aaa_libraries
network-manager-applet	libgobject-2.0.so.0	glib2
network-manager-applet	libgtk-3.so.0	gtk+3
network-manager-applet	libmm-glib.so.0	ModemManager
network-manager-applet	libnm.so.0	NetworkManager
network-manager-applet	libnma.so.0	libnma
network-manager-applet	libpango-1.0.so.0	pango
network-manager-applet	libpangocairo-1.0.so.0	pango
network-manager-applet	libsecret-1.so.0	libsecret
networkmanager-qt	libQt6Core.so.6	qt6
networkmanager-qt	libQt6DBus.so.6	qt6
networkmanager-qt	libQt6Network.so.6	qt6
networkmanager-qt	libQt6Qml.so.6	qt6
networkmanager-qt	libc.so.6	aaa_glibc-solibs
networkmanager-qt	libc.so.6	glibc
networkmanager-qt	libgcc_s.so.1	aaa_libraries
networkmanager-qt	libgcc_s.so.1	gcc
networkmanager-qt	libgio-2.0.so.0	glib2
networkmanager-qt	libglib-2.0.so.0	aaa_libraries
networkmanager-qt	libglib-2.0.so.0	glib2
networkmanager-qt	libgobject-2.0.so.0	aaa_libraries
networkmanager-qt	libgobject-2.0.so.0	glib2
networkmanager-qt	libm.so.6	aaa_glibc-solibs
networkmanager-qt	libm.so.6	glibc
networkmanager-qt	libnm.so.0	NetworkManager
networkmanager-qt	libstdc++.so.6	aaa_libraries
networkmanager-qt	libstdc++.so.6	gcc-g++
netwrite	libc.so.6	aaa_glibc-solibs
netwrite	libc.so.6	glibc
newspost	libc.so.6	aaa_glibc-solibs
newspost	libc.so.6	glibc
newt	libc.so.6	aaa_glibc-solibs
newt	libc.so.6	glibc
newt	libm.so.6	aaa_glibc-solibs
newt	libm.so.6	glibc
newt	libpopt.so.0	aaa_libraries
newt	libpopt.so.0	popt
newt	libpython3.12.so.1.0	python3
newt	libslang.so.2	aaa_libraries
newt	libslang.so.2	slang
nfacct	libc.so.6	aaa_glibc-solibs
nfacct	libc.so.6	glibc
nfacct	libmnl.so.0	libmnl
nfacct	libnetfilter_acct.so.1	libnetfilter_acct
nfs-utils	libblkid.so.1	util-linux
nfs-utils	libc.so.6	aaa_glibc-solibs
nfs-utils	libc.so.6	glibc
nfs-utils	libcap.so.2	aaa_libraries
nfs-utils	libcap.so.2	libcap
nfs-utils	libcom_err.so.2	e2fsprogs
nfs-utils	libdevmapper.so.1.02	aaa_libraries
nfs-utils	libdevmapper.so.1.02	lvm2
nfs-utils	libevent_core-2.1.so.7	libevent
nfs-utils	libgssapi_krb5.so.2	aaa_libraries
nfs-utils	libgssapi_krb5.so.2	krb5
nfs-utils	libk5crypto.so.3	aaa_libraries
nfs-utils	libk5crypto.so.3	krb5
nfs-utils	libkeyutils.so.1	aaa_libraries
nfs-utils	libkeyutils.so.1	keyutils
nfs-utils	libkrb5.so.3	aaa_libraries
nfs-utils	libkrb5.so.3	krb5
nfs-utils	libldap.so.2	aaa_libraries
nfs-utils	libldap.so.2	openldap
nfs-utils	libmount.so.1	util-linux
nfs-utils	libnl-3.so.200	libnl3
nfs-utils	libnl-genl-3.so.200	libnl3
nfs-utils	libreadline.so.8	aaa_libraries
nfs-utils	libreadline.so.8	readline
nfs-utils	libresolv.so.2	aaa_glibc-solibs
nfs-utils	libresolv.so.2	glibc
nfs-utils	libsqlite3.so.0	sqlite
nfs-utils	libtirpc.so.3	aaa_libraries
nfs-utils	libtirpc.so.3	libtirpc
nfs-utils	libuuid.so.1	util-linux
nfs-utils	libxml2.so.16	libxml2
nftables	libc.so.6	aaa_glibc-solibs
nftables	libc.so.6	glibc
nftables	libgmp.so.10	aaa_libraries
nftables	libgmp.so.10	gmp
nftables	libjansson.so.4	jansson
nftables	libmnl.so.0	libmnl
nftables	libncursesw.so.6	aaa_libraries
nftables	libncursesw.so.6	ncurses
nftables	libnftnl.so.11	libnftnl
nftables	libreadline.so.8	aaa_libraries
nftables	libreadline.so.8	readline
nftables	libtinfo.so.6	aaa_libraries
nftables	libtinfo.so.6	ncurses
nftables	libxtables.so.12	iptables
nghttp2	libc.so.6	aaa_glibc-solibs
nghttp2	libc.so.6	glibc
nghttp3	libc.so.6	aaa_glibc-solibs
nghttp3	libc.so.6	glibc
ngtcp2	libc.so.6	aaa_glibc-solibs
ngtcp2	libc.so.6	glibc
ngtcp2	libcrypto.so.3	openssl
ngtcp2	libcrypto.so.3	openssl-solibs
ngtcp2	libssl.so.3	openssl
ngtcp2	libssl.so.3	openssl-solibs
ninja	libc.so.6	aaa_glibc-solibs
ninja	libc.so.6	glibc
ninja	libgcc_s.so.1	aaa_libraries
ninja	libgcc_s.so.1	gcc
ninja	libm.so.6	aaa_glibc-solibs
ninja	libm.so.6	glibc
ninja	libstdc++.so.6	aaa_libraries
ninja	libstdc++.so.6	gcc-g++
nmap	libc.so.6	aaa_glibc-solibs
nmap	libc.so.6	glibc
nmap	libcrypto.so.3	openssl
nmap	libcrypto.so.3	openssl-solibs
nmap	libgcc_s.so.1	aaa_libraries
nmap	libgcc_s.so.1	gcc
nmap	liblua.so.5	lua
nmap	libm.so.6	aaa_glibc-solibs
nmap	libm.so.6	glibc
nmap	libnl.so.1	libnl
nmap	libpcap.so.1	libpcap
nmap	libpcre2-8.so.0	aaa_libraries
nmap	libpcre2-8.so.0	pcre2
nmap	libssh2.so.1	aaa_libraries
nmap	libssh2.so.1	libssh2
nmap	libssl.so.3	openssl
nmap	libssl.so.3	openssl-solibs
nmap	libstdc++.so.6	aaa_libraries
nmap	libstdc++.so.6	gcc-g++
nmap	libz.so.1	aaa_libraries
nmap	libz.so.1	zlib
nn	libc.so.6	aaa_glibc-solibs
nn	libc.so.6	glibc
nn	libncursesw.so.6	aaa_libraries
nn	libncursesw.so.6	ncurses
nn	libtinfo.so.6	aaa_libraries
nn	libtinfo.so.6	ncurses
nodejs	ld-linux-x86-64.so.2	aaa_glibc-solibs
nodejs	ld-linux-x86-64.so.2	glibc
nodejs	libbrotlidec.so.1	brotli
nodejs	libbrotlienc.so.1	brotli
nodejs	libc.so.6	aaa_glibc-solibs
nodejs	libc.so.6	glibc
nodejs	libcares.so.2	aaa_libraries
nodejs	libcares.so.2	c-ares
nodejs	libcrypto.so.3	openssl
nodejs	libcrypto.so.3	openssl-solibs
nodejs	libgcc_s.so.1	aaa_libraries
nodejs	libgcc_s.so.1	gcc
nodejs	libicui18n.so.78	icu4c
nodejs	libicuuc.so.78	icu4c
nodejs	libm.so.6	aaa_glibc-solibs
nodejs	libm.so.6	glibc
nodejs	libnghttp2.so.14	nghttp2
nodejs	libnghttp3.so.9	nghttp3
nodejs	libssl.so.3	openssl
nodejs	libssl.so.3	openssl-solibs
nodejs	libstdc++.so.6	aaa_libraries
nodejs	libstdc++.so.6	gcc-g++
nodejs	libuv.so.1	libuv
nodejs	libz.so.1	aaa_libraries
nodejs	libz.so.1	zlib
normalize	libX11.so.6	libX11
normalize	libXext.so.6	libXext
normalize	libXi.so.6	libXi
normalize	libc.so.6	aaa_glibc-solibs
normalize	libc.so.6	glibc
normalize	libgdk-1.2.so.0	gtk+
normalize	libglib-1.2.so.0	glib
normalize	libgmodule-1.2.so.0	glib
normalize	libgthread-1.2.so.0	glib
normalize	libgtk-1.2.so.0	gtk+
normalize	libm.so.6	aaa_glibc-solibs
normalize	libm.so.6	glibc
normalize	libmad.so.0	libmad
normalize	libxmms.so.1	xmms
npth	libc.so.6	aaa_glibc-solibs
npth	libc.so.6	glibc
nss-mdns	libc.so.6	aaa_glibc-solibs
nss-mdns	libc.so.6	glibc
nss-pam-ldapd	ld-linux-x86-64.so.2	aaa_glibc-solibs
nss-pam-ldapd	ld-linux-x86-64.so.2	glibc
nss-pam-ldapd	libc.so.6	aaa_glibc-solibs
nss-pam-ldapd	libc.so.6	glibc
nss-pam-ldapd	libgssapi_krb5.so.2	aaa_libraries
nss-pam-ldapd	libgssapi_krb5.so.2	krb5
nss-pam-ldapd	liblber.so.2	aaa_libraries
nss-pam-ldapd	liblber.so.2	openldap
nss-pam-ldapd	libldap.so.2	aaa_libraries
nss-pam-ldapd	libldap.so.2	openldap
nss-pam-ldapd	libpam.so.0	pam
ntfs-3g	libc.so.6	aaa_glibc-solibs
ntfs-3g	libc.so.6	glibc
ntfs-3g	libuuid.so.1	util-linux
ntp	libc.so.6	aaa_glibc-solibs
ntp	libc.so.6	glibc
ntp	libcap.so.2	aaa_libraries
ntp	libcap.so.2	libcap
ntp	libcrypto.so.3	openssl
ntp	libcrypto.so.3	openssl-solibs
ntp	libedit.so.0	libedit
ntp	libevent_core-2.1.so.7	libevent
ntp	libevent_pthreads-2.1.so.7	libevent
ntp	libm.so.6	aaa_glibc-solibs
ntp	libm.so.6	glibc
ntp	libnetsnmp.so.45	net-snmp
ntp	libnetsnmpagent.so.45	net-snmp
ntp	libnetsnmpmibs.so.45	net-snmp
ntp	libnl-3.so.200	libnl3
ntp	libnl-route-3.so.200	libnl3
ntp	libnsl.so.3	aaa_libraries
ntp	libnsl.so.3	libnsl
ntp	libpci.so.3	pciutils
ntp	libpcre.so.1	aaa_libraries
ntp	libpcre.so.1	pcre
ntp	libsensors.so.5	lm_sensors
ntp	libssl.so.3	openssl
ntp	libssl.so.3	openssl-solibs
nut	libc.so.6	aaa_glibc-solibs
nut	libc.so.6	glibc
nut	libcrypto.so.3	openssl
nut	libcrypto.so.3	openssl-solibs
nut	libgcc_s.so.1	aaa_libraries
nut	libgcc_s.so.1	gcc
nut	libgio-2.0.so.0	glib2
nut	libglib-2.0.so.0	aaa_libraries
nut	libglib-2.0.so.0	glib2
nut	libgobject-2.0.so.0	aaa_libraries
nut	libgobject-2.0.so.0	glib2
nut	libltdl.so.7	aaa_libraries
nut	libltdl.so.7	libtool
nut	libm.so.6	aaa_glibc-solibs
nut	libm.so.6	glibc
nut	libneon.so.27	neon
nut	libnetsnmp.so.45	net-snmp
nut	libnsl.so.3	aaa_libraries
nut	libnsl.so.3	libnsl
nut	libssl.so.3	openssl
nut	libssl.so.3	openssl-solibs
nut	libstdc++.so.6	aaa_libraries
nut	libstdc++.so.6	gcc-g++
nut	libusb-1.0.so.0	aaa_libraries
nut	libusb-1.0.so.0	libusb
nvi	libc.so.6	aaa_glibc-solibs
nvi	libc.so.6	glibc
nvi	libdb-4.8.so	aaa_libraries
nvi	libdb-4.8.so	db48
nvi	libncursesw.so.6	aaa_libraries
nvi	libncursesw.so.6	ncurses
nvi	libtinfo.so.6	aaa_libraries
nvi	libtinfo.so.6	ncurses
nvme-cli	libc.so.6	aaa_glibc-solibs
nvme-cli	libc.so.6	glibc
nvme-cli	libcrypto.so.3	openssl
nvme-cli	libcrypto.so.3	openssl-solibs
nvme-cli	libjson-c.so.5	aaa_libraries
nvme-cli	libjson-c.so.5	json-c
nvme-cli	libkeyutils.so.1	aaa_libraries
nvme-cli	libkeyutils.so.1	keyutils
nvme-cli	libkmod.so.2	kmod
obexftp	ld-linux-x86-64.so.2	aaa_glibc-solibs
obexftp	ld-linux-x86-64.so.2	glibc
obexftp	libbluetooth.so.3	bluez
obexftp	libc.so.6	aaa_glibc-solibs
obexftp	libc.so.6	glibc
obexftp	libexpat.so.1	aaa_libraries
obexftp	libexpat.so.1	expat
obexftp	libfuse.so.2	aaa_libraries
obexftp	libfuse.so.2	fuse
obexftp	libopenobex.so.2	openobex
ocl-icd	ld-linux-x86-64.so.2	aaa_glibc-solibs
ocl-icd	ld-linux-x86-64.so.2	glibc
ocl-icd	libc.so.6	aaa_glibc-solibs
ocl-icd	libc.so.6	glibc
oclock	libX11.so.6	libX11
oclock	libXext.so.6	libXext
oclock	libXmu.so.6	libXmu
oclock	libXt.so.6	libXt
oclock	libc.so.6	aaa_glibc-solibs
oclock	libc.so.6	glibc
oclock	libm.so.6	aaa_glibc-solibs
oclock	libm.so.6	glibc
oclock	libxkbfile.so.1	libxkbfile
okteta	libKF5Attica.so.5	attica5
okteta	libKF5Auth.so.5	kauth5
okteta	libKF5AuthCore.so.5	kauth5
okteta	libKF5Bookmarks.so.5	kbookmarks5
okteta	libKF5Codecs.so.5	kcodecs5
okteta	libKF5Completion.so.5	kcompletion5
okteta	libKF5ConfigCore.so.5	kconfig5
okteta	libKF5ConfigGui.so.5	kconfig5
okteta	libKF5ConfigWidgets.so.5	kconfigwidgets5
okteta	libKF5CoreAddons.so.5	kcoreaddons5
okteta	libKF5Crash.so.5	kcrash5
okteta	libKF5DBusAddons.so.5	kdbusaddons5
okteta	libKF5I18n.so.5	ki18n5
okteta	libKF5IconThemes.so.5	kiconthemes5
okteta	libKF5ItemViews.so.5	kitemviews5
okteta	libKF5JobWidgets.so.5	kjobwidgets5
okteta	libKF5KCMUtils.so.5	kcmutils5
okteta	libKF5KIOCore.so.5	kio5
okteta	libKF5KIOFileWidgets.so.5	kio5
okteta	libKF5KIOGui.so.5	kio5
okteta	libKF5KIOWidgets.so.5	kio5
okteta	libKF5NewStuff.so.5	knewstuff5
okteta	libKF5NewStuffCore.so.5	knewstuff5
okteta	libKF5Parts.so.5	kparts5
okteta	libKF5Service.so.5	kservice5
okteta	libKF5Solid.so.5	solid5
okteta	libKF5SonnetUi.so.5	sonnet5
okteta	libKF5TextWidgets.so.5	ktextwidgets5
okteta	libKF5WidgetsAddons.so.5	kwidgetsaddons5
okteta	libKF5WindowSystem.so.5	kwindowsystem5
okteta	libKF5XmlGui.so.5	kxmlgui5
okteta	libQt5Concurrent.so.5	qt5
okteta	libQt5Core.so.5	qt5
okteta	libQt5DBus.so.5	qt5
okteta	libQt5Gui.so.5	qt5
okteta	libQt5Network.so.5	qt5
okteta	libQt5PrintSupport.so.5	qt5
okteta	libQt5Qml.so.5	qt5
okteta	libQt5Script.so.5	qt5
okteta	libQt5Widgets.so.5	qt5
okteta	libQt5Xml.so.5	qt5
okteta	libX11.so.6	libX11
okteta	libc.so.6	aaa_glibc-solibs
okteta	libc.so.6	glibc
okteta	libgcc_s.so.1	aaa_libraries
okteta	libgcc_s.so.1	gcc
okteta	libm.so.6	aaa_glibc-solibs
okteta	libm.so.6	glibc
okteta	libqca-qt5.so.2	qca
okteta	libstdc++.so.6	aaa_libraries
okteta	libstdc++.so.6	gcc-g++
okular	ld-linux-x86-64.so.2	aaa_glibc-solibs
okular	ld-linux-x86-64.so.2	glibc
okular	libGLX.so.0	libglvnd
okular	libKExiv2Qt6.so.0	libkexiv2
okular	libKF6Archive.so.6	karchive
okular	libKF6Bookmarks.so.6	kbookmarks
okular	libKF6ColorScheme.so.6	kcolorscheme
okular	libKF6Completion.so.6	kcompletion
okular	libKF6ConfigCore.so.6	kconfig
okular	libKF6ConfigGui.so.6	kconfig
okular	libKF6ConfigWidgets.so.6	kconfigwidgets
okular	libKF6CoreAddons.so.6	kcoreaddons
okular	libKF6Crash.so.6	kcrash
okular	libKF6GuiAddons.so.6	kguiaddons
okular	libKF6I18n.so.6	ki18n
okular	libKF6IconThemes.so.6	kiconthemes
okular	libKF6JobWidgets.so.6	kjobwidgets
okular	libKF6KIOCore.so.6	kio
okular	libKF6KIOGui.so.6	kio
okular	libKF6KIOWidgets.so.6	kio
okular	libKF6Parts.so.6	kparts
okular	libKF6Purpose.so.6	purpose
okular	libKF6PurposeWidgets.so.6	purpose
okular	libKF6Service.so.6	kservice
okular	libKF6SonnetUi.so.6	sonnet
okular	libKF6TextWidgets.so.6	ktextwidgets
okular	libKF6ThreadWeaver.so.6	threadweaver
okular	libKF6Wallet.so.6	kwallet
okular	libKF6WidgetsAddons.so.6	kwidgetsaddons
okular	libKF6WindowSystem.so.6	kwindowsystem
okular	libKF6XmlGui.so.6	kxmlgui
okular	libOpenGL.so.0	libglvnd
okular	libQMobipocket6.so.3	kdegraphics-mobipocket
okular	libQt6Core.so.6	qt6
okular	libQt6DBus.so.6	qt6
okular	libQt6Gui.so.6	qt6
okular	libQt6Multimedia.so.6	qt6
okular	libQt6Network.so.6	qt6
okular	libQt6PrintSupport.so.6	qt6
okular	libQt6Qml.so.6	qt6
okular	libQt6Svg.so.6	qt6
okular	libQt6TextToSpeech.so.6	qt6
okular	libQt6Widgets.so.6	qt6
okular	libQt6Xml.so.6	qt6
okular	libX11.so.6	libX11
okular	libc.so.6	aaa_glibc-solibs
okular	libc.so.6	glibc
okular	libdjvulibre.so.21	djvulibre
okular	libepub.so.0	ebook-tools
okular	libfreetype.so.6	freetype
okular	libgcc_s.so.1	aaa_libraries
okular	libgcc_s.so.1	gcc
okular	libm.so.6	aaa_glibc-solibs
okular	libm.so.6	glibc
okular	libphonon4qt6.so.4	phonon
okular	libpoppler-qt6.so.3	poppler
okular	libpoppler.so.165	poppler
okular	libspectre.so.1	libspectre
okular	libstdc++.so.6	aaa_libraries
okular	libstdc++.so.6	gcc-g++
okular	libtiff.so.6	aaa_libraries
okular	libtiff.so.6	libtiff
okular	libxkbcommon.so.0	aaa_libraries
okular	libxkbcommon.so.0	libxkbcommon
okular	libz.so.1	aaa_libraries
okular	libz.so.1	zlib
olm	libc.so.6	aaa_glibc-solibs
olm	libc.so.6	glibc
olm	libgcc_s.so.1	aaa_libraries
olm	libgcc_s.so.1	gcc
olm	libm.so.6	aaa_glibc-solibs
olm	libm.so.6	glibc
olm	libstdc++.so.6	aaa_libraries
olm	libstdc++.so.6	gcc-g++
oniguruma	libc.so.6	aaa_glibc-solibs
oniguruma	libc.so.6	glibc
openal-soft	ld-linux-x86-64.so.2	aaa_glibc-solibs
openal-soft	ld-linux-x86-64.so.2	glibc
openal-soft	libGLX.so.0	libglvnd
openal-soft	libOpenGL.so.0	libglvnd
openal-soft	libQt6Core.so.6	qt6
openal-soft	libQt6Gui.so.6	qt6
openal-soft	libQt6Widgets.so.6	qt6
openal-soft	libatomic.so.1	aaa_libraries
openal-soft	libatomic.so.1	gcc
openal-soft	libc.so.6	aaa_glibc-solibs
openal-soft	libc.so.6	glibc
openal-soft	libgcc_s.so.1	aaa_libraries
openal-soft	libgcc_s.so.1	gcc
openal-soft	libm.so.6	aaa_glibc-solibs
openal-soft	libm.so.6	glibc
openal-soft	libstdc++.so.6	aaa_libraries
openal-soft	libstdc++.so.6	gcc-g++
openblas	ld-linux-x86-64.so.2	aaa_glibc-solibs
openblas	ld-linux-x86-64.so.2	glibc
openblas	libc.so.6	aaa_glibc-solibs
openblas	libc.so.6	glibc
openblas	libgfortran.so.5	gcc-gfortran
openblas	libgomp.so.1	aaa_libraries
openblas	libgomp.so.1	gcc
openblas	libm.so.6	aaa_glibc-solibs
openblas	libm.so.6	glibc
opencv	ld-linux-x86-64.so.2	aaa_glibc-solibs
opencv	ld-linux-x86-64.so.2	glibc
opencv	libGL.so.1	libglvnd
opencv	libOpenEXR-3_5.so.34	openexr
opencv	libQt6Core.so.6	qt6
opencv	libQt6Gui.so.6	qt6
opencv	libQt6OpenGLWidgets.so.6	qt6
opencv	libQt6Test.so.6	qt6
opencv	libQt6Widgets.so.6	qt6
opencv	libavcodec.so.63	ffmpeg
opencv	libavdevice.so.63	ffmpeg
opencv	libavformat.so.63	ffmpeg
opencv	libavutil.so.61	ffmpeg
opencv	libc.so.6	aaa_glibc-solibs
opencv	libc.so.6	glibc
opencv	libfreetype.so.6	freetype
opencv	libgcc_s.so.1	aaa_libraries
opencv	libgcc_s.so.1	gcc
opencv	libglib-2.0.so.0	aaa_libraries
opencv	libglib-2.0.so.0	glib2
opencv	libgobject-2.0.so.0	aaa_libraries
opencv	libgobject-2.0.so.0	glib2
opencv	libgomp.so.1	aaa_libraries
opencv	libgomp.so.1	gcc
opencv	libgstapp-1.0.so.0	gst-plugins-base
opencv	libgstaudio-1.0.so.0	gst-plugins-base
opencv	libgstbase-1.0.so.0	gstreamer
opencv	libgstpbutils-1.0.so.0	gst-plugins-base
opencv	libgstreamer-1.0.so.0	gstreamer
opencv	libgstriff-1.0.so.0	gst-plugins-base
opencv	libgstvideo-1.0.so.0	gst-plugins-base
opencv	libharfbuzz.so.0	harfbuzz
opencv	libjpeg.so.62	aaa_libraries
opencv	libjpeg.so.62	libjpeg-turbo
opencv	libm.so.6	aaa_glibc-solibs
opencv	libm.so.6	glibc
opencv	libopenblas.so.0	openblas
opencv	libopenjp2.so.7	openjpeg
opencv	libpng16.so.16	aaa_libraries
opencv	libpng16.so.16	libpng
opencv	libstdc++.so.6	aaa_libraries
opencv	libstdc++.so.6	gcc-g++
opencv	libswscale.so.10	ffmpeg
opencv	libtesseract.so.5	tesseract
opencv	libtiff.so.6	aaa_libraries
opencv	libtiff.so.6	libtiff
opencv	libwebp.so.7	libwebp
opencv	libwebpdemux.so.2	libwebp
opencv	libwebpmux.so.3	libwebp
opencv	libz.so.1	aaa_libraries
opencv	libz.so.1	zlib
openexr	ld-linux-x86-64.so.2	aaa_glibc-solibs
openexr	ld-linux-x86-64.so.2	glibc
openexr	libImath-3_2.so.30	Imath
openexr	libc.so.6	aaa_glibc-solibs
openexr	libc.so.6	glibc
openexr	libdeflate.so.0	libdeflate
openexr	libgcc_s.so.1	aaa_libraries
openexr	libgcc_s.so.1	gcc
openexr	libm.so.6	aaa_glibc-solibs
openexr	libm.so.6	glibc
openexr	libopenjph.so.0.32	openjph
openexr	libstdc++.so.6	aaa_libraries
openexr	libstdc++.so.6	gcc-g++
openexr	libzstd.so.1	aaa_libraries
openexr	libzstd.so.1	zstd
openjpeg	libc.so.6	aaa_glibc-solibs
openjpeg	libc.so.6	glibc
openjpeg	libm.so.6	aaa_glibc-solibs
openjpeg	libm.so.6	glibc
openjph	ld-linux-x86-64.so.2	aaa_glibc-solibs
openjph	ld-linux-x86-64.so.2	glibc
openjph	libc.so.6	aaa_glibc-solibs
openjph	libc.so.6	glibc
openjph	libgcc_s.so.1	aaa_libraries
openjph	libgcc_s.so.1	gcc
openjph	libm.so.6	aaa_glibc-solibs
openjph	libm.so.6	glibc
openjph	libstdc++.so.6	aaa_libraries
openjph	libstdc++.so.6	gcc-g++
openjph	libtiff.so.6	aaa_libraries
openjph	libtiff.so.6	libtiff
openldap	libc.so.6	aaa_glibc-solibs
openldap	libc.so.6	glibc
openldap	libcrypt.so.2	aaa_glibc-solibs
openldap	libcrypt.so.2	glibc
openldap	libcrypto.so.3	openssl
openldap	libcrypto.so.3	openssl-solibs
openldap	liblber.so.2	aaa_libraries
openldap	libldap.so.2	aaa_libraries
openldap	libltdl.so.7	aaa_libraries
openldap	libltdl.so.7	libtool
openldap	libnsl.so.3	aaa_libraries
openldap	libnsl.so.3	libnsl
openldap	libsasl2.so.3	cyrus-sasl
openldap	libsodium.so.26	libsodium
openldap	libssl.so.3	openssl
openldap	libssl.so.3	openssl-solibs
openldap	libuuid.so.1	util-linux
openobex	libbluetooth.so.3	bluez
openobex	libc.so.6	aaa_glibc-solibs
openobex	libc.so.6	glibc
openobex	libusb-1.0.so.0	aaa_libraries
openobex	libusb-1.0.so.0	libusb
openrsync	libc.so.6	aaa_glibc-solibs
openrsync	libc.so.6	glibc
openrsync	libm.so.6	aaa_glibc-solibs
openrsync	libm.so.6	glibc
opensc	libc.so.6	aaa_glibc-solibs
opensc	libc.so.6	glibc
opensc	libcrypto.so.3	openssl
opensc	libcrypto.so.3	openssl-solibs
opensc	libgio-2.0.so.0	glib2
opensc	libgobject-2.0.so.0	aaa_libraries
opensc	libgobject-2.0.so.0	glib2
opensc	libreadline.so.8	aaa_libraries
opensc	libreadline.so.8	readline
opensc	libz.so.1	aaa_libraries
opensc	libz.so.1	zlib
openssh	libc.so.6	aaa_glibc-solibs
openssh	libc.so.6	glibc
openssh	libcom_err.so.2	e2fsprogs
openssh	libcrypt.so.2	aaa_glibc-solibs
openssh	libcrypt.so.2	glibc
openssh	libcrypto.so.3	openssl
openssh	libcrypto.so.3	openssl-solibs
openssh	libedit.so.0	libedit
openssh	libfido2.so.1	libfido2
openssh	libgssapi_krb5.so.2	aaa_libraries
openssh	libgssapi_krb5.so.2	krb5
openssh	libk5crypto.so.3	aaa_libraries
openssh	libk5crypto.so.3	krb5
openssh	libkrb5.so.3	aaa_libraries
openssh	libkrb5.so.3	krb5
openssh	libnsl.so.3	aaa_libraries
openssh	libnsl.so.3	libnsl
openssh	libpam.so.0	pam
openssh	libz.so.1	aaa_libraries
openssh	libz.so.1	zlib
openssl	libc.so.6	aaa_glibc-solibs
openssl	libc.so.6	glibc
openssl	libcrypto.so.3	openssl-solibs
openssl	libssl.so.3	openssl-solibs
openssl	libz.so.1	aaa_libraries
openssl	libz.so.1	zlib
openssl-solibs	libc.so.6	aaa_glibc-solibs
openssl-solibs	libc.so.6	glibc
openssl-solibs	libcrypto.so.3	openssl
openssl-solibs	libz.so.1	aaa_libraries
openssl-solibs	libz.so.1	zlib
opentimelineio	libImath-3_2.so.30	Imath
opentimelineio	libc.so.6	aaa_glibc-solibs
opentimelineio	libc.so.6	glibc
opentimelineio	libgcc_s.so.1	aaa_libraries
opentimelineio	libgcc_s.so.1	gcc
opentimelineio	libm.so.6	aaa_glibc-solibs
opentimelineio	libm.so.6	glibc
opentimelineio	libstdc++.so.6	aaa_libraries
opentimelineio	libstdc++.so.6	gcc-g++
openvpn	libc.so.6	aaa_glibc-solibs
openvpn	libc.so.6	glibc
openvpn	libcap-ng.so.0	libcap-ng
openvpn	libcrypto.so.3	openssl
openvpn	libcrypto.so.3	openssl-solibs
openvpn	liblz4.so.1	lz4
openvpn	liblzo2.so.2	lzo
openvpn	libnsl.so.3	aaa_libraries
openvpn	libnsl.so.3	libnsl
openvpn	libpam.so.0	pam
openvpn	libresolv.so.2	aaa_glibc-solibs
openvpn	libresolv.so.2	glibc
openvpn	libssl.so.3	openssl
openvpn	libssl.so.3	openssl-solibs
oprofile	libbfd-2.47.so	binutils
oprofile	libc.so.6	aaa_glibc-solibs
oprofile	libc.so.6	glibc
oprofile	libgcc_s.so.1	aaa_libraries
oprofile	libgcc_s.so.1	gcc
oprofile	libm.so.6	aaa_glibc-solibs
oprofile	libm.so.6	glibc
oprofile	libpopt.so.0	aaa_libraries
oprofile	libpopt.so.0	popt
oprofile	libstdc++.so.6	aaa_libraries
oprofile	libstdc++.so.6	gcc-g++
opus	libc.so.6	aaa_glibc-solibs
opus	libc.so.6	glibc
opus	libm.so.6	aaa_glibc-solibs
opus	libm.so.6	glibc
opus-tools	libFLAC.so.14	flac
opus-tools	libc.so.6	aaa_glibc-solibs
opus-tools	libc.so.6	glibc
opus-tools	libm.so.6	aaa_glibc-solibs
opus-tools	libm.so.6	glibc
opus-tools	libogg.so.0	libogg
opus-tools	libopus.so.0	opus
opus-tools	libopusenc.so.0	libopusenc
opus-tools	libopusfile.so.0	opusfile
opus-tools	libopusurl.so.0	opusfile
opusfile	libc.so.6	aaa_glibc-solibs
opusfile	libc.so.6	glibc
opusfile	libcrypto.so.3	openssl
opusfile	libcrypto.so.3	openssl-solibs
opusfile	libm.so.6	aaa_glibc-solibs
opusfile	libm.so.6	glibc
opusfile	libogg.so.0	libogg
opusfile	libopus.so.0	opus
opusfile	libssl.so.3	openssl
opusfile	libssl.so.3	openssl-solibs
orc	libc.so.6	aaa_glibc-solibs
orc	libc.so.6	glibc
orc	libm.so.6	aaa_glibc-solibs
orc	libm.so.6	glibc
os-prober	libc.so.6	aaa_glibc-solibs
os-prober	libc.so.6	glibc
oxygen	libGLX.so.0	libglvnd
oxygen	libKF5Auth.so.5	kauth5
oxygen	libKF5AuthCore.so.5	kauth5
oxygen	libKF5Codecs.so.5	kcodecs5
oxygen	libKF5Completion.so.5	kcompletion5
oxygen	libKF5ConfigCore.so.5	kconfig5
oxygen	libKF5ConfigGui.so.5	kconfig5
oxygen	libKF5ConfigWidgets.so.5	kconfigwidgets5
oxygen	libKF5CoreAddons.so.5	kcoreaddons5
oxygen	libKF5GuiAddons.so.5	kguiaddons5
oxygen	libKF5I18n.so.5	ki18n5
oxygen	libKF5Style.so.5	frameworkintegration5
oxygen	libKF5WidgetsAddons.so.5	kwidgetsaddons5
oxygen	libKF5WindowSystem.so.5	kwindowsystem5
oxygen	libKF6ColorScheme.so.6	kcolorscheme
oxygen	libKF6Completion.so.6	kcompletion
oxygen	libKF6ConfigCore.so.6	kconfig
oxygen	libKF6ConfigGui.so.6	kconfig
oxygen	libKF6ConfigWidgets.so.6	kconfigwidgets
oxygen	libKF6CoreAddons.so.6	kcoreaddons
oxygen	libKF6GuiAddons.so.6	kguiaddons
oxygen	libKF6I18n.so.6	ki18n
oxygen	libKF6IconThemes.so.6	kiconthemes
oxygen	libKF6KCMUtils.so.6	kcmutils
oxygen	libKF6KCMUtilsCore.so.6	kcmutils
oxygen	libKF6KCMUtilsQuick.so.6	kcmutils
oxygen	libKF6Style.so.6	frameworkintegration
oxygen	libKF6WidgetsAddons.so.6	kwidgetsaddons
oxygen	libKF6WindowSystem.so.6	kwindowsystem
oxygen	libOpenGL.so.0	libglvnd
oxygen	libQt5Core.so.5	qt5
oxygen	libQt5DBus.so.5	qt5
oxygen	libQt5Gui.so.5	qt5
oxygen	libQt5Network.so.5	qt5
oxygen	libQt5Qml.so.5	qt5
oxygen	libQt5QmlModels.so.5	qt5
oxygen	libQt5Quick.so.5	qt5
oxygen	libQt5Widgets.so.5	qt5
oxygen	libQt5X11Extras.so.5	qt5
oxygen	libQt5Xml.so.5	qt5
oxygen	libQt6Core.so.6	qt6
oxygen	libQt6DBus.so.6	qt6
oxygen	libQt6Gui.so.6	qt6
oxygen	libQt6Network.so.6	qt6
oxygen	libQt6OpenGL.so.6	qt6
oxygen	libQt6Qml.so.6	qt6
oxygen	libQt6Quick.so.6	qt6
oxygen	libQt6Widgets.so.6	qt6
oxygen	libX11.so.6	libX11
oxygen	libc.so.6	aaa_glibc-solibs
oxygen	libc.so.6	glibc
oxygen	libgcc_s.so.1	aaa_libraries
oxygen	libgcc_s.so.1	gcc
oxygen	libkdecorations3.so.6	kdecoration
oxygen	libm.so.6	aaa_glibc-solibs
oxygen	libm.so.6	glibc
oxygen	libstdc++.so.6	aaa_libraries
oxygen	libstdc++.so.6	gcc-g++
oxygen	libxcb.so.1	libxcb
oxygen	libxkbcommon.so.0	aaa_libraries
oxygen	libxkbcommon.so.0	libxkbcommon
p11-kit	ld-linux-x86-64.so.2	aaa_glibc-solibs
p11-kit	ld-linux-x86-64.so.2	glibc
p11-kit	libc.so.6	aaa_glibc-solibs
p11-kit	libc.so.6	glibc
p11-kit	libffi.so.8	aaa_libraries
p11-kit	libffi.so.8	libffi
p11-kit	libtasn1.so.6	libtasn1
p2c	libc.so.6	aaa_glibc-solibs
p2c	libc.so.6	glibc
p8-platform	libc.so.6	aaa_glibc-solibs
p8-platform	libc.so.6	glibc
p8-platform	libgcc_s.so.1	aaa_libraries
p8-platform	libgcc_s.so.1	gcc
p8-platform	libm.so.6	aaa_glibc-solibs
p8-platform	libm.so.6	glibc
p8-platform	libstdc++.so.6	aaa_libraries
p8-platform	libstdc++.so.6	gcc-g++
pahole	ld-linux-x86-64.so.2	aaa_glibc-solibs
pahole	ld-linux-x86-64.so.2	glibc
pahole	libc.so.6	aaa_glibc-solibs
pahole	libc.so.6	glibc
pahole	libdw.so.1	elfutils
pahole	libelf.so.1	aaa_libraries
pahole	libelf.so.1	elfutils
pahole	libz.so.1	aaa_libraries
pahole	libz.so.1	zlib
palapeli	libGLX.so.0	libglvnd
palapeli	libKDEGames6.so.6	libkdegames
palapeli	libKF6Archive.so.6	karchive
palapeli	libKF6ColorScheme.so.6	kcolorscheme
palapeli	libKF6Completion.so.6	kcompletion
palapeli	libKF6ConfigCore.so.6	kconfig
palapeli	libKF6ConfigGui.so.6	kconfig
palapeli	libKF6ConfigWidgets.so.6	kconfigwidgets
palapeli	libKF6CoreAddons.so.6	kcoreaddons
palapeli	libKF6Crash.so.6	kcrash
palapeli	libKF6DBusAddons.so.6	kdbusaddons
palapeli	libKF6GuiAddons.so.6	kguiaddons
palapeli	libKF6I18n.so.6	ki18n
palapeli	libKF6IconThemes.so.6	kiconthemes
palapeli	libKF6ItemViews.so.6	kitemviews
palapeli	libKF6JobWidgets.so.6	kjobwidgets
palapeli	libKF6KIOCore.so.6	kio
palapeli	libKF6KIOGui.so.6	kio
palapeli	libKF6KIOWidgets.so.6	kio
palapeli	libKF6Notifications.so.6	knotifications
palapeli	libKF6Service.so.6	kservice
palapeli	libKF6WidgetsAddons.so.6	kwidgetsaddons
palapeli	libKF6XmlGui.so.6	kxmlgui
palapeli	libOpenGL.so.0	libglvnd
palapeli	libQt6Core.so.6	qt6
palapeli	libQt6DBus.so.6	qt6
palapeli	libQt6Gui.so.6	qt6
palapeli	libQt6Network.so.6	qt6
palapeli	libQt6Qml.so.6	qt6
palapeli	libQt6Svg.so.6	qt6
palapeli	libQt6Widgets.so.6	qt6
palapeli	libQt6Xml.so.6	qt6
palapeli	libc.so.6	aaa_glibc-solibs
palapeli	libc.so.6	glibc
palapeli	libgcc_s.so.1	aaa_libraries
palapeli	libgcc_s.so.1	gcc
palapeli	libm.so.6	aaa_glibc-solibs
palapeli	libm.so.6	glibc
palapeli	libstdc++.so.6	aaa_libraries
palapeli	libstdc++.so.6	gcc-g++
pam	ld-linux-x86-64.so.2	aaa_glibc-solibs
pam	ld-linux-x86-64.so.2	glibc
pam	libc.so.6	aaa_glibc-solibs
pam	libc.so.6	glibc
pam	libcrypt.so.2	aaa_glibc-solibs
pam	libcrypt.so.2	glibc
pam	libdb-4.8.so	aaa_libraries
pam	libdb-4.8.so	db48
pam	libelogind.so.0	elogind
pam	libnsl.so.3	aaa_libraries
pam	libnsl.so.3	libnsl
pam	libtirpc.so.3	aaa_libraries
pam	libtirpc.so.3	libtirpc
pam-krb5	libc.so.6	aaa_glibc-solibs
pam-krb5	libc.so.6	glibc
pam-krb5	libcom_err.so.2	e2fsprogs
pam-krb5	libk5crypto.so.3	aaa_libraries
pam-krb5	libk5crypto.so.3	krb5
pam-krb5	libkrb5.so.3	aaa_libraries
pam-krb5	libkrb5.so.3	krb5
pam-krb5	libpam.so.0	pam
pamixer	libc.so.6	aaa_glibc-solibs
pamixer	libc.so.6	glibc
pamixer	libgcc_s.so.1	aaa_libraries
pamixer	libgcc_s.so.1	gcc
pamixer	libm.so.6	aaa_glibc-solibs
pamixer	libm.so.6	glibc
pamixer	libpulse.so.0	pulseaudio
pamixer	libstdc++.so.6	aaa_libraries
pamixer	libstdc++.so.6	gcc-g++
pan	libatk-1.0.so.0	at-spi2-core
pan	libc.so.6	aaa_glibc-solibs
pan	libc.so.6	glibc
pan	libcairo-gobject.so.2	cairo
pan	libcairo.so.2	cairo
pan	libenchant-2.so.2	enchant
pan	libgcc_s.so.1	aaa_libraries
pan	libgcc_s.so.1	gcc
pan	libgck-1.so.0	gcr
pan	libgcr-base-3.so.1	gcr
pan	libgcr-ui-3.so.1	gcr
pan	libgdk-3.so.0	gtk+3
pan	libgdk_pixbuf-2.0.so.0	gdk-pixbuf2
pan	libgio-2.0.so.0	glib2
pan	libglib-2.0.so.0	aaa_libraries
pan	libglib-2.0.so.0	glib2
pan	libgmime-3.0.so.0	gmime
pan	libgnutls.so.30	gnutls
pan	libgobject-2.0.so.0	aaa_libraries
pan	libgobject-2.0.so.0	glib2
pan	libgspell-1.so.3	gspell
pan	libgtk-3.so.0	gtk+3
pan	libharfbuzz.so.0	harfbuzz
pan	libm.so.6	aaa_glibc-solibs
pan	libm.so.6	glibc
pan	libnotify.so.4	libnotify
pan	libp11-kit.so.0	p11-kit
pan	libpango-1.0.so.0	pango
pan	libpangocairo-1.0.so.0	pango
pan	libsecret-1.so.0	libsecret
pan	libstdc++.so.6	aaa_libraries
pan	libstdc++.so.6	gcc-g++
pan	libz.so.1	aaa_libraries
pan	libz.so.1	zlib
pango	libX11.so.6	libX11
pango	libXft.so.2	libXft
pango	libXrender.so.1	libXrender
pango	libc.so.6	aaa_glibc-solibs
pango	libc.so.6	glibc
pango	libcairo.so.2	cairo
pango	libfontconfig.so.1	fontconfig
pango	libfreetype.so.6	freetype
pango	libfribidi.so.0	fribidi
pango	libgio-2.0.so.0	glib2
pango	libglib-2.0.so.0	aaa_libraries
pango	libglib-2.0.so.0	glib2
pango	libgobject-2.0.so.0	aaa_libraries
pango	libgobject-2.0.so.0	glib2
pango	libharfbuzz.so.0	harfbuzz
pango	libm.so.6	aaa_glibc-solibs
pango	libm.so.6	glibc
pangomm	libc.so.6	aaa_glibc-solibs
pangomm	libc.so.6	glibc
pangomm	libcairomm-1.0.so.1	cairomm
pangomm	libgcc_s.so.1	aaa_libraries
pangomm	libgcc_s.so.1	gcc
pangomm	libglib-2.0.so.0	aaa_libraries
pangomm	libglib-2.0.so.0	glib2
pangomm	libglibmm-2.4.so.1	glibmm
pangomm	libgobject-2.0.so.0	aaa_libraries
pangomm	libgobject-2.0.so.0	glib2
pangomm	libpango-1.0.so.0	pango
pangomm	libpangocairo-1.0.so.0	pango
pangomm	libsigc-2.0.so.0	libsigc++
pangomm	libstdc++.so.6	aaa_libraries
pangomm	libstdc++.so.6	gcc-g++
pangomm2	libc.so.6	aaa_glibc-solibs
pangomm2	libc.so.6	glibc
pangomm2	libcairomm-1.16.so.1	cairomm1
pangomm2	libgcc_s.so.1	aaa_libraries
pangomm2	libgcc_s.so.1	gcc
pangomm2	libgiomm-2.68.so.1	glibmm2
pangomm2	libglib-2.0.so.0	aaa_libraries
pangomm2	libglib-2.0.so.0	glib2
pangomm2	libglibmm-2.68.so.1	glibmm2
pangomm2	libgobject-2.0.so.0	aaa_libraries
pangomm2	libgobject-2.0.so.0	glib2
pangomm2	libpango-1.0.so.0	pango
pangomm2	libpangocairo-1.0.so.0	pango
pangomm2	libsigc-3.0.so.0	libsigc++3
pangomm2	libstdc++.so.6	aaa_libraries
pangomm2	libstdc++.so.6	gcc-g++
parley	libGLX.so.0	libglvnd
parley	libICE.so.6	libICE
parley	libKEduVocDocument.so.5	libkeduvocdocument
parley	libKF6Attica.so.6	attica
parley	libKF6ColorScheme.so.6	kcolorscheme
parley	libKF6Completion.so.6	kcompletion
parley	libKF6ConfigCore.so.6	kconfig
parley	libKF6ConfigGui.so.6	kconfig
parley	libKF6ConfigWidgets.so.6	kconfigwidgets
parley	libKF6CoreAddons.so.6	kcoreaddons
parley	libKF6Crash.so.6	kcrash
parley	libKF6GuiAddons.so.6	kguiaddons
parley	libKF6I18n.so.6	ki18n
parley	libKF6JobWidgets.so.6	kjobwidgets
parley	libKF6KIOCore.so.6	kio
parley	libKF6KIOGui.so.6	kio
parley	libKF6KIOWidgets.so.6	kio
parley	libKF6NewStuffCore.so.6	knewstuff
parley	libKF6NewStuffWidgets.so.6	knewstuff
parley	libKF6Notifications.so.6	knotifications
parley	libKF6Service.so.6	kservice
parley	libKF6SonnetCore.so.6	sonnet
parley	libKF6SonnetUi.so.6	sonnet
parley	libKF6TextWidgets.so.6	ktextwidgets
parley	libKF6WidgetsAddons.so.6	kwidgetsaddons
parley	libKF6XmlGui.so.6	kxmlgui
parley	libOpenGL.so.0	libglvnd
parley	libQt6Concurrent.so.6	qt6
parley	libQt6Core.so.6	qt6
parley	libQt6DBus.so.6	qt6
parley	libQt6Gui.so.6	qt6
parley	libQt6Multimedia.so.6	qt6
parley	libQt6Network.so.6	qt6
parley	libQt6OpenGL.so.6	qt6
parley	libQt6Positioning.so.6	qt6
parley	libQt6PrintSupport.so.6	qt6
parley	libQt6Qml.so.6	qt6
parley	libQt6Quick.so.6	qt6
parley	libQt6Svg.so.6	qt6
parley	libQt6WebChannel.so.6	qt6
parley	libQt6WebEngineCore.so.6	qt6
parley	libQt6WebEngineWidgets.so.6	qt6
parley	libQt6Widgets.so.6	qt6
parley	libQt6Xml.so.6	qt6
parley	libSM.so.6	libSM
parley	libX11.so.6	libX11
parley	libXext.so.6	libXext
parley	libXrender.so.1	libXrender
parley	libc.so.6	aaa_glibc-solibs
parley	libc.so.6	glibc
parley	libgcc_s.so.1	aaa_libraries
parley	libgcc_s.so.1	gcc
parley	libm.so.6	aaa_glibc-solibs
parley	libm.so.6	glibc
parley	libstdc++.so.6	aaa_libraries
parley	libstdc++.so.6	gcc-g++
parley	libxml2.so.16	libxml2
parley	libxslt.so.1	libxslt
parted	libblkid.so.1	util-linux
parted	libc.so.6	aaa_glibc-solibs
parted	libc.so.6	glibc
parted	libdevmapper.so.1.02	aaa_libraries
parted	libdevmapper.so.1.02	lvm2
parted	libreadline.so.8	aaa_libraries
parted	libreadline.so.8	readline
parted	libtinfo.so.6	aaa_libraries
parted	libtinfo.so.6	ncurses
parted	libuuid.so.1	util-linux
partitionmanager	libGLX.so.0	libglvnd
partitionmanager	libKF6ColorScheme.so.6	kcolorscheme
partitionmanager	libKF6Completion.so.6	kcompletion
partitionmanager	libKF6ConfigCore.so.6	kconfig
partitionmanager	libKF6ConfigGui.so.6	kconfig
partitionmanager	libKF6ConfigWidgets.so.6	kconfigwidgets
partitionmanager	libKF6CoreAddons.so.6	kcoreaddons
partitionmanager	libKF6Crash.so.6	kcrash
partitionmanager	libKF6DBusAddons.so.6	kdbusaddons
partitionmanager	libKF6GuiAddons.so.6	kguiaddons
partitionmanager	libKF6I18n.so.6	ki18n
partitionmanager	libKF6JobWidgets.so.6	kjobwidgets
partitionmanager	libKF6KIOCore.so.6	kio
partitionmanager	libKF6KIOGui.so.6	kio
partitionmanager	libKF6KIOWidgets.so.6	kio
partitionmanager	libKF6Service.so.6	kservice
partitionmanager	libKF6WidgetsAddons.so.6	kwidgetsaddons
partitionmanager	libKF6WindowSystem.so.6	kwindowsystem
partitionmanager	libKF6XmlGui.so.6	kxmlgui
partitionmanager	libOpenGL.so.0	libglvnd
partitionmanager	libQt6Core.so.6	qt6
partitionmanager	libQt6DBus.so.6	qt6
partitionmanager	libQt6Gui.so.6	qt6
partitionmanager	libQt6Network.so.6	qt6
partitionmanager	libQt6Widgets.so.6	qt6
partitionmanager	libQt6Xml.so.6	qt6
partitionmanager	libX11.so.6	libX11
partitionmanager	libc.so.6	aaa_glibc-solibs
partitionmanager	libc.so.6	glibc
partitionmanager	libgcc_s.so.1	aaa_libraries
partitionmanager	libgcc_s.so.1	gcc
partitionmanager	libkpmcore.so.13	kpmcore
partitionmanager	libm.so.6	aaa_glibc-solibs
partitionmanager	libm.so.6	glibc
partitionmanager	libpolkit-qt6-core-1.so.1	polkit-qt-1
partitionmanager	libstdc++.so.6	aaa_libraries
partitionmanager	libstdc++.so.6	gcc-g++
patch	libattr.so.1	aaa_libraries
patch	libattr.so.1	attr
patch	libc.so.6	aaa_glibc-solibs
patch	libc.so.6	glibc
patchelf	libc.so.6	aaa_glibc-solibs
patchelf	libc.so.6	glibc
patchelf	libgcc_s.so.1	aaa_libraries
patchelf	libgcc_s.so.1	gcc
patchelf	libm.so.6	aaa_glibc-solibs
patchelf	libm.so.6	glibc
patchelf	libstdc++.so.6	aaa_libraries
patchelf	libstdc++.so.6	gcc-g++
pavucontrol	libc.so.6	aaa_glibc-solibs
pavucontrol	libc.so.6	glibc
pavucontrol	libcanberra.so.0	libcanberra
pavucontrol	libgcc_s.so.1	aaa_libraries
pavucontrol	libgcc_s.so.1	gcc
pavucontrol	libgio-2.0.so.0	glib2
pavucontrol	libgiomm-2.68.so.1	glibmm2
pavucontrol	libglib-2.0.so.0	aaa_libraries
pavucontrol	libglib-2.0.so.0	glib2
pavucontrol	libglibmm-2.68.so.1	glibmm2
pavucontrol	libgobject-2.0.so.0	aaa_libraries
pavucontrol	libgobject-2.0.so.0	glib2
pavucontrol	libgtk-4.so.1	gtk4
pavucontrol	libgtkmm-4.0.so.0	gtkmm4
pavucontrol	libjson-glib-1.0.so.0	json-glib
pavucontrol	libpulse-mainloop-glib.so.0	pulseaudio
pavucontrol	libpulse.so.0	pulseaudio
pavucontrol	libsigc-3.0.so.0	libsigc++3
pavucontrol	libstdc++.so.6	aaa_libraries
pavucontrol	libstdc++.so.6	gcc-g++
pcaudiolib	libasound.so.2	aaa_libraries
pcaudiolib	libasound.so.2	alsa-lib
pcaudiolib	libc.so.6	aaa_glibc-solibs
pcaudiolib	libc.so.6	glibc
pcaudiolib	libpulse-simple.so.0	pulseaudio
pcaudiolib	libpulse.so.0	pulseaudio
pciutils	libc.so.6	aaa_glibc-solibs
pciutils	libc.so.6	glibc
pciutils	libkmod.so.2	kmod
pciutils	libresolv.so.2	aaa_glibc-solibs
pciutils	libresolv.so.2	glibc
pciutils	libudev.so.1	aaa_libraries
pciutils	libudev.so.1	eudev
pciutils	libz.so.1	aaa_libraries
pciutils	libz.so.1	zlib
pcmciautils	libc.so.6	aaa_glibc-solibs
pcmciautils	libc.so.6	glibc
pcmciautils	libsysfs.so.2	aaa_libraries
pcmciautils	libsysfs.so.2	sysfsutils
pcre	libbz2.so.1	aaa_libraries
pcre	libbz2.so.1	bzip2
pcre	libc.so.6	aaa_glibc-solibs
pcre	libc.so.6	glibc
pcre	libgcc_s.so.1	aaa_libraries
pcre	libgcc_s.so.1	gcc
pcre	libm.so.6	aaa_glibc-solibs
pcre	libm.so.6	glibc
pcre	libpcre.so.1	aaa_libraries
pcre	libpcreposix.so.0	aaa_libraries
pcre	libstdc++.so.6	aaa_libraries
pcre	libstdc++.so.6	gcc-g++
pcre	libz.so.1	aaa_libraries
pcre	libz.so.1	zlib
pcre2	libbz2.so.1	aaa_libraries
pcre2	libbz2.so.1	bzip2
pcre2	libc.so.6	aaa_glibc-solibs
pcre2	libc.so.6	glibc
pcre2	libpcre2-8.so.0	aaa_libraries
pcre2	libreadline.so.8	aaa_libraries
pcre2	libreadline.so.8	readline
pcre2	libz.so.1	aaa_libraries
pcre2	libz.so.1	zlib
pcsc-lite	ld-linux-x86-64.so.2	aaa_glibc-solibs
pcsc-lite	ld-linux-x86-64.so.2	glibc
pcsc-lite	libc.so.6	aaa_glibc-solibs
pcsc-lite	libc.so.6	glibc
pcsc-lite	libglib-2.0.so.0	aaa_libraries
pcsc-lite	libglib-2.0.so.0	glib2
pcsc-lite	libgobject-2.0.so.0	aaa_libraries
pcsc-lite	libgobject-2.0.so.0	glib2
pcsc-lite	libpolkit-gobject-1.so.0	polkit
pcsc-lite	libudev.so.1	aaa_libraries
pcsc-lite	libudev.so.1	eudev
pdfio	libc.so.6	aaa_glibc-solibs
pdfio	libc.so.6	glibc
pdfio	libm.so.6	aaa_glibc-solibs
pdfio	libm.so.6	glibc
pdfio	libpng16.so.16	aaa_libraries
pdfio	libpng16.so.16	libpng
pdfio	libz.so.1	aaa_libraries
pdfio	libz.so.1	zlib
perl	ld-linux-x86-64.so.2	aaa_glibc-solibs
perl	ld-linux-x86-64.so.2	glibc
perl	libc.so.6	aaa_glibc-solibs
perl	libc.so.6	glibc
perl	libcrypt.so.2	aaa_glibc-solibs
perl	libcrypt.so.2	glibc
perl	libcrypto.so.3	openssl
perl	libcrypto.so.3	openssl-solibs
perl	libdb-4.8.so	aaa_libraries
perl	libdb-4.8.so	db48
perl	libexpat.so.1	aaa_libraries
perl	libexpat.so.1	expat
perl	libgdbm.so.6	aaa_libraries
perl	libgdbm.so.6	gdbm
perl	libgdbm_compat.so.4	gdbm
perl	libm.so.6	aaa_glibc-solibs
perl	libm.so.6	glibc
perl	libmariadb.so.3	mariadb
perl	libssl.so.3	openssl
perl	libssl.so.3	openssl-solibs
perl	libz.so.1	aaa_libraries
perl	libz.so.1	zlib
phonon	libGLX.so.0	libglvnd
phonon	libOpenGL.so.0	libglvnd
phonon	libQt5Core.so.5	qt5
phonon	libQt5Designer.so.5	qt5
phonon	libQt5Gui.so.5	qt5
phonon	libQt5Widgets.so.5	qt5
phonon	libQt5Xml.so.5	qt5
phonon	libQt6Core.so.6	qt6
phonon	libQt6Core5Compat.so.6	qt6
phonon	libQt6Designer.so.6	qt6
phonon	libQt6Gui.so.6	qt6
phonon	libQt6OpenGL.so.6	qt6
phonon	libQt6OpenGLWidgets.so.6	qt6
phonon	libQt6Widgets.so.6	qt6
phonon	libQt6Xml.so.6	qt6
phonon	libc.so.6	aaa_glibc-solibs
phonon	libc.so.6	glibc
phonon	libgcc_s.so.1	aaa_libraries
phonon	libgcc_s.so.1	gcc
phonon	libm.so.6	aaa_glibc-solibs
phonon	libm.so.6	glibc
phonon	libpulse-mainloop-glib.so.0	pulseaudio
phonon	libpulse.so.0	pulseaudio
phonon	libstdc++.so.6	aaa_libraries
phonon	libstdc++.so.6	gcc-g++
phonon-backend-gstreamer	libGL.so.1	libglvnd
phonon-backend-gstreamer	libGLX.so.0	libglvnd
phonon-backend-gstreamer	libICE.so.6	libICE
phonon-backend-gstreamer	libOpenGL.so.0	libglvnd
phonon-backend-gstreamer	libQt5Core.so.5	qt5
phonon-backend-gstreamer	libQt5Gui.so.5	qt5
phonon-backend-gstreamer	libQt5OpenGL.so.5	qt5
phonon-backend-gstreamer	libQt5Widgets.so.5	qt5
phonon-backend-gstreamer	libQt5X11Extras.so.5	qt5
phonon-backend-gstreamer	libQt6Core.so.6	qt6
phonon-backend-gstreamer	libQt6Gui.so.6	qt6
phonon-backend-gstreamer	libQt6OpenGL.so.6	qt6
phonon-backend-gstreamer	libQt6OpenGLWidgets.so.6	qt6
phonon-backend-gstreamer	libQt6Widgets.so.6	qt6
phonon-backend-gstreamer	libQt6XcbQpa.so.6	qt6
phonon-backend-gstreamer	libSM.so.6	libSM
phonon-backend-gstreamer	libX11-xcb.so.1	libX11
phonon-backend-gstreamer	libX11.so.6	libX11
phonon-backend-gstreamer	libc.so.6	aaa_glibc-solibs
phonon-backend-gstreamer	libc.so.6	glibc
phonon-backend-gstreamer	libgcc_s.so.1	aaa_libraries
phonon-backend-gstreamer	libgcc_s.so.1	gcc
phonon-backend-gstreamer	libglib-2.0.so.0	aaa_libraries
phonon-backend-gstreamer	libglib-2.0.so.0	glib2
phonon-backend-gstreamer	libgmodule-2.0.so.0	aaa_libraries
phonon-backend-gstreamer	libgmodule-2.0.so.0	glib2
phonon-backend-gstreamer	libgobject-2.0.so.0	aaa_libraries
phonon-backend-gstreamer	libgobject-2.0.so.0	glib2
phonon-backend-gstreamer	libgstapp-1.0.so.0	gst-plugins-base
phonon-backend-gstreamer	libgstaudio-1.0.so.0	gst-plugins-base
phonon-backend-gstreamer	libgstbase-1.0.so.0	gstreamer
phonon-backend-gstreamer	libgstpbutils-1.0.so.0	gst-plugins-base
phonon-backend-gstreamer	libgstreamer-1.0.so.0	gstreamer
phonon-backend-gstreamer	libgstvideo-1.0.so.0	gst-plugins-base
phonon-backend-gstreamer	libgthread-2.0.so.0	aaa_libraries
phonon-backend-gstreamer	libgthread-2.0.so.0	glib2
phonon-backend-gstreamer	libm.so.6	aaa_glibc-solibs
phonon-backend-gstreamer	libm.so.6	glibc
phonon-backend-gstreamer	libphonon4qt5.so.4	phonon
phonon-backend-gstreamer	libphonon4qt5experimental.so.4	phonon
phonon-backend-gstreamer	libphonon4qt6.so.4	phonon
phonon-backend-gstreamer	libphonon4qt6experimental.so.4	phonon
phonon-backend-gstreamer	libstdc++.so.6	aaa_libraries
phonon-backend-gstreamer	libstdc++.so.6	gcc-g++
phonon-backend-gstreamer	libxcb-cursor.so.0	xcb-util-cursor
phonon-backend-gstreamer	libxcb-icccm.so.4	xcb-util-wm
phonon-backend-gstreamer	libxcb-image.so.0	xcb-util-image
phonon-backend-gstreamer	libxcb-keysyms.so.1	xcb-util-keysyms
phonon-backend-gstreamer	libxcb-randr.so.0	libxcb
phonon-backend-gstreamer	libxcb-render-util.so.0	xcb-util-renderutil
phonon-backend-gstreamer	libxcb-render.so.0	libxcb
phonon-backend-gstreamer	libxcb-shape.so.0	libxcb
phonon-backend-gstreamer	libxcb-shm.so.0	libxcb
phonon-backend-gstreamer	libxcb-sync.so.1	libxcb
phonon-backend-gstreamer	libxcb-util.so.1	xcb-util
phonon-backend-gstreamer	libxcb-xfixes.so.0	libxcb
phonon-backend-gstreamer	libxcb-xkb.so.1	libxcb
phonon-backend-gstreamer	libxcb.so.1	libxcb
phonon-backend-gstreamer	libxkbcommon-x11.so.0	libxkbcommon
phonon-backend-gstreamer	libxkbcommon.so.0	aaa_libraries
phonon-backend-gstreamer	libxkbcommon.so.0	libxkbcommon
phonon-backend-mpv	libGLX.so.0	libglvnd
phonon-backend-mpv	libOpenGL.so.0	libglvnd
phonon-backend-mpv	libQt5Core.so.5	qt5
phonon-backend-mpv	libQt5Gui.so.5	qt5
phonon-backend-mpv	libQt5Widgets.so.5	qt5
phonon-backend-mpv	libQt5X11Extras.so.5	qt5
phonon-backend-mpv	libQt6Core.so.6	qt6
phonon-backend-mpv	libQt6Gui.so.6	qt6
phonon-backend-mpv	libQt6OpenGL.so.6	qt6
phonon-backend-mpv	libQt6OpenGLWidgets.so.6	qt6
phonon-backend-mpv	libQt6Widgets.so.6	qt6
phonon-backend-mpv	libc.so.6	aaa_glibc-solibs
phonon-backend-mpv	libc.so.6	glibc
phonon-backend-mpv	libgcc_s.so.1	aaa_libraries
phonon-backend-mpv	libgcc_s.so.1	gcc
phonon-backend-mpv	libm.so.6	aaa_glibc-solibs
phonon-backend-mpv	libm.so.6	glibc
phonon-backend-mpv	libmpv.so.2	mpv
phonon-backend-mpv	libphonon4qt5.so.4	phonon
phonon-backend-mpv	libphonon4qt5experimental.so.4	phonon
phonon-backend-mpv	libphonon4qt6.so.4	phonon
phonon-backend-mpv	libphonon4qt6experimental.so.4	phonon
phonon-backend-mpv	libstdc++.so.6	aaa_libraries
phonon-backend-mpv	libstdc++.so.6	gcc-g++
php	ld-linux-x86-64.so.2	aaa_glibc-solibs
php	ld-linux-x86-64.so.2	glibc
php	libargon2.so.1	aaa_libraries
php	libargon2.so.1	argon2
php	libbz2.so.1	aaa_libraries
php	libbz2.so.1	bzip2
php	libc.so.6	aaa_glibc-solibs
php	libc.so.6	glibc
php	libcrypto.so.3	openssl
php	libcrypto.so.3	openssl-solibs
php	libcurl.so.4	aaa_libraries
php	libcurl.so.4	curl
php	libdb-4.8.so	aaa_libraries
php	libdb-4.8.so	db48
php	libedit.so.0	libedit
php	libenchant-2.so.2	enchant
php	libexpat.so.1	aaa_libraries
php	libexpat.so.1	expat
php	libexslt.so.0	libxslt
php	libgcc_s.so.1	aaa_libraries
php	libgcc_s.so.1	gcc
php	libgd.so.3	gd
php	libgdbm.so.6	aaa_libraries
php	libgdbm.so.6	gdbm
php	libgmp.so.10	aaa_libraries
php	libgmp.so.10	gmp
php	libicui18n.so.78	icu4c
php	libicuio.so.78	icu4c
php	libicuuc.so.78	icu4c
php	libiodbc.so.2	libiodbc
php	libiodbcinst.so.2	libiodbc
php	liblber.so.2	aaa_libraries
php	liblber.so.2	openldap
php	libldap.so.2	aaa_libraries
php	libldap.so.2	openldap
php	libm.so.6	aaa_glibc-solibs
php	libm.so.6	glibc
php	libncursesw.so.6	aaa_libraries
php	libncursesw.so.6	ncurses
php	libnetsnmp.so.45	net-snmp
php	libonig.so.5	oniguruma
php	libpcre2-8.so.0	aaa_libraries
php	libpcre2-8.so.0	pcre2
php	libsodium.so.26	libsodium
php	libsqlite3.so.0	sqlite
php	libssl.so.3	openssl
php	libssl.so.3	openssl-solibs
php	libstdc++.so.6	aaa_libraries
php	libstdc++.so.6	gcc-g++
php	libtidy.so.58	tidy-html5
php	libtinfo.so.6	aaa_libraries
php	libtinfo.so.6	ncurses
php	libxml2.so.16	libxml2
php	libxslt.so.1	libxslt
php	libz.so.1	aaa_libraries
php	libz.so.1	zlib
php	libzip.so.5	libzip
picmi	libGLX.so.0	libglvnd
picmi	libKDEGames6.so.6	libkdegames
picmi	libKF6ColorScheme.so.6	kcolorscheme
picmi	libKF6ConfigCore.so.6	kconfig
picmi	libKF6ConfigGui.so.6	kconfig
picmi	libKF6ConfigWidgets.so.6	kconfigwidgets
picmi	libKF6CoreAddons.so.6	kcoreaddons
picmi	libKF6Crash.so.6	kcrash
picmi	libKF6DBusAddons.so.6	kdbusaddons
picmi	libKF6GuiAddons.so.6	kguiaddons
picmi	libKF6I18n.so.6	ki18n
picmi	libKF6IconThemes.so.6	kiconthemes
picmi	libKF6WidgetsAddons.so.6	kwidgetsaddons
picmi	libKF6XmlGui.so.6	kxmlgui
picmi	libOpenGL.so.0	libglvnd
picmi	libQt6Core.so.6	qt6
picmi	libQt6DBus.so.6	qt6
picmi	libQt6Gui.so.6	qt6
picmi	libQt6Network.so.6	qt6
picmi	libQt6Qml.so.6	qt6
picmi	libQt6Svg.so.6	qt6
picmi	libQt6Widgets.so.6	qt6
picmi	libQt6Xml.so.6	qt6
picmi	libc.so.6	aaa_glibc-solibs
picmi	libc.so.6	glibc
picmi	libgcc_s.so.1	aaa_libraries
picmi	libgcc_s.so.1	gcc
picmi	libm.so.6	aaa_glibc-solibs
picmi	libm.so.6	glibc
picmi	libstdc++.so.6	aaa_libraries
picmi	libstdc++.so.6	gcc-g++
pidentd	libc.so.6	aaa_glibc-solibs
pidentd	libc.so.6	glibc
pidentd	libcrypto.so.3	openssl
pidentd	libcrypto.so.3	openssl-solibs
pidgin	ld-linux-x86-64.so.2	aaa_glibc-solibs
pidgin	ld-linux-x86-64.so.2	glibc
pidgin	libICE.so.6	libICE
pidgin	libSM.so.6	libSM
pidgin	libX11.so.6	libX11
pidgin	libXext.so.6	libXext
pidgin	libXss.so.1	libXScrnSaver
pidgin	libatk-1.0.so.0	at-spi2-core
pidgin	libavahi-client.so.3	avahi
pidgin	libavahi-common.so.3	avahi
pidgin	libavahi-glib.so.1	avahi
pidgin	libc.so.6	aaa_glibc-solibs
pidgin	libc.so.6	glibc
pidgin	libcairo.so.2	cairo
pidgin	libcrypt.so.2	aaa_glibc-solibs
pidgin	libcrypt.so.2	glibc
pidgin	libdbus-1.so.3	dbus
pidgin	libdbus-glib-1.so.2	dbus-glib
pidgin	libfarstream-0.2.so.5	farstream
pidgin	libfontconfig.so.1	fontconfig
pidgin	libfreetype.so.6	freetype
pidgin	libgdk-x11-2.0.so.0	gtk+2
pidgin	libgdk_pixbuf-2.0.so.0	gdk-pixbuf2
pidgin	libgio-2.0.so.0	glib2
pidgin	libglib-2.0.so.0	aaa_libraries
pidgin	libglib-2.0.so.0	glib2
pidgin	libgmodule-2.0.so.0	aaa_libraries
pidgin	libgmodule-2.0.so.0	glib2
pidgin	libgnt.so.0	libgnt
pidgin	libgobject-2.0.so.0	aaa_libraries
pidgin	libgobject-2.0.so.0	glib2
pidgin	libgstapp-1.0.so.0	gst-plugins-base
pidgin	libgstbase-1.0.so.0	gstreamer
pidgin	libgstreamer-1.0.so.0	gstreamer
pidgin	libgstvideo-1.0.so.0	gst-plugins-base
pidgin	libgthread-2.0.so.0	aaa_libraries
pidgin	libgthread-2.0.so.0	glib2
pidgin	libgtk-x11-2.0.so.0	gtk+2
pidgin	libgtkspell.so.0	gtkspell
pidgin	libharfbuzz.so.0	harfbuzz
pidgin	libidn.so.12	aaa_libraries
pidgin	libidn.so.12	libidn
pidgin	libm.so.6	aaa_glibc-solibs
pidgin	libm.so.6	glibc
pidgin	libncursesw.so.6	aaa_libraries
pidgin	libncursesw.so.6	ncurses
pidgin	libnsl.so.3	aaa_libraries
pidgin	libnsl.so.3	libnsl
pidgin	libnspr4.so	mozilla-nss
pidgin	libnss3.so	mozilla-nss
pidgin	libpanelw.so.6	aaa_libraries
pidgin	libpanelw.so.6	ncurses
pidgin	libpango-1.0.so.0	pango
pidgin	libpangocairo-1.0.so.0	pango
pidgin	libpangoft2-1.0.so.0	pango
pidgin	libplc4.so	mozilla-nss
pidgin	libplds4.so	mozilla-nss
pidgin	libsasl2.so.3	cyrus-sasl
pidgin	libsmime3.so	mozilla-nss
pidgin	libsoftokn3.so	mozilla-nss
pidgin	libssl3.so	mozilla-nss
pidgin	libtinfo.so.6	aaa_libraries
pidgin	libtinfo.so.6	ncurses
pidgin	libxml2.so.16	libxml2
pilot-link	ld-linux-x86-64.so.2	aaa_glibc-solibs
pilot-link	ld-linux-x86-64.so.2	glibc
pilot-link	libbluetooth.so.3	bluez
pilot-link	libc.so.6	aaa_glibc-solibs
pilot-link	libc.so.6	glibc
pilot-link	libpng16.so.16	aaa_libraries
pilot-link	libpng16.so.16	libpng
pilot-link	libpopt.so.0	aaa_libraries
pilot-link	libpopt.so.0	popt
pilot-link	libreadline.so.8	aaa_libraries
pilot-link	libreadline.so.8	readline
pilot-link	libusb-0.1.so.4	aaa_libraries
pilot-link	libusb-0.1.so.4	libusb-compat
pim-data-exporter	libGLX.so.0	libglvnd
pim-data-exporter	libKF6Archive.so.6	karchive
pim-data-exporter	libKF6Bookmarks.so.6	kbookmarks
pim-data-exporter	libKF6CalendarCore.so.6	kcalendarcore
pim-data-exporter	libKF6ColorScheme.so.6	kcolorscheme
pim-data-exporter	libKF6Completion.so.6	kcompletion
pim-data-exporter	libKF6ConfigCore.so.6	kconfig
pim-data-exporter	libKF6ConfigGui.so.6	kconfig
pim-data-exporter	libKF6ConfigWidgets.so.6	kconfigwidgets
pim-data-exporter	libKF6Contacts.so.6	kcontacts
pim-data-exporter	libKF6CoreAddons.so.6	kcoreaddons
pim-data-exporter	libKF6Crash.so.6	kcrash
pim-data-exporter	libKF6DBusAddons.so.6	kdbusaddons
pim-data-exporter	libKF6GuiAddons.so.6	kguiaddons
pim-data-exporter	libKF6I18n.so.6	ki18n
pim-data-exporter	libKF6IconThemes.so.6	kiconthemes
pim-data-exporter	libKF6ItemModels.so.6	kitemmodels
pim-data-exporter	libKF6ItemViews.so.6	kitemviews
pim-data-exporter	libKF6JobWidgets.so.6	kjobwidgets
pim-data-exporter	libKF6KIOCore.so.6	kio
pim-data-exporter	libKF6KIOFileWidgets.so.6	kio
pim-data-exporter	libKF6KIOGui.so.6	kio
pim-data-exporter	libKF6KIOWidgets.so.6	kio
pim-data-exporter	libKF6Mime.so.6	kmime
pim-data-exporter	libKF6Notifications.so.6	knotifications
pim-data-exporter	libKF6Service.so.6	kservice
pim-data-exporter	libKF6Solid.so.6	solid
pim-data-exporter	libKF6SonnetUi.so.6	sonnet
pim-data-exporter	libKF6StatusNotifierItem.so.6	kstatusnotifieritem
pim-data-exporter	libKF6SyntaxHighlighting.so.6	syntax-highlighting
pim-data-exporter	libKF6TextAddonsWidgets.so.1	ktextaddons
pim-data-exporter	libKF6TextAutoCorrectionCore.so.1	ktextaddons
pim-data-exporter	libKF6TextAutoCorrectionWidgets.so.1	ktextaddons
pim-data-exporter	libKF6TextCustomEditor.so.1	ktextaddons
pim-data-exporter	libKF6TextTemplate.so.6	ktexttemplate
pim-data-exporter	libKF6WidgetsAddons.so.6	kwidgetsaddons
pim-data-exporter	libKF6XmlGui.so.6	kxmlgui
pim-data-exporter	libKPim6AkonadiContactCore.so.6	akonadi-contacts
pim-data-exporter	libKPim6AkonadiContactWidgets.so.6	akonadi-contacts
pim-data-exporter	libKPim6AkonadiCore.so.6	akonadi
pim-data-exporter	libKPim6AkonadiMime.so.6	akonadi-mime
pim-data-exporter	libKPim6AkonadiPrivate.so.6	akonadi
pim-data-exporter	libKPim6AkonadiWidgets.so.6	akonadi
pim-data-exporter	libKPim6GrantleeTheme.so.6	grantleetheme
pim-data-exporter	libKPim6IMAP.so.6	kimap
pim-data-exporter	libKPim6IdentityManagementCore.so.6	kidentitymanagement
pim-data-exporter	libKPim6IdentityManagementWidgets.so.6	kidentitymanagement
pim-data-exporter	libKPim6Libkdepim.so.6	libkdepim
pim-data-exporter	libKPim6Libkleo.so.6	libkleo
pim-data-exporter	libKPim6MailCommon.so.6	mailcommon
pim-data-exporter	libKPim6MailTransport.so.6	kmailtransport
pim-data-exporter	libKPim6MessageComposer.so.6	messagelib
pim-data-exporter	libKPim6MessageCore.so.6	messagelib
pim-data-exporter	libKPim6MessageList.so.6	messagelib
pim-data-exporter	libKPim6MessageViewer.so.6	messagelib
pim-data-exporter	libKPim6MimeTreeParser.so.6	messagelib
pim-data-exporter	libKPim6PimCommon.so.6	pimcommon
pim-data-exporter	libKPim6PimCommonAkonadi.so.6	pimcommon
pim-data-exporter	libKPim6TextEdit.so.6	kpimtextedit
pim-data-exporter	libOpenGL.so.0	libglvnd
pim-data-exporter	libQt6Core.so.6	qt6
pim-data-exporter	libQt6DBus.so.6	qt6
pim-data-exporter	libQt6Gui.so.6	qt6
pim-data-exporter	libQt6Network.so.6	qt6
pim-data-exporter	libQt6Widgets.so.6	qt6
pim-data-exporter	libQt6Xml.so.6	qt6
pim-data-exporter	libc.so.6	aaa_glibc-solibs
pim-data-exporter	libc.so.6	glibc
pim-data-exporter	libgcc_s.so.1	aaa_libraries
pim-data-exporter	libgcc_s.so.1	gcc
pim-data-exporter	libgpg-error.so.0	aaa_libraries
pim-data-exporter	libgpg-error.so.0	libgpg-error
pim-data-exporter	libgpgme.so.45	gpgme
pim-data-exporter	libgpgmepp.so.7	gpgmepp
pim-data-exporter	libm.so.6	aaa_glibc-solibs
pim-data-exporter	libm.so.6	glibc
pim-data-exporter	libqgpgmeqt6.so.15	qgpgme
pim-data-exporter	libstdc++.so.6	aaa_libraries
pim-data-exporter	libstdc++.so.6	gcc-g++
pim-sieve-editor	libGLX.so.0	libglvnd
pim-sieve-editor	libKF6Bookmarks.so.6	kbookmarks
pim-sieve-editor	libKF6BookmarksWidgets.so.6	kbookmarks
pim-sieve-editor	libKF6ColorScheme.so.6	kcolorscheme
pim-sieve-editor	libKF6ConfigCore.so.6	kconfig
pim-sieve-editor	libKF6ConfigGui.so.6	kconfig
pim-sieve-editor	libKF6ConfigWidgets.so.6	kconfigwidgets
pim-sieve-editor	libKF6CoreAddons.so.6	kcoreaddons
pim-sieve-editor	libKF6Crash.so.6	kcrash
pim-sieve-editor	libKF6DBusAddons.so.6	kdbusaddons
pim-sieve-editor	libKF6GuiAddons.so.6	kguiaddons
pim-sieve-editor	libKF6I18n.so.6	ki18n
pim-sieve-editor	libKF6IconThemes.so.6	kiconthemes
pim-sieve-editor	libKF6KIOCore.so.6	kio
pim-sieve-editor	libKF6Mime.so.6	kmime
pim-sieve-editor	libKF6Service.so.6	kservice
pim-sieve-editor	libKF6SonnetUi.so.6	sonnet
pim-sieve-editor	libKF6SyntaxHighlighting.so.6	syntax-highlighting
pim-sieve-editor	libKF6TextAddonsWidgets.so.1	ktextaddons
pim-sieve-editor	libKF6TextAutoCorrectionCore.so.1	ktextaddons
pim-sieve-editor	libKF6TextAutoCorrectionWidgets.so.1	ktextaddons
pim-sieve-editor	libKF6TextAutoGenerateText.so.1	ktextaddons
pim-sieve-editor	libKF6TextAutoGenerateTextMcpProtocolCore.so.1	ktextaddons
pim-sieve-editor	libKF6TextCustomEditor.so.1	ktextaddons
pim-sieve-editor	libKF6WidgetsAddons.so.6	kwidgetsaddons
pim-sieve-editor	libKF6WindowSystem.so.6	kwindowsystem
pim-sieve-editor	libKF6XmlGui.so.6	kxmlgui
pim-sieve-editor	libKPim6KManageSieve.so.6	libksieve
pim-sieve-editor	libKPim6KSieve.so.6	libksieve
pim-sieve-editor	libKPim6KSieveCore.so.6	libksieve
pim-sieve-editor	libKPim6KSieveUi.so.6	libksieve
pim-sieve-editor	libKPim6MailTransport.so.6	kmailtransport
pim-sieve-editor	libKPim6PimCommon.so.6	pimcommon
pim-sieve-editor	libOpenGL.so.0	libglvnd
pim-sieve-editor	libQt6Core.so.6	qt6
pim-sieve-editor	libQt6DBus.so.6	qt6
pim-sieve-editor	libQt6Gui.so.6	qt6
pim-sieve-editor	libQt6Network.so.6	qt6
pim-sieve-editor	libQt6Sql.so.6	qt6
pim-sieve-editor	libQt6Widgets.so.6	qt6
pim-sieve-editor	libQt6Xml.so.6	qt6
pim-sieve-editor	libX11.so.6	libX11
pim-sieve-editor	libc.so.6	aaa_glibc-solibs
pim-sieve-editor	libc.so.6	glibc
pim-sieve-editor	libgcc_s.so.1	aaa_libraries
pim-sieve-editor	libgcc_s.so.1	gcc
pim-sieve-editor	libm.so.6	aaa_glibc-solibs
pim-sieve-editor	libm.so.6	glibc
pim-sieve-editor	libqt6keychain.so.1	qtkeychain
pim-sieve-editor	libstdc++.so.6	aaa_libraries
pim-sieve-editor	libstdc++.so.6	gcc-g++
pimcommon	libGLX.so.0	libglvnd
pimcommon	libKF6Attica.so.6	attica
pimcommon	libKF6Codecs.so.6	kcodecs
pimcommon	libKF6ColorScheme.so.6	kcolorscheme
pimcommon	libKF6Completion.so.6	kcompletion
pimcommon	libKF6ConfigCore.so.6	kconfig
pimcommon	libKF6ConfigGui.so.6	kconfig
pimcommon	libKF6ConfigWidgets.so.6	kconfigwidgets
pimcommon	libKF6Contacts.so.6	kcontacts
pimcommon	libKF6CoreAddons.so.6	kcoreaddons
pimcommon	libKF6GuiAddons.so.6	kguiaddons
pimcommon	libKF6I18n.so.6	ki18n
pimcommon	libKF6ItemModels.so.6	kitemmodels
pimcommon	libKF6JobWidgets.so.6	kjobwidgets
pimcommon	libKF6KCMUtils.so.6	kcmutils
pimcommon	libKF6KCMUtilsCore.so.6	kcmutils
pimcommon	libKF6KCMUtilsQuick.so.6	kcmutils
pimcommon	libKF6KIOCore.so.6	kio
pimcommon	libKF6KIOGui.so.6	kio
pimcommon	libKF6KIOWidgets.so.6	kio
pimcommon	libKF6Mime.so.6	kmime
pimcommon	libKF6NewStuffCore.so.6	knewstuff
pimcommon	libKF6NewStuffWidgets.so.6	knewstuff
pimcommon	libKF6Purpose.so.6	purpose
pimcommon	libKF6PurposeWidgets.so.6	purpose
pimcommon	libKF6Service.so.6	kservice
pimcommon	libKF6SonnetUi.so.6	sonnet
pimcommon	libKF6SyntaxHighlighting.so.6	syntax-highlighting
pimcommon	libKF6TextAddonsWidgets.so.1	ktextaddons
pimcommon	libKF6TextAutoCorrectionCore.so.1	ktextaddons
pimcommon	libKF6TextAutoCorrectionWidgets.so.1	ktextaddons
pimcommon	libKF6TextCustomEditor.so.1	ktextaddons
pimcommon	libKF6TextTemplate.so.6	ktexttemplate
pimcommon	libKF6WidgetsAddons.so.6	kwidgetsaddons
pimcommon	libKF6XmlGui.so.6	kxmlgui
pimcommon	libKPim6AkonadiContactCore.so.6	akonadi-contacts
pimcommon	libKPim6AkonadiContactWidgets.so.6	akonadi-contacts
pimcommon	libKPim6AkonadiCore.so.6	akonadi
pimcommon	libKPim6AkonadiPrivate.so.6	akonadi
pimcommon	libKPim6AkonadiSearchPIM.so.6	akonadi-search
pimcommon	libKPim6AkonadiWidgets.so.6	akonadi
pimcommon	libKPim6GrantleeTheme.so.6	grantleetheme
pimcommon	libKPim6IMAP.so.6	kimap
pimcommon	libKPim6LdapCore.so.6	kldap
pimcommon	libKPim6LdapWidgets.so.6	kldap
pimcommon	libKPim6Libkdepim.so.6	libkdepim
pimcommon	libOpenGL.so.0	libglvnd
pimcommon	libPlasmaActivities.so.7	plasma-activities
pimcommon	libQt6Core.so.6	qt6
pimcommon	libQt6DBus.so.6	qt6
pimcommon	libQt6Gui.so.6	qt6
pimcommon	libQt6Network.so.6	qt6
pimcommon	libQt6Qml.so.6	qt6
pimcommon	libQt6Widgets.so.6	qt6
pimcommon	libQt6Xml.so.6	qt6
pimcommon	libc.so.6	aaa_glibc-solibs
pimcommon	libc.so.6	glibc
pimcommon	libgcc_s.so.1	aaa_libraries
pimcommon	libgcc_s.so.1	gcc
pimcommon	libm.so.6	aaa_glibc-solibs
pimcommon	libm.so.6	glibc
pimcommon	libstdc++.so.6	aaa_libraries
pimcommon	libstdc++.so.6	gcc-g++
pinentry	libKF5WaylandClient.so.5	kwayland5
pinentry	libKF6GuiAddons.so.6	kguiaddons
pinentry	libKF6WindowSystem.so.6	kwindowsystem
pinentry	libQt5Core.so.5	qt5
pinentry	libQt5Gui.so.5	qt5
pinentry	libQt5Widgets.so.5	qt5
pinentry	libQt5X11Extras.so.5	qt5
pinentry	libQt6Core.so.6	qt6
pinentry	libQt6Gui.so.6	qt6
pinentry	libQt6Widgets.so.6	qt6
pinentry	libX11.so.6	libX11
pinentry	libassuan.so.9	libassuan
pinentry	libatk-1.0.so.0	at-spi2-core
pinentry	libc.so.6	aaa_glibc-solibs
pinentry	libc.so.6	glibc
pinentry	libcairo.so.2	cairo
pinentry	libfontconfig.so.1	fontconfig
pinentry	libfreetype.so.6	freetype
pinentry	libgcc_s.so.1	aaa_libraries
pinentry	libgcc_s.so.1	gcc
pinentry	libgck-2.so.2	gcr4
pinentry	libgcr-4.so.4	gcr4
pinentry	libgdk-x11-2.0.so.0	gtk+2
pinentry	libgdk_pixbuf-2.0.so.0	gdk-pixbuf2
pinentry	libgio-2.0.so.0	glib2
pinentry	libglib-2.0.so.0	aaa_libraries
pinentry	libglib-2.0.so.0	glib2
pinentry	libgobject-2.0.so.0	aaa_libraries
pinentry	libgobject-2.0.so.0	glib2
pinentry	libgpg-error.so.0	aaa_libraries
pinentry	libgpg-error.so.0	libgpg-error
pinentry	libgtk-x11-2.0.so.0	gtk+2
pinentry	libharfbuzz.so.0	harfbuzz
pinentry	libm.so.6	aaa_glibc-solibs
pinentry	libm.so.6	glibc
pinentry	libncursesw.so.6	aaa_libraries
pinentry	libncursesw.so.6	ncurses
pinentry	libp11-kit.so.0	p11-kit
pinentry	libpango-1.0.so.0	pango
pinentry	libpangocairo-1.0.so.0	pango
pinentry	libpangoft2-1.0.so.0	pango
pinentry	libsecret-1.so.0	libsecret
pinentry	libstdc++.so.6	aaa_libraries
pinentry	libstdc++.so.6	gcc-g++
pinentry	libtinfo.so.6	aaa_libraries
pinentry	libtinfo.so.6	ncurses
pipewire	ld-linux-x86-64.so.2	aaa_glibc-solibs
pipewire	ld-linux-x86-64.so.2	glibc
pipewire	libX11.so.6	libX11
pipewire	libXfixes.so.3	libXfixes
pipewire	libasound.so.2	aaa_libraries
pipewire	libasound.so.2	alsa-lib
pipewire	libavahi-client.so.3	avahi
pipewire	libavahi-common.so.3	avahi
pipewire	libavcodec.so.63	ffmpeg
pipewire	libavfilter.so.12	ffmpeg
pipewire	libavutil.so.61	ffmpeg
pipewire	libbluetooth.so.3	bluez
pipewire	libc.so.6	aaa_glibc-solibs
pipewire	libc.so.6	glibc
pipewire	libcanberra.so.0	libcanberra
pipewire	libcrypto.so.3	openssl
pipewire	libcrypto.so.3	openssl-solibs
pipewire	libdbus-1.so.3	dbus
pipewire	libdrm.so.2	libdrm
pipewire	libfftw3f.so.3	fftw
pipewire	libgio-2.0.so.0	glib2
pipewire	libglib-2.0.so.0	aaa_libraries
pipewire	libglib-2.0.so.0	glib2
pipewire	libgobject-2.0.so.0	aaa_libraries
pipewire	libgobject-2.0.so.0	glib2
pipewire	libgstallocators-1.0.so.0	gst-plugins-base
pipewire	libgstaudio-1.0.so.0	gst-plugins-base
pipewire	libgstbase-1.0.so.0	gstreamer
pipewire	libgstreamer-1.0.so.0	gstreamer
pipewire	libgstvideo-1.0.so.0	gst-plugins-base
pipewire	libm.so.6	aaa_glibc-solibs
pipewire	libm.so.6	glibc
pipewire	libncursesw.so.6	aaa_libraries
pipewire	libncursesw.so.6	ncurses
pipewire	libopus.so.0	opus
pipewire	libpulse.so.0	pulseaudio
pipewire	libreadline.so.8	aaa_libraries
pipewire	libreadline.so.8	readline
pipewire	libsbc.so.1	sbc
pipewire	libsndfile.so.1	libsndfile
pipewire	libswscale.so.10	ffmpeg
pipewire	libtinfo.so.6	aaa_libraries
pipewire	libtinfo.so.6	ncurses
pipewire	libudev.so.1	aaa_libraries
pipewire	libudev.so.1	eudev
pipewire	libusb-1.0.so.0	aaa_libraries
pipewire	libusb-1.0.so.0	libusb
pipewire	libvulkan.so.1	vulkan-sdk
pixman	ld-linux-x86-64.so.2	aaa_glibc-solibs
pixman	ld-linux-x86-64.so.2	glibc
pixman	libc.so.6	aaa_glibc-solibs
pixman	libc.so.6	glibc
pixman	libm.so.6	aaa_glibc-solibs
pixman	libm.so.6	glibc
pkgconf	libc.so.6	aaa_glibc-solibs
pkgconf	libc.so.6	glibc
plasma-activities	libGLX.so.0	libglvnd
plasma-activities	libKF6ConfigCore.so.6	kconfig
plasma-activities	libKF6CoreAddons.so.6	kcoreaddons
plasma-activities	libOpenGL.so.0	libglvnd
plasma-activities	libQt6Core.so.6	qt6
plasma-activities	libQt6DBus.so.6	qt6
plasma-activities	libQt6Gui.so.6	qt6
plasma-activities	libQt6Network.so.6	qt6
plasma-activities	libQt6OpenGL.so.6	qt6
plasma-activities	libQt6Qml.so.6	qt6
plasma-activities	libQt6Quick.so.6	qt6
plasma-activities	libQt6Sql.so.6	qt6
plasma-activities	libc.so.6	aaa_glibc-solibs
plasma-activities	libc.so.6	glibc
plasma-activities	libgcc_s.so.1	aaa_libraries
plasma-activities	libgcc_s.so.1	gcc
plasma-activities	libm.so.6	aaa_glibc-solibs
plasma-activities	libm.so.6	glibc
plasma-activities	libstdc++.so.6	aaa_libraries
plasma-activities	libstdc++.so.6	gcc-g++
plasma-activities-stats	libKF6ConfigCore.so.6	kconfig
plasma-activities-stats	libPlasmaActivities.so.7	plasma-activities
plasma-activities-stats	libQt6Core.so.6	qt6
plasma-activities-stats	libQt6DBus.so.6	qt6
plasma-activities-stats	libQt6Sql.so.6	qt6
plasma-activities-stats	libc.so.6	aaa_glibc-solibs
plasma-activities-stats	libc.so.6	glibc
plasma-activities-stats	libgcc_s.so.1	aaa_libraries
plasma-activities-stats	libgcc_s.so.1	gcc
plasma-activities-stats	libm.so.6	aaa_glibc-solibs
plasma-activities-stats	libm.so.6	glibc
plasma-activities-stats	libstdc++.so.6	aaa_libraries
plasma-activities-stats	libstdc++.so.6	gcc-g++
plasma-bigscreen	libGLX.so.0	libglvnd
plasma-bigscreen	libKF6BluezQt.so.6	bluez-qt
plasma-bigscreen	libKF6ColorScheme.so.6	kcolorscheme
plasma-bigscreen	libKF6Completion.so.6	kcompletion
plasma-bigscreen	libKF6ConfigCore.so.6	kconfig
plasma-bigscreen	libKF6ConfigGui.so.6	kconfig
plasma-bigscreen	libKF6ConfigWidgets.so.6	kconfigwidgets
plasma-bigscreen	libKF6CoreAddons.so.6	kcoreaddons
plasma-bigscreen	libKF6DBusAddons.so.6	kdbusaddons
plasma-bigscreen	libKF6GlobalAccel.so.6	kglobalaccel
plasma-bigscreen	libKF6I18n.so.6	ki18n
plasma-bigscreen	libKF6I18nQml.so.6	ki18n
plasma-bigscreen	libKF6IconThemes.so.6	kiconthemes
plasma-bigscreen	libKF6ItemModels.so.6	kitemmodels
plasma-bigscreen	libKF6JobWidgets.so.6	kjobwidgets
plasma-bigscreen	libKF6KCMUtils.so.6	kcmutils
plasma-bigscreen	libKF6KCMUtilsCore.so.6	kcmutils
plasma-bigscreen	libKF6KCMUtilsQuick.so.6	kcmutils
plasma-bigscreen	libKF6KIOCore.so.6	kio
plasma-bigscreen	libKF6KIOGui.so.6	kio
plasma-bigscreen	libKF6KIOWidgets.so.6	kio
plasma-bigscreen	libKF6Notifications.so.6	knotifications
plasma-bigscreen	libKF6Package.so.6	kpackage
plasma-bigscreen	libKF6Screen.so.8	libkscreen
plasma-bigscreen	libKF6Service.so.6	kservice
plasma-bigscreen	libKF6Solid.so.6	solid
plasma-bigscreen	libKF6Svg.so.6	ksvg
plasma-bigscreen	libKF6WidgetsAddons.so.6	kwidgetsaddons
plasma-bigscreen	libKF6WindowSystem.so.6	kwindowsystem
plasma-bigscreen	libKirigamiPlatform.so.6	kirigami
plasma-bigscreen	libOpenGL.so.0	libglvnd
plasma-bigscreen	libPlasma.so.7	libplasma
plasma-bigscreen	libPlasmaActivities.so.7	plasma-activities
plasma-bigscreen	libPlasmaActivitiesStats.so.1	plasma-activities-stats
plasma-bigscreen	libQCoro6Qml.so.0	qcoro
plasma-bigscreen	libQt6Concurrent.so.6	qt6
plasma-bigscreen	libQt6Core.so.6	qt6
plasma-bigscreen	libQt6DBus.so.6	qt6
plasma-bigscreen	libQt6Gui.so.6	qt6
plasma-bigscreen	libQt6Network.so.6	qt6
plasma-bigscreen	libQt6OpenGL.so.6	qt6
plasma-bigscreen	libQt6Positioning.so.6	qt6
plasma-bigscreen	libQt6Qml.so.6	qt6
plasma-bigscreen	libQt6Quick.so.6	qt6
plasma-bigscreen	libQt6WebChannel.so.6	qt6
plasma-bigscreen	libQt6WebChannelQuick.so.6	qt6
plasma-bigscreen	libQt6WebEngineCore.so.6	qt6
plasma-bigscreen	libQt6WebEngineQuick.so.6	qt6
plasma-bigscreen	libQt6Widgets.so.6	qt6
plasma-bigscreen	libSDL3.so.0	SDL3
plasma-bigscreen	libX11.so.6	libX11
plasma-bigscreen	libc.so.6	aaa_glibc-solibs
plasma-bigscreen	libc.so.6	glibc
plasma-bigscreen	libcec.so.8	libcec
plasma-bigscreen	libgcc_s.so.1	aaa_libraries
plasma-bigscreen	libgcc_s.so.1	gcc
plasma-bigscreen	libkworkspace6.so.6	plasma-workspace
plasma-bigscreen	libm.so.6	aaa_glibc-solibs
plasma-bigscreen	libm.so.6	glibc
plasma-bigscreen	libstdc++.so.6	aaa_libraries
plasma-bigscreen	libstdc++.so.6	gcc-g++
plasma-bigscreen	libtaskmanager.so.6	plasma-workspace
plasma-browser-integration	ld-linux-x86-64.so.2	aaa_glibc-solibs
plasma-browser-integration	ld-linux-x86-64.so.2	glibc
plasma-browser-integration	libGLX.so.0	libglvnd
plasma-browser-integration	libKF6ConfigCore.so.6	kconfig
plasma-browser-integration	libKF6CoreAddons.so.6	kcoreaddons
plasma-browser-integration	libKF6Crash.so.6	kcrash
plasma-browser-integration	libKF6DBusAddons.so.6	kdbusaddons
plasma-browser-integration	libKF6FileMetaData.so.3	kfilemetadata
plasma-browser-integration	libKF6I18n.so.6	ki18n
plasma-browser-integration	libKF6ItemModels.so.6	kitemmodels
plasma-browser-integration	libKF6JobWidgets.so.6	kjobwidgets
plasma-browser-integration	libKF6KIOCore.so.6	kio
plasma-browser-integration	libKF6KIOGui.so.6	kio
plasma-browser-integration	libKF6Purpose.so.6	purpose
plasma-browser-integration	libKF6PurposeWidgets.so.6	purpose
plasma-browser-integration	libKF6Runner.so.6	krunner
plasma-browser-integration	libKF6Service.so.6	kservice
plasma-browser-integration	libKF6StatusNotifierItem.so.6	kstatusnotifieritem
plasma-browser-integration	libOpenGL.so.0	libglvnd
plasma-browser-integration	libPlasmaActivities.so.7	plasma-activities
plasma-browser-integration	libQt6Core.so.6	qt6
plasma-browser-integration	libQt6DBus.so.6	qt6
plasma-browser-integration	libQt6Gui.so.6	qt6
plasma-browser-integration	libQt6Network.so.6	qt6
plasma-browser-integration	libQt6OpenGL.so.6	qt6
plasma-browser-integration	libQt6Qml.so.6	qt6
plasma-browser-integration	libQt6Quick.so.6	qt6
plasma-browser-integration	libQt6Widgets.so.6	qt6
plasma-browser-integration	libc.so.6	aaa_glibc-solibs
plasma-browser-integration	libc.so.6	glibc
plasma-browser-integration	libgcc_s.so.1	aaa_libraries
plasma-browser-integration	libgcc_s.so.1	gcc
plasma-browser-integration	libm.so.6	aaa_glibc-solibs
plasma-browser-integration	libm.so.6	glibc
plasma-browser-integration	libstdc++.so.6	aaa_libraries
plasma-browser-integration	libstdc++.so.6	gcc-g++
plasma-browser-integration	libtaskmanager.so.6	plasma-workspace
plasma-desktop	libGLX.so.0	libglvnd
plasma-desktop	libKF6Attica.so.6	attica
plasma-desktop	libKF6Baloo.so.6	baloo
plasma-desktop	libKF6Bookmarks.so.6	kbookmarks
plasma-desktop	libKF6Codecs.so.6	kcodecs
plasma-desktop	libKF6ColorScheme.so.6	kcolorscheme
plasma-desktop	libKF6Completion.so.6	kcompletion
plasma-desktop	libKF6ConfigCore.so.6	kconfig
plasma-desktop	libKF6ConfigGui.so.6	kconfig
plasma-desktop	libKF6ConfigWidgets.so.6	kconfigwidgets
plasma-desktop	libKF6CoreAddons.so.6	kcoreaddons
plasma-desktop	libKF6Crash.so.6	kcrash
plasma-desktop	libKF6DBusAddons.so.6	kdbusaddons
plasma-desktop	libKF6FileMetaData.so.3	kfilemetadata
plasma-desktop	libKF6GlobalAccel.so.6	kglobalaccel
plasma-desktop	libKF6GuiAddons.so.6	kguiaddons
plasma-desktop	libKF6I18n.so.6	ki18n
plasma-desktop	libKF6I18nLocaleData.so.6	ki18n
plasma-desktop	libKF6IconThemes.so.6	kiconthemes
plasma-desktop	libKF6IconWidgets.so.6	kiconthemes
plasma-desktop	libKF6ItemModels.so.6	kitemmodels
plasma-desktop	libKF6ItemViews.so.6	kitemviews
plasma-desktop	libKF6JobWidgets.so.6	kjobwidgets
plasma-desktop	libKF6KCMUtils.so.6	kcmutils
plasma-desktop	libKF6KCMUtilsCore.so.6	kcmutils
plasma-desktop	libKF6KCMUtilsQuick.so.6	kcmutils
plasma-desktop	libKF6KIOCore.so.6	kio
plasma-desktop	libKF6KIOFileWidgets.so.6	kio
plasma-desktop	libKF6KIOGui.so.6	kio
plasma-desktop	libKF6KIOWidgets.so.6	kio
plasma-desktop	libKF6NewStuffCore.so.6	knewstuff
plasma-desktop	libKF6Notifications.so.6	knotifications
plasma-desktop	libKF6NotifyConfig.so.6	knotifyconfig
plasma-desktop	libKF6Package.so.6	kpackage
plasma-desktop	libKF6Runner.so.6	krunner
plasma-desktop	libKF6Service.so.6	kservice
plasma-desktop	libKF6Solid.so.6	solid
plasma-desktop	libKF6SonnetCore.so.6	sonnet
plasma-desktop	libKF6SonnetUi.so.6	sonnet
plasma-desktop	libKF6Svg.so.6	ksvg
plasma-desktop	libKF6WidgetsAddons.so.6	kwidgetsaddons
plasma-desktop	libKF6WindowSystem.so.6	kwindowsystem
plasma-desktop	libKF6XmlGui.so.6	kxmlgui
plasma-desktop	libKSysGuardFormatter.so.2	libksysguard
plasma-desktop	libKirigamiPlatform.so.6	kirigami
plasma-desktop	libOpenGL.so.0	libglvnd
plasma-desktop	libPlasma.so.7	libplasma
plasma-desktop	libPlasmaActivities.so.7	plasma-activities
plasma-desktop	libPlasmaActivitiesStats.so.1	plasma-activities-stats
plasma-desktop	libPlasmaQuick.so.7	libplasma
plasma-desktop	libQt6Concurrent.so.6	qt6
plasma-desktop	libQt6Core.so.6	qt6
plasma-desktop	libQt6DBus.so.6	qt6
plasma-desktop	libQt6Gui.so.6	qt6
plasma-desktop	libQt6Network.so.6	qt6
plasma-desktop	libQt6OpenGL.so.6	qt6
plasma-desktop	libQt6Qml.so.6	qt6
plasma-desktop	libQt6Quick.so.6	qt6
plasma-desktop	libQt6QuickWidgets.so.6	qt6
plasma-desktop	libQt6Sql.so.6	qt6
plasma-desktop	libQt6WaylandClient.so.6	qt6
plasma-desktop	libQt6Widgets.so.6	qt6
plasma-desktop	libQt6Xml.so.6	qt6
plasma-desktop	libSDL2-2.0.so.0	SDL2
plasma-desktop	libX11-xcb.so.1	libX11
plasma-desktop	libX11.so.6	libX11
plasma-desktop	libXcursor.so.1	libXcursor
plasma-desktop	libXext.so.6	libXext
plasma-desktop	libXfixes.so.3	libXfixes
plasma-desktop	libXi.so.6	libXi
plasma-desktop	libXrender.so.1	libXrender
plasma-desktop	libc.so.6	aaa_glibc-solibs
plasma-desktop	libc.so.6	glibc
plasma-desktop	libcanberra.so.0	libcanberra
plasma-desktop	libgcc_s.so.1	aaa_libraries
plasma-desktop	libgcc_s.so.1	gcc
plasma-desktop	libgio-2.0.so.0	glib2
plasma-desktop	libglib-2.0.so.0	aaa_libraries
plasma-desktop	libglib-2.0.so.0	glib2
plasma-desktop	libgobject-2.0.so.0	aaa_libraries
plasma-desktop	libgobject-2.0.so.0	glib2
plasma-desktop	libgthread-2.0.so.0	aaa_libraries
plasma-desktop	libgthread-2.0.so.0	glib2
plasma-desktop	libibus-1.0.so.5	ibus
plasma-desktop	libklookandfeel.so.6	plasma-workspace
plasma-desktop	libkworkspace6.so.6	plasma-workspace
plasma-desktop	libm.so.6	aaa_glibc-solibs
plasma-desktop	libm.so.6	glibc
plasma-desktop	libnotificationmanager.so.1	plasma-workspace
plasma-desktop	libprocesscore.so.11	libksysguard
plasma-desktop	libstdc++.so.6	aaa_libraries
plasma-desktop	libstdc++.so.6	gcc-g++
plasma-desktop	libtaskmanager.so.6	plasma-workspace
plasma-desktop	libudev.so.1	aaa_libraries
plasma-desktop	libudev.so.1	eudev
plasma-desktop	libwacom.so.9	libwacom
plasma-desktop	libwayland-client.so.0	wayland
plasma-desktop	libwayland-cursor.so.0	wayland
plasma-desktop	libxcb-keysyms.so.1	xcb-util-keysyms
plasma-desktop	libxcb-record.so.0	libxcb
plasma-desktop	libxcb-util.so.1	xcb-util
plasma-desktop	libxcb-xkb.so.1	libxcb
plasma-desktop	libxcb.so.1	libxcb
plasma-desktop	libxkbcommon.so.0	aaa_libraries
plasma-desktop	libxkbcommon.so.0	libxkbcommon
plasma-desktop	libxkbfile.so.1	libxkbfile
plasma-desktop	libxkbregistry.so.0	libxkbcommon
plasma-disks	libGLX.so.0	libglvnd
plasma-disks	libKF6AuthCore.so.6	kauth
plasma-disks	libKF6ConfigCore.so.6	kconfig
plasma-disks	libKF6CoreAddons.so.6	kcoreaddons
plasma-disks	libKF6DBusAddons.so.6	kdbusaddons
plasma-disks	libKF6I18n.so.6	ki18n
plasma-disks	libKF6KCMUtilsCore.so.6	kcmutils
plasma-disks	libKF6KCMUtilsQuick.so.6	kcmutils
plasma-disks	libKF6KIOCore.so.6	kio
plasma-disks	libKF6KIOGui.so.6	kio
plasma-disks	libKF6Notifications.so.6	knotifications
plasma-disks	libKF6Service.so.6	kservice
plasma-disks	libKF6Solid.so.6	solid
plasma-disks	libOpenGL.so.0	libglvnd
plasma-disks	libQt6Core.so.6	qt6
plasma-disks	libQt6DBus.so.6	qt6
plasma-disks	libQt6Gui.so.6	qt6
plasma-disks	libQt6Network.so.6	qt6
plasma-disks	libQt6Qml.so.6	qt6
plasma-disks	libc.so.6	aaa_glibc-solibs
plasma-disks	libc.so.6	glibc
plasma-disks	libgcc_s.so.1	aaa_libraries
plasma-disks	libgcc_s.so.1	gcc
plasma-disks	libm.so.6	aaa_glibc-solibs
plasma-disks	libm.so.6	glibc
plasma-disks	libstdc++.so.6	aaa_libraries
plasma-disks	libstdc++.so.6	gcc-g++
plasma-firewall	libGLX.so.0	libglvnd
plasma-firewall	libKF6AuthCore.so.6	kauth
plasma-firewall	libKF6ColorScheme.so.6	kcolorscheme
plasma-firewall	libKF6ConfigCore.so.6	kconfig
plasma-firewall	libKF6ConfigGui.so.6	kconfig
plasma-firewall	libKF6ConfigWidgets.so.6	kconfigwidgets
plasma-firewall	libKF6CoreAddons.so.6	kcoreaddons
plasma-firewall	libKF6I18n.so.6	ki18n
plasma-firewall	libKF6KCMUtils.so.6	kcmutils
plasma-firewall	libKF6KCMUtilsCore.so.6	kcmutils
plasma-firewall	libKF6KCMUtilsQuick.so.6	kcmutils
plasma-firewall	libKF6WidgetsAddons.so.6	kwidgetsaddons
plasma-firewall	libOpenGL.so.0	libglvnd
plasma-firewall	libQt6Core.so.6	qt6
plasma-firewall	libQt6DBus.so.6	qt6
plasma-firewall	libQt6Gui.so.6	qt6
plasma-firewall	libQt6Network.so.6	qt6
plasma-firewall	libQt6OpenGL.so.6	qt6
plasma-firewall	libQt6Qml.so.6	qt6
plasma-firewall	libQt6Quick.so.6	qt6
plasma-firewall	libQt6Widgets.so.6	qt6
plasma-firewall	libc.so.6	aaa_glibc-solibs
plasma-firewall	libc.so.6	glibc
plasma-firewall	libgcc_s.so.1	aaa_libraries
plasma-firewall	libgcc_s.so.1	gcc
plasma-firewall	libm.so.6	aaa_glibc-solibs
plasma-firewall	libm.so.6	glibc
plasma-firewall	libstdc++.so.6	aaa_libraries
plasma-firewall	libstdc++.so.6	gcc-g++
plasma-framework5	libEGL.so.1	libglvnd
plasma-framework5	libGLX.so.0	libglvnd
plasma-framework5	libICE.so.6	libICE
plasma-framework5	libKF5Activities.so.5	kactivities5
plasma-framework5	libKF5Archive.so.5	karchive5
plasma-framework5	libKF5Auth.so.5	kauth5
plasma-framework5	libKF5AuthCore.so.5	kauth5
plasma-framework5	libKF5CalendarEvents.so.5	kdeclarative5
plasma-framework5	libKF5Codecs.so.5	kcodecs5
plasma-framework5	libKF5Completion.so.5	kcompletion5
plasma-framework5	libKF5ConfigCore.so.5	kconfig5
plasma-framework5	libKF5ConfigGui.so.5	kconfig5
plasma-framework5	libKF5ConfigQml.so.5	kconfig5
plasma-framework5	libKF5ConfigWidgets.so.5	kconfigwidgets5
plasma-framework5	libKF5CoreAddons.so.5	kcoreaddons5
plasma-framework5	libKF5Declarative.so.5	kdeclarative5
plasma-framework5	libKF5GlobalAccel.so.5	kglobalaccel5
plasma-framework5	libKF5GuiAddons.so.5	kguiaddons5
plasma-framework5	libKF5I18n.so.5	ki18n5
plasma-framework5	libKF5IconThemes.so.5	kiconthemes5
plasma-framework5	libKF5JobWidgets.so.5	kjobwidgets5
plasma-framework5	libKF5KIOCore.so.5	kio5
plasma-framework5	libKF5KIOGui.so.5	kio5
plasma-framework5	libKF5KIOWidgets.so.5	kio5
plasma-framework5	libKF5Kirigami2.so.5	kirigami5
plasma-framework5	libKF5Notifications.so.5	knotifications5
plasma-framework5	libKF5Package.so.5	kpackage5
plasma-framework5	libKF5QuickAddons.so.5	kdeclarative5
plasma-framework5	libKF5Service.so.5	kservice5
plasma-framework5	libKF5Solid.so.5	solid5
plasma-framework5	libKF5WaylandClient.so.5	kwayland5
plasma-framework5	libKF5WidgetsAddons.so.5	kwidgetsaddons5
plasma-framework5	libKF5WindowSystem.so.5	kwindowsystem5
plasma-framework5	libKF5XmlGui.so.5	kxmlgui5
plasma-framework5	libOpenGL.so.0	libglvnd
plasma-framework5	libQt5Concurrent.so.5	qt5
plasma-framework5	libQt5Core.so.5	qt5
plasma-framework5	libQt5DBus.so.5	qt5
plasma-framework5	libQt5Gui.so.5	qt5
plasma-framework5	libQt5Network.so.5	qt5
plasma-framework5	libQt5Qml.so.5	qt5
plasma-framework5	libQt5QmlModels.so.5	qt5
plasma-framework5	libQt5Quick.so.5	qt5
plasma-framework5	libQt5Sql.so.5	qt5
plasma-framework5	libQt5Svg.so.5	qt5
plasma-framework5	libQt5Widgets.so.5	qt5
plasma-framework5	libQt5X11Extras.so.5	qt5
plasma-framework5	libQt5Xml.so.5	qt5
plasma-framework5	libSM.so.6	libSM
plasma-framework5	libX11.so.6	libX11
plasma-framework5	libXext.so.6	libXext
plasma-framework5	libc.so.6	aaa_glibc-solibs
plasma-framework5	libc.so.6	glibc
plasma-framework5	libgcc_s.so.1	aaa_libraries
plasma-framework5	libgcc_s.so.1	gcc
plasma-framework5	libm.so.6	aaa_glibc-solibs
plasma-framework5	libm.so.6	glibc
plasma-framework5	libstdc++.so.6	aaa_libraries
plasma-framework5	libstdc++.so.6	gcc-g++
plasma-framework5	libxcb-composite.so.0	libxcb
plasma-framework5	libxcb-damage.so.0	libxcb
plasma-framework5	libxcb-render.so.0	libxcb
plasma-framework5	libxcb-shape.so.0	libxcb
plasma-framework5	libxcb-xfixes.so.0	libxcb
plasma-framework5	libxcb.so.1	libxcb
plasma-integration	libGLX.so.0	libglvnd
plasma-integration	libKF5Auth.so.5	kauth5
plasma-integration	libKF5AuthCore.so.5	kauth5
plasma-integration	libKF5Bookmarks.so.5	kbookmarks5
plasma-integration	libKF5Codecs.so.5	kcodecs5
plasma-integration	libKF5Completion.so.5	kcompletion5
plasma-integration	libKF5ConfigCore.so.5	kconfig5
plasma-integration	libKF5ConfigGui.so.5	kconfig5
plasma-integration	libKF5ConfigWidgets.so.5	kconfigwidgets5
plasma-integration	libKF5CoreAddons.so.5	kcoreaddons5
plasma-integration	libKF5GuiAddons.so.5	kguiaddons5
plasma-integration	libKF5I18n.so.5	ki18n5
plasma-integration	libKF5IconThemes.so.5	kiconthemes5
plasma-integration	libKF5ItemViews.so.5	kitemviews5
plasma-integration	libKF5JobWidgets.so.5	kjobwidgets5
plasma-integration	libKF5KIOCore.so.5	kio5
plasma-integration	libKF5KIOFileWidgets.so.5	kio5
plasma-integration	libKF5KIOGui.so.5	kio5
plasma-integration	libKF5KIOWidgets.so.5	kio5
plasma-integration	libKF5Notifications.so.5	knotifications5
plasma-integration	libKF5Service.so.5	kservice5
plasma-integration	libKF5Solid.so.5	solid5
plasma-integration	libKF5WaylandClient.so.5	kwayland5
plasma-integration	libKF5WidgetsAddons.so.5	kwidgetsaddons5
plasma-integration	libKF5WindowSystem.so.5	kwindowsystem5
plasma-integration	libKF5XmlGui.so.5	kxmlgui5
plasma-integration	libKF6Bookmarks.so.6	kbookmarks
plasma-integration	libKF6ColorScheme.so.6	kcolorscheme
plasma-integration	libKF6Completion.so.6	kcompletion
plasma-integration	libKF6ConfigCore.so.6	kconfig
plasma-integration	libKF6ConfigGui.so.6	kconfig
plasma-integration	libKF6CoreAddons.so.6	kcoreaddons
plasma-integration	libKF6GuiAddons.so.6	kguiaddons
plasma-integration	libKF6I18n.so.6	ki18n
plasma-integration	libKF6IconThemes.so.6	kiconthemes
plasma-integration	libKF6ItemViews.so.6	kitemviews
plasma-integration	libKF6JobWidgets.so.6	kjobwidgets
plasma-integration	libKF6KIOCore.so.6	kio
plasma-integration	libKF6KIOFileWidgets.so.6	kio
plasma-integration	libKF6KIOGui.so.6	kio
plasma-integration	libKF6KIOWidgets.so.6	kio
plasma-integration	libKF6Notifications.so.6	knotifications
plasma-integration	libKF6Service.so.6	kservice
plasma-integration	libKF6Solid.so.6	solid
plasma-integration	libKF6StatusNotifierItem.so.6	kstatusnotifieritem
plasma-integration	libKF6WidgetsAddons.so.6	kwidgetsaddons
plasma-integration	libKF6WindowSystem.so.6	kwindowsystem
plasma-integration	libOpenGL.so.0	libglvnd
plasma-integration	libQt5Concurrent.so.5	qt5
plasma-integration	libQt5Core.so.5	qt5
plasma-integration	libQt5DBus.so.5	qt5
plasma-integration	libQt5Gui.so.5	qt5
plasma-integration	libQt5Network.so.5	qt5
plasma-integration	libQt5Qml.so.5	qt5
plasma-integration	libQt5QmlModels.so.5	qt5
plasma-integration	libQt5Quick.so.5	qt5
plasma-integration	libQt5QuickControls2.so.5	qt5
plasma-integration	libQt5WaylandClient.so.5	qt5
plasma-integration	libQt5Widgets.so.5	qt5
plasma-integration	libQt5X11Extras.so.5	qt5
plasma-integration	libQt5Xml.so.5	qt5
plasma-integration	libQt6Core.so.6	qt6
plasma-integration	libQt6DBus.so.6	qt6
plasma-integration	libQt6Gui.so.6	qt6
plasma-integration	libQt6Network.so.6	qt6
plasma-integration	libQt6OpenGL.so.6	qt6
plasma-integration	libQt6Qml.so.6	qt6
plasma-integration	libQt6Quick.so.6	qt6
plasma-integration	libQt6QuickControls2.so.6	qt6
plasma-integration	libQt6WaylandClient.so.6	qt6
plasma-integration	libQt6Widgets.so.6	qt6
plasma-integration	libQt6Xml.so.6	qt6
plasma-integration	libX11.so.6	libX11
plasma-integration	libXcursor.so.1	libXcursor
plasma-integration	libc.so.6	aaa_glibc-solibs
plasma-integration	libc.so.6	glibc
plasma-integration	libgcc_s.so.1	aaa_libraries
plasma-integration	libgcc_s.so.1	gcc
plasma-integration	libm.so.6	aaa_glibc-solibs
plasma-integration	libm.so.6	glibc
plasma-integration	libstdc++.so.6	aaa_libraries
plasma-integration	libstdc++.so.6	gcc-g++
plasma-integration	libwayland-client.so.0	wayland
plasma-integration	libwayland-cursor.so.0	wayland
plasma-integration	libxcb.so.1	libxcb
plasma-integration	libxkbcommon.so.0	aaa_libraries
plasma-integration	libxkbcommon.so.0	libxkbcommon
plasma-nano	libGLX.so.0	libglvnd
plasma-nano	libKF6Service.so.6	kservice
plasma-nano	libKF6WindowSystem.so.6	kwindowsystem
plasma-nano	libKWaylandClient.so.6	kwayland
plasma-nano	libOpenGL.so.0	libglvnd
plasma-nano	libQt6Core.so.6	qt6
plasma-nano	libQt6Gui.so.6	qt6
plasma-nano	libQt6Network.so.6	qt6
plasma-nano	libQt6OpenGL.so.6	qt6
plasma-nano	libQt6Qml.so.6	qt6
plasma-nano	libQt6Quick.so.6	qt6
plasma-nano	libX11.so.6	libX11
plasma-nano	libc.so.6	aaa_glibc-solibs
plasma-nano	libc.so.6	glibc
plasma-nano	libgcc_s.so.1	aaa_libraries
plasma-nano	libgcc_s.so.1	gcc
plasma-nano	libm.so.6	aaa_glibc-solibs
plasma-nano	libm.so.6	glibc
plasma-nano	libstdc++.so.6	aaa_libraries
plasma-nano	libstdc++.so.6	gcc-g++
plasma-nm	libGLX.so.0	libglvnd
plasma-nm	libKF6ColorScheme.so.6	kcolorscheme
plasma-nm	libKF6Completion.so.6	kcompletion
plasma-nm	libKF6ConfigCore.so.6	kconfig
plasma-nm	libKF6ConfigGui.so.6	kconfig
plasma-nm	libKF6ConfigWidgets.so.6	kconfigwidgets
plasma-nm	libKF6CoreAddons.so.6	kcoreaddons
plasma-nm	libKF6DBusAddons.so.6	kdbusaddons
plasma-nm	libKF6I18n.so.6	ki18n
plasma-nm	libKF6JobWidgets.so.6	kjobwidgets
plasma-nm	libKF6KCMUtils.so.6	kcmutils
plasma-nm	libKF6KCMUtilsCore.so.6	kcmutils
plasma-nm	libKF6KCMUtilsQuick.so.6	kcmutils
plasma-nm	libKF6KIOCore.so.6	kio
plasma-nm	libKF6KIOGui.so.6	kio
plasma-nm	libKF6KIOWidgets.so.6	kio
plasma-nm	libKF6ModemManagerQt.so.6	modemmanager-qt
plasma-nm	libKF6NetworkManagerQt.so.6	networkmanager-qt
plasma-nm	libKF6Notifications.so.6	knotifications
plasma-nm	libKF6Service.so.6	kservice
plasma-nm	libKF6Solid.so.6	solid
plasma-nm	libKF6WidgetsAddons.so.6	kwidgetsaddons
plasma-nm	libKF6WindowSystem.so.6	kwindowsystem
plasma-nm	libKirigamiPlatform.so.6	kirigami
plasma-nm	libOpenGL.so.0	libglvnd
plasma-nm	libPlasma.so.7	libplasma
plasma-nm	libQCoro6Core.so.0	qcoro
plasma-nm	libQCoro6DBus.so.0	qcoro
plasma-nm	libQt6Core.so.6	qt6
plasma-nm	libQt6DBus.so.6	qt6
plasma-nm	libQt6Gui.so.6	qt6
plasma-nm	libQt6Network.so.6	qt6
plasma-nm	libQt6OpenGL.so.6	qt6
plasma-nm	libQt6Qml.so.6	qt6
plasma-nm	libQt6Quick.so.6	qt6
plasma-nm	libQt6QuickWidgets.so.6	qt6
plasma-nm	libQt6Widgets.so.6	qt6
plasma-nm	libQt6Xml.so.6	qt6
plasma-nm	libX11.so.6	libX11
plasma-nm	libc.so.6	aaa_glibc-solibs
plasma-nm	libc.so.6	glibc
plasma-nm	libcrypto.so.3	openssl
plasma-nm	libcrypto.so.3	openssl-solibs
plasma-nm	libgcc_s.so.1	aaa_libraries
plasma-nm	libgcc_s.so.1	gcc
plasma-nm	libgio-2.0.so.0	glib2
plasma-nm	libglib-2.0.so.0	aaa_libraries
plasma-nm	libglib-2.0.so.0	glib2
plasma-nm	libgobject-2.0.so.0	aaa_libraries
plasma-nm	libgobject-2.0.so.0	glib2
plasma-nm	libm.so.6	aaa_glibc-solibs
plasma-nm	libm.so.6	glibc
plasma-nm	libnm.so.0	NetworkManager
plasma-nm	libqt6keychain.so.1	qtkeychain
plasma-nm	libstdc++.so.6	aaa_libraries
plasma-nm	libstdc++.so.6	gcc-g++
plasma-pa	libGLX.so.0	libglvnd
plasma-pa	libKF6ConfigCore.so.6	kconfig
plasma-pa	libKF6ConfigGui.so.6	kconfig
plasma-pa	libKF6CoreAddons.so.6	kcoreaddons
plasma-pa	libKF6DBusAddons.so.6	kdbusaddons
plasma-pa	libKF6GlobalAccel.so.6	kglobalaccel
plasma-pa	libKF6I18n.so.6	ki18n
plasma-pa	libKF6KCMUtilsCore.so.6	kcmutils
plasma-pa	libKF6KCMUtilsQuick.so.6	kcmutils
plasma-pa	libKF6PulseAudioQt.so.5	pulseaudio-qt
plasma-pa	libKF6StatusNotifierItem.so.6	kstatusnotifieritem
plasma-pa	libKirigamiPlatform.so.6	kirigami
plasma-pa	libOpenGL.so.0	libglvnd
plasma-pa	libPlasma.so.7	libplasma
plasma-pa	libQt6Core.so.6	qt6
plasma-pa	libQt6DBus.so.6	qt6
plasma-pa	libQt6Gui.so.6	qt6
plasma-pa	libQt6Network.so.6	qt6
plasma-pa	libQt6OpenGL.so.6	qt6
plasma-pa	libQt6Qml.so.6	qt6
plasma-pa	libQt6Quick.so.6	qt6
plasma-pa	libQt6Widgets.so.6	qt6
plasma-pa	libc.so.6	aaa_glibc-solibs
plasma-pa	libc.so.6	glibc
plasma-pa	libcanberra.so.0	libcanberra
plasma-pa	libgcc_s.so.1	aaa_libraries
plasma-pa	libgcc_s.so.1	gcc
plasma-pa	libgio-2.0.so.0	glib2
plasma-pa	libglib-2.0.so.0	aaa_libraries
plasma-pa	libglib-2.0.so.0	glib2
plasma-pa	libgobject-2.0.so.0	aaa_libraries
plasma-pa	libgobject-2.0.so.0	glib2
plasma-pa	libm.so.6	aaa_glibc-solibs
plasma-pa	libm.so.6	glibc
plasma-pa	libpulse-mainloop-glib.so.0	pulseaudio
plasma-pa	libpulse.so.0	pulseaudio
plasma-pa	libstdc++.so.6	aaa_libraries
plasma-pa	libstdc++.so.6	gcc-g++
plasma-sdk	libGLX.so.0	libglvnd
plasma-sdk	libKF6Archive.so.6	karchive
plasma-sdk	libKF6ColorScheme.so.6	kcolorscheme
plasma-sdk	libKF6Completion.so.6	kcompletion
plasma-sdk	libKF6ConfigCore.so.6	kconfig
plasma-sdk	libKF6ConfigGui.so.6	kconfig
plasma-sdk	libKF6ConfigWidgets.so.6	kconfigwidgets
plasma-sdk	libKF6CoreAddons.so.6	kcoreaddons
plasma-sdk	libKF6Crash.so.6	kcrash
plasma-sdk	libKF6DBusAddons.so.6	kdbusaddons
plasma-sdk	libKF6GuiAddons.so.6	kguiaddons
plasma-sdk	libKF6I18n.so.6	ki18n
plasma-sdk	libKF6I18nQml.so.6	ki18n
plasma-sdk	libKF6IconThemes.so.6	kiconthemes
plasma-sdk	libKF6JobWidgets.so.6	kjobwidgets
plasma-sdk	libKF6KIOCore.so.6	kio
plasma-sdk	libKF6KIOGui.so.6	kio
plasma-sdk	libKF6KIOWidgets.so.6	kio
plasma-sdk	libKF6Package.so.6	kpackage
plasma-sdk	libKF6Parts.so.6	kparts
plasma-sdk	libKF6Service.so.6	kservice
plasma-sdk	libKF6Svg.so.6	ksvg
plasma-sdk	libKF6SyntaxHighlighting.so.6	syntax-highlighting
plasma-sdk	libKF6TextEditor.so.6	ktexteditor
plasma-sdk	libKF6WidgetsAddons.so.6	kwidgetsaddons
plasma-sdk	libKF6WindowSystem.so.6	kwindowsystem
plasma-sdk	libKF6XmlGui.so.6	kxmlgui
plasma-sdk	libKirigamiPlatform.so.6	kirigami
plasma-sdk	libOpenGL.so.0	libglvnd
plasma-sdk	libPlasma.so.7	libplasma
plasma-sdk	libPlasma5Support.so.6	plasma5support
plasma-sdk	libPlasmaQuick.so.7	libplasma
plasma-sdk	libQt6Core.so.6	qt6
plasma-sdk	libQt6DBus.so.6	qt6
plasma-sdk	libQt6Gui.so.6	qt6
plasma-sdk	libQt6Network.so.6	qt6
plasma-sdk	libQt6OpenGL.so.6	qt6
plasma-sdk	libQt6Qml.so.6	qt6
plasma-sdk	libQt6Quick.so.6	qt6
plasma-sdk	libQt6Widgets.so.6	qt6
plasma-sdk	libQt6Xml.so.6	qt6
plasma-sdk	libX11.so.6	libX11
plasma-sdk	libc.so.6	aaa_glibc-solibs
plasma-sdk	libc.so.6	glibc
plasma-sdk	libgcc_s.so.1	aaa_libraries
plasma-sdk	libgcc_s.so.1	gcc
plasma-sdk	libm.so.6	aaa_glibc-solibs
plasma-sdk	libm.so.6	glibc
plasma-sdk	libstdc++.so.6	aaa_libraries
plasma-sdk	libstdc++.so.6	gcc-g++
plasma-systemmonitor	libGLX.so.0	libglvnd
plasma-systemmonitor	libKF6Attica.so.6	attica
plasma-systemmonitor	libKF6ConfigCore.so.6	kconfig
plasma-systemmonitor	libKF6ConfigGui.so.6	kconfig
plasma-systemmonitor	libKF6CoreAddons.so.6	kcoreaddons
plasma-systemmonitor	libKF6Crash.so.6	kcrash
plasma-systemmonitor	libKF6DBusAddons.so.6	kdbusaddons
plasma-systemmonitor	libKF6GlobalAccel.so.6	kglobalaccel
plasma-systemmonitor	libKF6I18n.so.6	ki18n
plasma-systemmonitor	libKF6I18nQml.so.6	ki18n
plasma-systemmonitor	libKF6ItemModels.so.6	kitemmodels
plasma-systemmonitor	libKF6KIOCore.so.6	kio
plasma-systemmonitor	libKF6KIOGui.so.6	kio
plasma-systemmonitor	libKF6NewStuffCore.so.6	knewstuff
plasma-systemmonitor	libKF6Service.so.6	kservice
plasma-systemmonitor	libKF6WindowSystem.so.6	kwindowsystem
plasma-systemmonitor	libKSysGuardFormatter.so.2	libksysguard
plasma-systemmonitor	libKSysGuardSensorFaces.so.2	libksysguard
plasma-systemmonitor	libKSysGuardSensors.so.2	libksysguard
plasma-systemmonitor	libOpenGL.so.0	libglvnd
plasma-systemmonitor	libQt6Core.so.6	qt6
plasma-systemmonitor	libQt6DBus.so.6	qt6
plasma-systemmonitor	libQt6Gui.so.6	qt6
plasma-systemmonitor	libQt6Network.so.6	qt6
plasma-systemmonitor	libQt6OpenGL.so.6	qt6
plasma-systemmonitor	libQt6Qml.so.6	qt6
plasma-systemmonitor	libQt6Quick.so.6	qt6
plasma-systemmonitor	libQt6Widgets.so.6	qt6
plasma-systemmonitor	libX11.so.6	libX11
plasma-systemmonitor	libc.so.6	aaa_glibc-solibs
plasma-systemmonitor	libc.so.6	glibc
plasma-systemmonitor	libgcc_s.so.1	aaa_libraries
plasma-systemmonitor	libgcc_s.so.1	gcc
plasma-systemmonitor	libm.so.6	aaa_glibc-solibs
plasma-systemmonitor	libm.so.6	glibc
plasma-systemmonitor	libprocesscore.so.11	libksysguard
plasma-systemmonitor	libstdc++.so.6	aaa_libraries
plasma-systemmonitor	libstdc++.so.6	gcc-g++
plasma-vault	libGLX.so.0	libglvnd
plasma-vault	libKF6Completion.so.6	kcompletion
plasma-vault	libKF6ConfigCore.so.6	kconfig
plasma-vault	libKF6CoreAddons.so.6	kcoreaddons
plasma-vault	libKF6DBusAddons.so.6	kdbusaddons
plasma-vault	libKF6I18n.so.6	ki18n
plasma-vault	libKF6JobWidgets.so.6	kjobwidgets
plasma-vault	libKF6KIOCore.so.6	kio
plasma-vault	libKF6KIOGui.so.6	kio
plasma-vault	libKF6KIOWidgets.so.6	kio
plasma-vault	libKF6NetworkManagerQt.so.6	networkmanager-qt
plasma-vault	libKF6Service.so.6	kservice
plasma-vault	libKF6WidgetsAddons.so.6	kwidgetsaddons
plasma-vault	libKSysGuardFormatter.so.2	libksysguard
plasma-vault	libKirigamiPlatform.so.6	kirigami
plasma-vault	libOpenGL.so.0	libglvnd
plasma-vault	libPlasma.so.7	libplasma
plasma-vault	libPlasmaActivities.so.7	plasma-activities
plasma-vault	libQt6Core.so.6	qt6
plasma-vault	libQt6DBus.so.6	qt6
plasma-vault	libQt6Gui.so.6	qt6
plasma-vault	libQt6Network.so.6	qt6
plasma-vault	libQt6OpenGL.so.6	qt6
plasma-vault	libQt6Qml.so.6	qt6
plasma-vault	libQt6Quick.so.6	qt6
plasma-vault	libQt6Widgets.so.6	qt6
plasma-vault	libc.so.6	aaa_glibc-solibs
plasma-vault	libc.so.6	glibc
plasma-vault	libgcc_s.so.1	aaa_libraries
plasma-vault	libgcc_s.so.1	gcc
plasma-vault	libgio-2.0.so.0	glib2
plasma-vault	libglib-2.0.so.0	aaa_libraries
plasma-vault	libglib-2.0.so.0	glib2
plasma-vault	libgobject-2.0.so.0	aaa_libraries
plasma-vault	libgobject-2.0.so.0	glib2
plasma-vault	libm.so.6	aaa_glibc-solibs
plasma-vault	libm.so.6	glibc
plasma-vault	libnm.so.0	NetworkManager
plasma-vault	libprocesscore.so.11	libksysguard
plasma-vault	libstdc++.so.6	aaa_libraries
plasma-vault	libstdc++.so.6	gcc-g++
plasma-workspace	ld-linux-x86-64.so.2	aaa_glibc-solibs
plasma-workspace	ld-linux-x86-64.so.2	glibc
plasma-workspace	libAppStreamQt.so.3	appstream
plasma-workspace	libGLX.so.0	libglvnd
plasma-workspace	libICE.so.6	libICE
plasma-workspace	libKExiv2Qt6.so.0	libkexiv2
plasma-workspace	libKF6Archive.so.6	karchive
plasma-workspace	libKF6Attica.so.6	attica
plasma-workspace	libKF6AuthCore.so.6	kauth
plasma-workspace	libKF6Baloo.so.6	baloo
plasma-workspace	libKF6Bookmarks.so.6	kbookmarks
plasma-workspace	libKF6CalendarEvents.so.6	kdeclarative
plasma-workspace	libKF6ColorScheme.so.6	kcolorscheme
plasma-workspace	libKF6Completion.so.6	kcompletion
plasma-workspace	libKF6ConfigCore.so.6	kconfig
plasma-workspace	libKF6ConfigGui.so.6	kconfig
plasma-workspace	libKF6ConfigQml.so.6	kconfig
plasma-workspace	libKF6ConfigWidgets.so.6	kconfigwidgets
plasma-workspace	libKF6CoreAddons.so.6	kcoreaddons
plasma-workspace	libKF6Crash.so.6	kcrash
plasma-workspace	libKF6DBusAddons.so.6	kdbusaddons
plasma-workspace	libKF6FileMetaData.so.3	kfilemetadata
plasma-workspace	libKF6GlobalAccel.so.6	kglobalaccel
plasma-workspace	libKF6GuiAddons.so.6	kguiaddons
plasma-workspace	libKF6Holidays.so.6	kholidays
plasma-workspace	libKF6I18n.so.6	ki18n
plasma-workspace	libKF6I18nLocaleData.so.6	ki18n
plasma-workspace	libKF6IconThemes.so.6	kiconthemes
plasma-workspace	libKF6IconWidgets.so.6	kiconthemes
plasma-workspace	libKF6IdleTime.so.6	kidletime
plasma-workspace	libKF6ItemModels.so.6	kitemmodels
plasma-workspace	libKF6ItemViews.so.6	kitemviews
plasma-workspace	libKF6JobWidgets.so.6	kjobwidgets
plasma-workspace	libKF6KCMUtils.so.6	kcmutils
plasma-workspace	libKF6KCMUtilsCore.so.6	kcmutils
plasma-workspace	libKF6KCMUtilsQuick.so.6	kcmutils
plasma-workspace	libKF6KIOCore.so.6	kio
plasma-workspace	libKF6KIOFileWidgets.so.6	kio
plasma-workspace	libKF6KIOGui.so.6	kio
plasma-workspace	libKF6KIOWidgets.so.6	kio
plasma-workspace	libKF6NetworkManagerQt.so.6	networkmanager-qt
plasma-workspace	libKF6NewStuffCore.so.6	knewstuff
plasma-workspace	libKF6NewStuffWidgets.so.6	knewstuff
plasma-workspace	libKF6Notifications.so.6	knotifications
plasma-workspace	libKF6Package.so.6	kpackage
plasma-workspace	libKF6Parts.so.6	kparts
plasma-workspace	libKF6Prison.so.6	prison
plasma-workspace	libKF6Runner.so.6	krunner
plasma-workspace	libKF6Screen.so.8	libkscreen
plasma-workspace	libKF6Service.so.6	kservice
plasma-workspace	libKF6Solid.so.6	solid
plasma-workspace	libKF6SonnetUi.so.6	sonnet
plasma-workspace	libKF6StatusNotifierItem.so.6	kstatusnotifieritem
plasma-workspace	libKF6Svg.so.6	ksvg
plasma-workspace	libKF6SyntaxHighlighting.so.6	syntax-highlighting
plasma-workspace	libKF6TextEditor.so.6	ktexteditor
plasma-workspace	libKF6TextWidgets.so.6	ktextwidgets
plasma-workspace	libKF6Wallet.so.6	kwallet
plasma-workspace	libKF6WidgetsAddons.so.6	kwidgetsaddons
plasma-workspace	libKF6WindowSystem.so.6	kwindowsystem
plasma-workspace	libKF6XmlGui.so.6	kxmlgui
plasma-workspace	libKNightTime.so.0	knighttime
plasma-workspace	libKScreenLocker.so.6	kscreenlocker
plasma-workspace	libKSysGuardFormatter.so.2	libksysguard
plasma-workspace	libKSysGuardSensorFaces.so.2	libksysguard
plasma-workspace	libKSysGuardSensors.so.2	libksysguard
plasma-workspace	libKWaylandClient.so.6	kwayland
plasma-workspace	libKirigamiPlatform.so.6	kirigami
plasma-workspace	libLayerShellQtInterface.so.6	layer-shell-qt
plasma-workspace	libOpenGL.so.0	libglvnd
plasma-workspace	libPlasma.so.7	libplasma
plasma-workspace	libPlasmaActivities.so.7	plasma-activities
plasma-workspace	libPlasmaActivitiesStats.so.1	plasma-activities-stats
plasma-workspace	libPlasmaQuick.so.7	libplasma
plasma-workspace	libQt6Concurrent.so.6	qt6
plasma-workspace	libQt6Core.so.6	qt6
plasma-workspace	libQt6DBus.so.6	qt6
plasma-workspace	libQt6Gui.so.6	qt6
plasma-workspace	libQt6Network.so.6	qt6
plasma-workspace	libQt6OpenGL.so.6	qt6
plasma-workspace	libQt6Positioning.so.6	qt6
plasma-workspace	libQt6PrintSupport.so.6	qt6
plasma-workspace	libQt6Qml.so.6	qt6
plasma-workspace	libQt6Quick.so.6	qt6
plasma-workspace	libQt6QuickWidgets.so.6	qt6
plasma-workspace	libQt6Sql.so.6	qt6
plasma-workspace	libQt6Svg.so.6	qt6
plasma-workspace	libQt6WaylandClient.so.6	qt6
plasma-workspace	libQt6Widgets.so.6	qt6
plasma-workspace	libQt6Xml.so.6	qt6
plasma-workspace	libSM.so.6	libSM
plasma-workspace	libX11.so.6	libX11
plasma-workspace	libXau.so.6	libXau
plasma-workspace	libXcursor.so.1	libXcursor
plasma-workspace	libXext.so.6	libXext
plasma-workspace	libXfixes.so.3	libXfixes
plasma-workspace	libXft.so.2	libXft
plasma-workspace	libXi.so.6	libXi
plasma-workspace	libXrender.so.1	libXrender
plasma-workspace	libXtst.so.6	libXtst
plasma-workspace	libc.so.6	aaa_glibc-solibs
plasma-workspace	libc.so.6	glibc
plasma-workspace	libcanberra.so.0	libcanberra
plasma-workspace	libcrypt.so.2	aaa_glibc-solibs
plasma-workspace	libcrypt.so.2	glibc
plasma-workspace	libdbus-1.so.3	dbus
plasma-workspace	libfontconfig.so.1	fontconfig
plasma-workspace	libfreetype.so.6	freetype
plasma-workspace	libgcc_s.so.1	aaa_libraries
plasma-workspace	libgcc_s.so.1	gcc
plasma-workspace	libgio-2.0.so.0	glib2
plasma-workspace	libglib-2.0.so.0	aaa_libraries
plasma-workspace	libglib-2.0.so.0	glib2
plasma-workspace	libgobject-2.0.so.0	aaa_libraries
plasma-workspace	libgobject-2.0.so.0	glib2
plasma-workspace	libicui18n.so.78	icu4c
plasma-workspace	libicuuc.so.78	icu4c
plasma-workspace	libm.so.6	aaa_glibc-solibs
plasma-workspace	libm.so.6	glibc
plasma-workspace	libnm.so.0	NetworkManager
plasma-workspace	libpolkit-qt6-core-1.so.1	polkit-qt-1
plasma-workspace	libprocesscore.so.11	libksysguard
plasma-workspace	libqalculate.so.23	libqalculate
plasma-workspace	libstdc++.so.6	aaa_libraries
plasma-workspace	libstdc++.so.6	gcc-g++
plasma-workspace	libudev.so.1	aaa_libraries
plasma-workspace	libudev.so.1	eudev
plasma-workspace	libwayland-client.so.0	wayland
plasma-workspace	libwayland-cursor.so.0	wayland
plasma-workspace	libxcb-composite.so.0	libxcb
plasma-workspace	libxcb-cursor.so.0	xcb-util-cursor
plasma-workspace	libxcb-damage.so.0	libxcb
plasma-workspace	libxcb-icccm.so.4	xcb-util-wm
plasma-workspace	libxcb-image.so.0	xcb-util-image
plasma-workspace	libxcb-randr.so.0	libxcb
plasma-workspace	libxcb-render.so.0	libxcb
plasma-workspace	libxcb-shape.so.0	libxcb
plasma-workspace	libxcb-shm.so.0	libxcb
plasma-workspace	libxcb-util.so.1	xcb-util
plasma-workspace	libxcb-xfixes.so.0	libxcb
plasma-workspace	libxcb.so.1	libxcb
plasma-workspace	libxkbcommon.so.0	aaa_libraries
plasma-workspace	libxkbcommon.so.0	libxkbcommon
plasma-workspace	libz.so.1	aaa_libraries
plasma-workspace	libz.so.1	zlib
plasma5support	libGLX.so.0	libglvnd
plasma5support	libKF6Bookmarks.so.6	kbookmarks
plasma5support	libKF6Completion.so.6	kcompletion
plasma5support	libKF6ConfigCore.so.6	kconfig
plasma5support	libKF6ConfigGui.so.6	kconfig
plasma5support	libKF6CoreAddons.so.6	kcoreaddons
plasma5support	libKF6GuiAddons.so.6	kguiaddons
plasma5support	libKF6Holidays.so.6	kholidays
plasma5support	libKF6I18n.so.6	ki18n
plasma5support	libKF6IdleTime.so.6	kidletime
plasma5support	libKF6ItemViews.so.6	kitemviews
plasma5support	libKF6JobWidgets.so.6	kjobwidgets
plasma5support	libKF6KIOCore.so.6	kio
plasma5support	libKF6KIOFileWidgets.so.6	kio
plasma5support	libKF6KIOGui.so.6	kio
plasma5support	libKF6KIOWidgets.so.6	kio
plasma5support	libKF6NetworkManagerQt.so.6	networkmanager-qt
plasma5support	libKF6Notifications.so.6	knotifications
plasma5support	libKF6Service.so.6	kservice
plasma5support	libKF6Solid.so.6	solid
plasma5support	libKF6UnitConversion.so.6	kunitconversion
plasma5support	libKF6WidgetsAddons.so.6	kwidgetsaddons
plasma5support	libKF6WindowSystem.so.6	kwindowsystem
plasma5support	libKSysGuardFormatter.so.2	libksysguard
plasma5support	libOpenGL.so.0	libglvnd
plasma5support	libPlasmaActivities.so.7	plasma-activities
plasma5support	libQt6Core.so.6	qt6
plasma5support	libQt6DBus.so.6	qt6
plasma5support	libQt6Gui.so.6	qt6
plasma5support	libQt6Network.so.6	qt6
plasma5support	libQt6OpenGL.so.6	qt6
plasma5support	libQt6Qml.so.6	qt6
plasma5support	libQt6Quick.so.6	qt6
plasma5support	libQt6Sql.so.6	qt6
plasma5support	libQt6Widgets.so.6	qt6
plasma5support	libQt6Xml.so.6	qt6
plasma5support	libX11.so.6	libX11
plasma5support	libXfixes.so.3	libXfixes
plasma5support	libc.so.6	aaa_glibc-solibs
plasma5support	libc.so.6	glibc
plasma5support	libgcc_s.so.1	aaa_libraries
plasma5support	libgcc_s.so.1	gcc
plasma5support	libgio-2.0.so.0	glib2
plasma5support	libglib-2.0.so.0	aaa_libraries
plasma5support	libglib-2.0.so.0	glib2
plasma5support	libgobject-2.0.so.0	aaa_libraries
plasma5support	libgobject-2.0.so.0	glib2
plasma5support	libm.so.6	aaa_glibc-solibs
plasma5support	libm.so.6	glibc
plasma5support	libnm.so.0	NetworkManager
plasma5support	libprocesscore.so.11	libksysguard
plasma5support	libstdc++.so.6	aaa_libraries
plasma5support	libstdc++.so.6	gcc-g++
plasma5support	libxkbcommon.so.0	aaa_libraries
plasma5support	libxkbcommon.so.0	libxkbcommon
plzip	libc.so.6	aaa_glibc-solibs
plzip	libc.so.6	glibc
plzip	libgcc_s.so.1	aaa_libraries
plzip	libgcc_s.so.1	gcc
plzip	liblz.so.1	lzlib
plzip	libm.so.6	aaa_glibc-solibs
plzip	libm.so.6	glibc
plzip	libstdc++.so.6	aaa_libraries
plzip	libstdc++.so.6	gcc-g++
pmake	libc.so.6	aaa_glibc-solibs
pmake	libc.so.6	glibc
poke	libc.so.6	aaa_glibc-solibs
poke	libc.so.6	glibc
poke	libgc.so.1	gc
poke	libm.so.6	aaa_glibc-solibs
poke	libm.so.6	glibc
poke	libncursesw.so.6	aaa_libraries
poke	libncursesw.so.6	ncurses
poke	libreadline.so.8	aaa_libraries
poke	libreadline.so.8	readline
poke	libtextstyle.so.0	gettext
poke	libtinfo.so.6	aaa_libraries
poke	libtinfo.so.6	ncurses
polkit	libc.so.6	aaa_glibc-solibs
polkit	libc.so.6	glibc
polkit	libduktape.so.207	duktape
polkit	libelogind.so.0	elogind
polkit	libexpat.so.1	aaa_libraries
polkit	libexpat.so.1	expat
polkit	libgio-2.0.so.0	glib2
polkit	libglib-2.0.so.0	aaa_libraries
polkit	libglib-2.0.so.0	glib2
polkit	libgobject-2.0.so.0	aaa_libraries
polkit	libgobject-2.0.so.0	glib2
polkit	libpam.so.0	pam
polkit-gnome	libatk-1.0.so.0	at-spi2-core
polkit-gnome	libc.so.6	aaa_glibc-solibs
polkit-gnome	libc.so.6	glibc
polkit-gnome	libcairo-gobject.so.2	cairo
polkit-gnome	libcairo.so.2	cairo
polkit-gnome	libgdk-3.so.0	gtk+3
polkit-gnome	libgdk_pixbuf-2.0.so.0	gdk-pixbuf2
polkit-gnome	libgio-2.0.so.0	glib2
polkit-gnome	libglib-2.0.so.0	aaa_libraries
polkit-gnome	libglib-2.0.so.0	glib2
polkit-gnome	libgobject-2.0.so.0	aaa_libraries
polkit-gnome	libgobject-2.0.so.0	glib2
polkit-gnome	libgtk-3.so.0	gtk+3
polkit-gnome	libharfbuzz.so.0	harfbuzz
polkit-gnome	libpango-1.0.so.0	pango
polkit-gnome	libpangocairo-1.0.so.0	pango
polkit-gnome	libpolkit-agent-1.so.0	polkit
polkit-gnome	libpolkit-gobject-1.so.0	polkit
polkit-gnome	libz.so.1	aaa_libraries
polkit-gnome	libz.so.1	zlib
polkit-kde-agent-1	libGLX.so.0	libglvnd
polkit-kde-agent-1	libKF6CoreAddons.so.6	kcoreaddons
polkit-kde-agent-1	libKF6Crash.so.6	kcrash
polkit-kde-agent-1	libKF6DBusAddons.so.6	kdbusaddons
polkit-kde-agent-1	libKF6I18n.so.6	ki18n
polkit-kde-agent-1	libKF6I18nQml.so.6	ki18n
polkit-kde-agent-1	libKF6Notifications.so.6	knotifications
polkit-kde-agent-1	libKF6WindowSystem.so.6	kwindowsystem
polkit-kde-agent-1	libOpenGL.so.0	libglvnd
polkit-kde-agent-1	libQt6Core.so.6	qt6
polkit-kde-agent-1	libQt6DBus.so.6	qt6
polkit-kde-agent-1	libQt6Gui.so.6	qt6
polkit-kde-agent-1	libQt6Network.so.6	qt6
polkit-kde-agent-1	libQt6OpenGL.so.6	qt6
polkit-kde-agent-1	libQt6Qml.so.6	qt6
polkit-kde-agent-1	libQt6Quick.so.6	qt6
polkit-kde-agent-1	libQt6Widgets.so.6	qt6
polkit-kde-agent-1	libX11.so.6	libX11
polkit-kde-agent-1	libc.so.6	aaa_glibc-solibs
polkit-kde-agent-1	libc.so.6	glibc
polkit-kde-agent-1	libgcc_s.so.1	aaa_libraries
polkit-kde-agent-1	libgcc_s.so.1	gcc
polkit-kde-agent-1	libm.so.6	aaa_glibc-solibs
polkit-kde-agent-1	libm.so.6	glibc
polkit-kde-agent-1	libpolkit-qt6-agent-1.so.1	polkit-qt-1
polkit-kde-agent-1	libpolkit-qt6-core-1.so.1	polkit-qt-1
polkit-kde-agent-1	libstdc++.so.6	aaa_libraries
polkit-kde-agent-1	libstdc++.so.6	gcc-g++
polkit-qt-1	libGLX.so.0	libglvnd
polkit-qt-1	libOpenGL.so.0	libglvnd
polkit-qt-1	libQt5Core.so.5	qt5
polkit-qt-1	libQt5DBus.so.5	qt5
polkit-qt-1	libQt5Gui.so.5	qt5
polkit-qt-1	libQt5Widgets.so.5	qt5
polkit-qt-1	libQt6Core.so.6	qt6
polkit-qt-1	libQt6DBus.so.6	qt6
polkit-qt-1	libQt6Gui.so.6	qt6
polkit-qt-1	libQt6Widgets.so.6	qt6
polkit-qt-1	libc.so.6	aaa_glibc-solibs
polkit-qt-1	libc.so.6	glibc
polkit-qt-1	libgcc_s.so.1	aaa_libraries
polkit-qt-1	libgcc_s.so.1	gcc
polkit-qt-1	libgio-2.0.so.0	glib2
polkit-qt-1	libglib-2.0.so.0	aaa_libraries
polkit-qt-1	libglib-2.0.so.0	glib2
polkit-qt-1	libgobject-2.0.so.0	aaa_libraries
polkit-qt-1	libgobject-2.0.so.0	glib2
polkit-qt-1	libm.so.6	aaa_glibc-solibs
polkit-qt-1	libm.so.6	glibc
polkit-qt-1	libpolkit-agent-1.so.0	polkit
polkit-qt-1	libpolkit-gobject-1.so.0	polkit
polkit-qt-1	libstdc++.so.6	aaa_libraries
polkit-qt-1	libstdc++.so.6	gcc-g++
popa3d	libc.so.6	aaa_glibc-solibs
popa3d	libc.so.6	glibc
popa3d	libcrypt.so.2	aaa_glibc-solibs
popa3d	libcrypt.so.2	glibc
popa3d	libcrypto.so.3	openssl
popa3d	libcrypto.so.3	openssl-solibs
popa3d	libpam.so.0	pam
poppler	ld-linux-x86-64.so.2	aaa_glibc-solibs
poppler	ld-linux-x86-64.so.2	glibc
poppler	libQt5Core.so.5	qt5
poppler	libQt5Gui.so.5	qt5
poppler	libQt5Xml.so.5	qt5
poppler	libQt6Core.so.6	qt6
poppler	libQt6Gui.so.6	qt6
poppler	libbrotlidec.so.1	brotli
poppler	libc.so.6	aaa_glibc-solibs
poppler	libc.so.6	glibc
poppler	libcairo.so.2	cairo
poppler	libcurl.so.4	aaa_libraries
poppler	libcurl.so.4	curl
poppler	libfontconfig.so.1	fontconfig
poppler	libfreetype.so.6	freetype
poppler	libgio-2.0.so.0	glib2
poppler	libglib-2.0.so.0	aaa_libraries
poppler	libglib-2.0.so.0	glib2
poppler	libgobject-2.0.so.0	aaa_libraries
poppler	libgobject-2.0.so.0	glib2
poppler	libgpgmepp.so.7	gpgmepp
poppler	libharfbuzz-subset.so.0	harfbuzz
poppler	libharfbuzz.so.0	harfbuzz
poppler	libjpeg.so.62	aaa_libraries
poppler	libjpeg.so.62	libjpeg-turbo
poppler	liblcms2.so.2	lcms2
poppler	libm.so.6	aaa_glibc-solibs
poppler	libm.so.6	glibc
poppler	libnspr4.so	mozilla-nss
poppler	libnss3.so	mozilla-nss
poppler	libopenjp2.so.7	openjpeg
poppler	libplc4.so	mozilla-nss
poppler	libpng16.so.16	aaa_libraries
poppler	libpng16.so.16	libpng
poppler	libsmime3.so	mozilla-nss
poppler	libstdc++.so.6	aaa_libraries
poppler	libstdc++.so.6	gcc-g++
poppler	libtiff.so.6	aaa_libraries
poppler	libtiff.so.6	libtiff
poppler	libz.so.1	aaa_libraries
poppler	libz.so.1	zlib
popt	libc.so.6	aaa_glibc-solibs
popt	libc.so.6	glibc
postfix	libc.so.6	aaa_glibc-solibs
postfix	libc.so.6	glibc
postfix	libcrypto.so.3	openssl
postfix	libcrypto.so.3	openssl-solibs
postfix	libdb-4.8.so	aaa_libraries
postfix	libdb-4.8.so	db48
postfix	libicui18n.so.78	icu4c
postfix	libicuuc.so.78	icu4c
postfix	liblber.so.2	aaa_libraries
postfix	liblber.so.2	openldap
postfix	libldap.so.2	aaa_libraries
postfix	libldap.so.2	openldap
postfix	liblmdb.so.1	lmdb
postfix	libm.so.6	aaa_glibc-solibs
postfix	libm.so.6	glibc
postfix	libmariadb.so.3	mariadb
postfix	libnsl.so.3	aaa_libraries
postfix	libnsl.so.3	libnsl
postfix	libpcre.so.1	aaa_libraries
postfix	libpcre.so.1	pcre
postfix	libresolv.so.2	aaa_glibc-solibs
postfix	libresolv.so.2	glibc
postfix	libsasl2.so.3	cyrus-sasl
postfix	libsqlite3.so.0	sqlite
postfix	libssl.so.3	openssl
postfix	libssl.so.3	openssl-solibs
postfix	libz.so.1	aaa_libraries
postfix	libz.so.1	zlib
potrace	libc.so.6	aaa_glibc-solibs
potrace	libc.so.6	glibc
potrace	libm.so.6	aaa_glibc-solibs
potrace	libm.so.6	glibc
potrace	libz.so.1	aaa_libraries
potrace	libz.so.1	zlib
powerdevil	libGLX.so.0	libglvnd
powerdevil	libKF6AuthCore.so.6	kauth
powerdevil	libKF6ColorScheme.so.6	kcolorscheme
powerdevil	libKF6Completion.so.6	kcompletion
powerdevil	libKF6ConfigCore.so.6	kconfig
powerdevil	libKF6ConfigGui.so.6	kconfig
powerdevil	libKF6ConfigWidgets.so.6	kconfigwidgets
powerdevil	libKF6CoreAddons.so.6	kcoreaddons
powerdevil	libKF6Crash.so.6	kcrash
powerdevil	libKF6DBusAddons.so.6	kdbusaddons
powerdevil	libKF6GlobalAccel.so.6	kglobalaccel
powerdevil	libKF6GuiAddons.so.6	kguiaddons
powerdevil	libKF6I18n.so.6	ki18n
powerdevil	libKF6IdleTime.so.6	kidletime
powerdevil	libKF6ItemModels.so.6	kitemmodels
powerdevil	libKF6JobWidgets.so.6	kjobwidgets
powerdevil	libKF6KCMUtils.so.6	kcmutils
powerdevil	libKF6KCMUtilsCore.so.6	kcmutils
powerdevil	libKF6KCMUtilsQuick.so.6	kcmutils
powerdevil	libKF6KIOCore.so.6	kio
powerdevil	libKF6KIOGui.so.6	kio
powerdevil	libKF6KIOWidgets.so.6	kio
powerdevil	libKF6Notifications.so.6	knotifications
powerdevil	libKF6Package.so.6	kpackage
powerdevil	libKF6Runner.so.6	krunner
powerdevil	libKF6Screen.so.8	libkscreen
powerdevil	libKF6ScreenDpms.so.8	libkscreen
powerdevil	libKF6Service.so.6	kservice
powerdevil	libKF6Solid.so.6	solid
powerdevil	libKF6WidgetsAddons.so.6	kwidgetsaddons
powerdevil	libKF6XmlGui.so.6	kxmlgui
powerdevil	libKirigami.so.6	kirigami
powerdevil	libKirigamiPlatform.so.6	kirigami
powerdevil	libOpenGL.so.0	libglvnd
powerdevil	libPlasma.so.7	libplasma
powerdevil	libPlasmaActivities.so.7	plasma-activities
powerdevil	libQCoro6Core.so.0	qcoro
powerdevil	libQCoro6DBus.so.0	qcoro
powerdevil	libQt6Core.so.6	qt6
powerdevil	libQt6DBus.so.6	qt6
powerdevil	libQt6Gui.so.6	qt6
powerdevil	libQt6Network.so.6	qt6
powerdevil	libQt6OpenGL.so.6	qt6
powerdevil	libQt6Qml.so.6	qt6
powerdevil	libQt6Quick.so.6	qt6
powerdevil	libQt6WaylandClient.so.6	qt6
powerdevil	libQt6Widgets.so.6	qt6
powerdevil	libQt6Xml.so.6	qt6
powerdevil	libc.so.6	aaa_glibc-solibs
powerdevil	libc.so.6	glibc
powerdevil	libddcutil.so.5	ddcutil
powerdevil	libgcc_s.so.1	aaa_libraries
powerdevil	libgcc_s.so.1	gcc
powerdevil	libkworkspace6.so.6	plasma-workspace
powerdevil	libm.so.6	aaa_glibc-solibs
powerdevil	libm.so.6	glibc
powerdevil	libstdc++.so.6	aaa_libraries
powerdevil	libstdc++.so.6	gcc-g++
powerdevil	libudev.so.1	aaa_libraries
powerdevil	libudev.so.1	eudev
powerdevil	libwayland-client.so.0	wayland
powerdevil	libwayland-cursor.so.0	wayland
powerdevil	libxcb-dpms.so.0	libxcb
powerdevil	libxcb.so.1	libxcb
powerdevil	libxkbcommon.so.0	aaa_libraries
powerdevil	libxkbcommon.so.0	libxkbcommon
powertop	ld-linux-x86-64.so.2	aaa_glibc-solibs
powertop	ld-linux-x86-64.so.2	glibc
powertop	libc.so.6	aaa_glibc-solibs
powertop	libc.so.6	glibc
powertop	libgcc_s.so.1	aaa_libraries
powertop	libgcc_s.so.1	gcc
powertop	libm.so.6	aaa_glibc-solibs
powertop	libm.so.6	glibc
powertop	libncursesw.so.6	aaa_libraries
powertop	libncursesw.so.6	ncurses
powertop	libnl-3.so.200	libnl3
powertop	libnl-genl-3.so.200	libnl3
powertop	libpci.so.3	pciutils
powertop	libstdc++.so.6	aaa_libraries
powertop	libstdc++.so.6	gcc-g++
powertop	libtinfo.so.6	aaa_libraries
powertop	libtinfo.so.6	ncurses
powertop	libtraceevent.so.1	libtraceevent
powertop	libtracefs.so.1	libtracefs
poxml	libQt6Core.so.6	qt6
poxml	libQt6Xml.so.6	qt6
poxml	libc.so.6	aaa_glibc-solibs
poxml	libc.so.6	glibc
poxml	libgcc_s.so.1	aaa_libraries
poxml	libgcc_s.so.1	gcc
poxml	libgettextpo.so.0	gettext-tools
poxml	libm.so.6	aaa_glibc-solibs
poxml	libm.so.6	glibc
poxml	libstdc++.so.6	aaa_libraries
poxml	libstdc++.so.6	gcc-g++
ppp	libc.so.6	aaa_glibc-solibs
ppp	libc.so.6	glibc
ppp	libcrypt.so.2	aaa_glibc-solibs
ppp	libcrypt.so.2	glibc
ppp	libcrypto.so.3	openssl
ppp	libcrypto.so.3	openssl-solibs
ppp	libnsl.so.3	aaa_libraries
ppp	libnsl.so.3	libnsl
ppp	libpam.so.0	pam
ppp	libpcap.so.1	libpcap
ppp	libresolv.so.2	aaa_glibc-solibs
ppp	libresolv.so.2	glibc
ppp	libssl.so.3	openssl
ppp	libssl.so.3	openssl-solibs
print-manager	libGLX.so.0	libglvnd
print-manager	libKF6ColorScheme.so.6	kcolorscheme
print-manager	libKF6Completion.so.6	kcompletion
print-manager	libKF6ConfigCore.so.6	kconfig
print-manager	libKF6ConfigGui.so.6	kconfig
print-manager	libKF6ConfigWidgets.so.6	kconfigwidgets
print-manager	libKF6CoreAddons.so.6	kcoreaddons
print-manager	libKF6DBusAddons.so.6	kdbusaddons
print-manager	libKF6I18n.so.6	ki18n
print-manager	libKF6I18nQml.so.6	ki18n
print-manager	libKF6JobWidgets.so.6	kjobwidgets
print-manager	libKF6KCMUtilsCore.so.6	kcmutils
print-manager	libKF6KCMUtilsQuick.so.6	kcmutils
print-manager	libKF6KIOCore.so.6	kio
print-manager	libKF6KIOGui.so.6	kio
print-manager	libKF6KIOWidgets.so.6	kio
print-manager	libKF6Notifications.so.6	knotifications
print-manager	libKF6Service.so.6	kservice
print-manager	libKF6WidgetsAddons.so.6	kwidgetsaddons
print-manager	libKF6WindowSystem.so.6	kwindowsystem
print-manager	libKirigamiApp.so.6	kirigami-addons
print-manager	libKirigamiPlatform.so.6	kirigami
print-manager	libOpenGL.so.0	libglvnd
print-manager	libPlasma.so.7	libplasma
print-manager	libQt6Core.so.6	qt6
print-manager	libQt6DBus.so.6	qt6
print-manager	libQt6Gui.so.6	qt6
print-manager	libQt6Network.so.6	qt6
print-manager	libQt6OpenGL.so.6	qt6
print-manager	libQt6Qml.so.6	qt6
print-manager	libQt6Quick.so.6	qt6
print-manager	libQt6Widgets.so.6	qt6
print-manager	libX11.so.6	libX11
print-manager	libc.so.6	aaa_glibc-solibs
print-manager	libc.so.6	glibc
print-manager	libcups.so.2	aaa_libraries
print-manager	libcups.so.2	cups
print-manager	libgcc_s.so.1	aaa_libraries
print-manager	libgcc_s.so.1	gcc
print-manager	libm.so.6	aaa_glibc-solibs
print-manager	libm.so.6	glibc
print-manager	libstdc++.so.6	aaa_libraries
print-manager	libstdc++.so.6	gcc-g++
prison	libGLX.so.0	libglvnd
prison	libOpenGL.so.0	libglvnd
prison	libQt6Core.so.6	qt6
prison	libQt6Gui.so.6	qt6
prison	libQt6Multimedia.so.6	qt6
prison	libQt6Network.so.6	qt6
prison	libQt6OpenGL.so.6	qt6
prison	libQt6Qml.so.6	qt6
prison	libQt6Quick.so.6	qt6
prison	libZXing.so.4	zxing-cpp
prison	libc.so.6	aaa_glibc-solibs
prison	libc.so.6	glibc
prison	libdmtx.so.0	libdmtx
prison	libgcc_s.so.1	aaa_libraries
prison	libgcc_s.so.1	gcc
prison	libm.so.6	aaa_glibc-solibs
prison	libm.so.6	glibc
prison	libqrencode.so.4	qrencode
prison	libstdc++.so.6	aaa_libraries
prison	libstdc++.so.6	gcc-g++
prison5	libQt5Core.so.5	qt5
prison5	libQt5Gui.so.5	qt5
prison5	libQt5Network.so.5	qt5
prison5	libQt5Qml.so.5	qt5
prison5	libQt5QmlModels.so.5	qt5
prison5	libQt5Quick.so.5	qt5
prison5	libc.so.6	aaa_glibc-solibs
prison5	libc.so.6	glibc
prison5	libdmtx.so.0	libdmtx
prison5	libgcc_s.so.1	aaa_libraries
prison5	libgcc_s.so.1	gcc
prison5	libm.so.6	aaa_glibc-solibs
prison5	libm.so.6	glibc
prison5	libqrencode.so.4	qrencode
prison5	libstdc++.so.6	aaa_libraries
prison5	libstdc++.so.6	gcc-g++
procmail	libc.so.6	aaa_glibc-solibs
procmail	libc.so.6	glibc
procmail	libm.so.6	aaa_glibc-solibs
procmail	libm.so.6	glibc
procmail	libnsl.so.3	aaa_libraries
procmail	libnsl.so.3	libnsl
procps-ng	ld-linux-x86-64.so.2	aaa_glibc-solibs
procps-ng	ld-linux-x86-64.so.2	glibc
procps-ng	libc.so.6	aaa_glibc-solibs
procps-ng	libc.so.6	glibc
procps-ng	libelogind.so.0	elogind
procps-ng	libgcc_s.so.1	aaa_libraries
procps-ng	libgcc_s.so.1	gcc
procps-ng	libm.so.6	aaa_glibc-solibs
procps-ng	libm.so.6	glibc
procps-ng	libncursesw.so.6	aaa_libraries
procps-ng	libncursesw.so.6	ncurses
procps-ng	libstdc++.so.6	aaa_libraries
procps-ng	libstdc++.so.6	gcc-g++
procps-ng	libtinfo.so.6	aaa_libraries
procps-ng	libtinfo.so.6	ncurses
proftpd	libattr.so.1	aaa_libraries
proftpd	libattr.so.1	attr
proftpd	libc.so.6	aaa_glibc-solibs
proftpd	libc.so.6	glibc
proftpd	libcap.so.2	aaa_libraries
proftpd	libcap.so.2	libcap
proftpd	libcrypt.so.2	aaa_glibc-solibs
proftpd	libcrypt.so.2	glibc
proftpd	libcrypto.so.3	openssl
proftpd	libcrypto.so.3	openssl-solibs
proftpd	libidn.so.12	aaa_libraries
proftpd	libidn.so.12	libidn
proftpd	libidn2.so.0	aaa_libraries
proftpd	libidn2.so.0	libidn2
proftpd	liblber.so.2	aaa_libraries
proftpd	liblber.so.2	openldap
proftpd	libldap.so.2	aaa_libraries
proftpd	libldap.so.2	openldap
proftpd	libncursesw.so.6	aaa_libraries
proftpd	libncursesw.so.6	ncurses
proftpd	libpam.so.0	pam
proftpd	libsodium.so.26	libsodium
proftpd	libssl.so.3	openssl
proftpd	libssl.so.3	openssl-solibs
proftpd	libtinfo.so.6	aaa_libraries
proftpd	libtinfo.so.6	ncurses
proftpd	libz.so.1	aaa_libraries
proftpd	libz.so.1	zlib
protobuf	ld-linux-x86-64.so.2	aaa_glibc-solibs
protobuf	ld-linux-x86-64.so.2	glibc
protobuf	libabsl_base.so.2608.0.0	abseil-cpp
protobuf	libabsl_base_cpu_detect.so.2608.0.0	abseil-cpp
protobuf	libabsl_city.so.2608.0.0	abseil-cpp
protobuf	libabsl_civil_time.so.2608.0.0	abseil-cpp
protobuf	libabsl_cord.so.2608.0.0	abseil-cpp
protobuf	libabsl_cord_internal.so.2608.0.0	abseil-cpp
protobuf	libabsl_cordz_functions.so.2608.0.0	abseil-cpp
protobuf	libabsl_cordz_handle.so.2608.0.0	abseil-cpp
protobuf	libabsl_cordz_info.so.2608.0.0	abseil-cpp
protobuf	libabsl_crc32c.so.2608.0.0	abseil-cpp
protobuf	libabsl_crc_cord_state.so.2608.0.0	abseil-cpp
protobuf	libabsl_crc_internal.so.2608.0.0	abseil-cpp
protobuf	libabsl_debugging_internal.so.2608.0.0	abseil-cpp
protobuf	libabsl_decode_rust_punycode.so.2608.0.0	abseil-cpp
protobuf	libabsl_demangle_internal.so.2608.0.0	abseil-cpp
protobuf	libabsl_demangle_rust.so.2608.0.0	abseil-cpp
protobuf	libabsl_die_if_null.so.2608.0.0	abseil-cpp
protobuf	libabsl_examine_stack.so.2608.0.0	abseil-cpp
protobuf	libabsl_exponential_biased.so.2608.0.0	abseil-cpp
protobuf	libabsl_flags_commandlineflag.so.2608.0.0	abseil-cpp
protobuf	libabsl_flags_commandlineflag_internal.so.2608.0.0	abseil-cpp
protobuf	libabsl_flags_config.so.2608.0.0	abseil-cpp
protobuf	libabsl_flags_internal.so.2608.0.0	abseil-cpp
protobuf	libabsl_flags_marshalling.so.2608.0.0	abseil-cpp
protobuf	libabsl_flags_private_handle_accessor.so.2608.0.0	abseil-cpp
protobuf	libabsl_flags_program_name.so.2608.0.0	abseil-cpp
protobuf	libabsl_flags_reflection.so.2608.0.0	abseil-cpp
protobuf	libabsl_graphcycles_internal.so.2608.0.0	abseil-cpp
protobuf	libabsl_hardening.so.2608.0.0	abseil-cpp
protobuf	libabsl_hash.so.2608.0.0	abseil-cpp
protobuf	libabsl_hashtablez_sampler.so.2608.0.0	abseil-cpp
protobuf	libabsl_int128.so.2608.0.0	abseil-cpp
protobuf	libabsl_kernel_timeout_internal.so.2608.0.0	abseil-cpp
protobuf	libabsl_leak_check.so.2608.0.0	abseil-cpp
protobuf	libabsl_log_entry.so.2608.0.0	abseil-cpp
protobuf	libabsl_log_globals.so.2608.0.0	abseil-cpp
protobuf	libabsl_log_initialize.so.2608.0.0	abseil-cpp
protobuf	libabsl_log_internal_check_op.so.2608.0.0	abseil-cpp
protobuf	libabsl_log_internal_conditions.so.2608.0.0	abseil-cpp
protobuf	libabsl_log_internal_fnmatch.so.2608.0.0	abseil-cpp
protobuf	libabsl_log_internal_format.so.2608.0.0	abseil-cpp
protobuf	libabsl_log_internal_globals.so.2608.0.0	abseil-cpp
protobuf	libabsl_log_internal_log_sink_set.so.2608.0.0	abseil-cpp
protobuf	libabsl_log_internal_message.so.2608.0.0	abseil-cpp
protobuf	libabsl_log_internal_nullguard.so.2608.0.0	abseil-cpp
protobuf	libabsl_log_internal_proto.so.2608.0.0	abseil-cpp
protobuf	libabsl_log_internal_structured_proto.so.2608.0.0	abseil-cpp
protobuf	libabsl_log_severity.so.2608.0.0	abseil-cpp
protobuf	libabsl_log_sink.so.2608.0.0	abseil-cpp
protobuf	libabsl_malloc_internal.so.2608.0.0	abseil-cpp
protobuf	libabsl_random_distributions.so.2608.0.0	abseil-cpp
protobuf	libabsl_random_internal_entropy_pool.so.2608.0.0	abseil-cpp
protobuf	libabsl_random_internal_platform.so.2608.0.0	abseil-cpp
protobuf	libabsl_random_internal_randen.so.2608.0.0	abseil-cpp
protobuf	libabsl_random_internal_randen_hwaes.so.2608.0.0	abseil-cpp
protobuf	libabsl_random_internal_randen_hwaes_impl.so.2608.0.0	abseil-cpp
protobuf	libabsl_random_internal_randen_slow.so.2608.0.0	abseil-cpp
protobuf	libabsl_random_internal_seed_material.so.2608.0.0	abseil-cpp
protobuf	libabsl_random_seed_gen_exception.so.2608.0.0	abseil-cpp
protobuf	libabsl_random_seed_sequences.so.2608.0.0	abseil-cpp
protobuf	libabsl_raw_hash_set.so.2608.0.0	abseil-cpp
protobuf	libabsl_raw_logging_internal.so.2608.0.0	abseil-cpp
protobuf	libabsl_source_location.so.2608.0.0	abseil-cpp
protobuf	libabsl_spinlock_wait.so.2608.0.0	abseil-cpp
protobuf	libabsl_stacktrace.so.2608.0.0	abseil-cpp
protobuf	libabsl_status.so.2608.0.0	abseil-cpp
protobuf	libabsl_statusor.so.2608.0.0	abseil-cpp
protobuf	libabsl_str_format_internal.so.2608.0.0	abseil-cpp
protobuf	libabsl_strerror.so.2608.0.0	abseil-cpp
protobuf	libabsl_strings.so.2608.0.0	abseil-cpp
protobuf	libabsl_strings_internal.so.2608.0.0	abseil-cpp
protobuf	libabsl_symbolize.so.2608.0.0	abseil-cpp
protobuf	libabsl_synchronization.so.2608.0.0	abseil-cpp
protobuf	libabsl_throw_delegate.so.2608.0.0	abseil-cpp
protobuf	libabsl_time.so.2608.0.0	abseil-cpp
protobuf	libabsl_time_zone.so.2608.0.0	abseil-cpp
protobuf	libabsl_tracing_internal.so.2608.0.0	abseil-cpp
protobuf	libabsl_utf8_for_code_point.so.2608.0.0	abseil-cpp
protobuf	libabsl_vlog_config_internal.so.2608.0.0	abseil-cpp
protobuf	libc.so.6	aaa_glibc-solibs
protobuf	libc.so.6	glibc
protobuf	libgcc_s.so.1	aaa_libraries
protobuf	libgcc_s.so.1	gcc
protobuf	libm.so.6	aaa_glibc-solibs
protobuf	libm.so.6	glibc
protobuf	libstdc++.so.6	aaa_libraries
protobuf	libstdc++.so.6	gcc-g++
protobuf	libz.so.1	aaa_libraries
protobuf	libz.so.1	zlib
pulseaudio	libICE.so.6	libICE
pulseaudio	libSM.so.6	libSM
pulseaudio	libX11-xcb.so.1	libX11
pulseaudio	libX11.so.6	libX11
pulseaudio	libXtst.so.6	libXtst
pulseaudio	libasound.so.2	aaa_libraries
pulseaudio	libasound.so.2	alsa-lib
pulseaudio	libasyncns.so.0	libasyncns
pulseaudio	libavahi-client.so.3	avahi
pulseaudio	libavahi-common.so.3	avahi
pulseaudio	libc.so.6	aaa_glibc-solibs
pulseaudio	libc.so.6	glibc
pulseaudio	libcap.so.2	aaa_libraries
pulseaudio	libcap.so.2	libcap
pulseaudio	libcrypto.so.3	openssl
pulseaudio	libcrypto.so.3	openssl-solibs
pulseaudio	libdbus-1.so.3	dbus
pulseaudio	libelogind.so.0	elogind
pulseaudio	libfftw3f.so.3	fftw
pulseaudio	libgio-2.0.so.0	glib2
pulseaudio	libglib-2.0.so.0	aaa_libraries
pulseaudio	libglib-2.0.so.0	glib2
pulseaudio	libgobject-2.0.so.0	aaa_libraries
pulseaudio	libgobject-2.0.so.0	glib2
pulseaudio	libgstapp-1.0.so.0	gst-plugins-base
pulseaudio	libgstbase-1.0.so.0	gstreamer
pulseaudio	libgstreamer-1.0.so.0	gstreamer
pulseaudio	libjack.so.0	pipewire
pulseaudio	libltdl.so.7	aaa_libraries
pulseaudio	libltdl.so.7	libtool
pulseaudio	libm.so.6	aaa_glibc-solibs
pulseaudio	libm.so.6	glibc
pulseaudio	liborc-0.4.so.0	orc
pulseaudio	libsbc.so.1	sbc
pulseaudio	libsndfile.so.1	libsndfile
pulseaudio	libspeexdsp.so.1	speexdsp
pulseaudio	libtdb.so.1	aaa_libraries
pulseaudio	libtdb.so.1	tdb
pulseaudio	libudev.so.1	aaa_libraries
pulseaudio	libudev.so.1	eudev
pulseaudio	libxcb.so.1	libxcb
pulseaudio-qt	libGLX.so.0	libglvnd
pulseaudio-qt	libOpenGL.so.0	libglvnd
pulseaudio-qt	libQt6Core.so.6	qt6
pulseaudio-qt	libQt6DBus.so.6	qt6
pulseaudio-qt	libQt6Gui.so.6	qt6
pulseaudio-qt	libc.so.6	aaa_glibc-solibs
pulseaudio-qt	libc.so.6	glibc
pulseaudio-qt	libgcc_s.so.1	aaa_libraries
pulseaudio-qt	libgcc_s.so.1	gcc
pulseaudio-qt	libglib-2.0.so.0	aaa_libraries
pulseaudio-qt	libglib-2.0.so.0	glib2
pulseaudio-qt	libm.so.6	aaa_glibc-solibs
pulseaudio-qt	libm.so.6	glibc
pulseaudio-qt	libpulse-mainloop-glib.so.0	pulseaudio
pulseaudio-qt	libpulse.so.0	pulseaudio
pulseaudio-qt	libstdc++.so.6	aaa_libraries
pulseaudio-qt	libstdc++.so.6	gcc-g++
purpose	libGLX.so.0	libglvnd
purpose	libKF6Completion.so.6	kcompletion
purpose	libKF6ConfigCore.so.6	kconfig
purpose	libKF6CoreAddons.so.6	kcoreaddons
purpose	libKF6I18n.so.6	ki18n
purpose	libKF6I18nQml.so.6	ki18n
purpose	libKF6JobWidgets.so.6	kjobwidgets
purpose	libKF6KIOCore.so.6	kio
purpose	libKF6KIOGui.so.6	kio
purpose	libKF6KIOWidgets.so.6	kio
purpose	libKF6Notifications.so.6	knotifications
purpose	libKF6Service.so.6	kservice
purpose	libKF6WidgetsAddons.so.6	kwidgetsaddons
purpose	libOpenGL.so.0	libglvnd
purpose	libQt6Core.so.6	qt6
purpose	libQt6DBus.so.6	qt6
purpose	libQt6Gui.so.6	qt6
purpose	libQt6Network.so.6	qt6
purpose	libQt6Qml.so.6	qt6
purpose	libQt6Widgets.so.6	qt6
purpose	libc.so.6	aaa_glibc-solibs
purpose	libc.so.6	glibc
purpose	libgcc_s.so.1	aaa_libraries
purpose	libgcc_s.so.1	gcc
purpose	libm.so.6	aaa_glibc-solibs
purpose	libm.so.6	glibc
purpose	libstdc++.so.6	aaa_libraries
purpose	libstdc++.so.6	gcc-g++
purpose5	libKF5Completion.so.5	kcompletion5
purpose5	libKF5ConfigCore.so.5	kconfig5
purpose5	libKF5CoreAddons.so.5	kcoreaddons5
purpose5	libKF5I18n.so.5	ki18n5
purpose5	libKF5JobWidgets.so.5	kjobwidgets5
purpose5	libKF5KIOCore.so.5	kio5
purpose5	libKF5KIOGui.so.5	kio5
purpose5	libKF5KIOWidgets.so.5	kio5
purpose5	libKF5Notifications.so.5	knotifications5
purpose5	libKF5Service.so.5	kservice5
purpose5	libKF5Solid.so.5	solid5
purpose5	libKF5WidgetsAddons.so.5	kwidgetsaddons5
purpose5	libKF5WindowSystem.so.5	kwindowsystem5
purpose5	libQt5Concurrent.so.5	qt5
purpose5	libQt5Core.so.5	qt5
purpose5	libQt5DBus.so.5	qt5
purpose5	libQt5Gui.so.5	qt5
purpose5	libQt5Network.so.5	qt5
purpose5	libQt5Qml.so.5	qt5
purpose5	libQt5Widgets.so.5	qt5
purpose5	libX11.so.6	libX11
purpose5	libc.so.6	aaa_glibc-solibs
purpose5	libc.so.6	glibc
purpose5	libgcc_s.so.1	aaa_libraries
purpose5	libgcc_s.so.1	gcc
purpose5	libm.so.6	aaa_glibc-solibs
purpose5	libm.so.6	glibc
purpose5	libstdc++.so.6	aaa_libraries
purpose5	libstdc++.so.6	gcc-g++
pycairo	libc.so.6	aaa_glibc-solibs
pycairo	libc.so.6	glibc
pycairo	libcairo.so.2	cairo
pycups	libc.so.6	aaa_glibc-solibs
pycups	libc.so.6	glibc
pycups	libcups.so.2	aaa_libraries
pycups	libcups.so.2	cups
pycurl	libc.so.6	aaa_glibc-solibs
pycurl	libc.so.6	glibc
pycurl	libcrypto.so.3	openssl
pycurl	libcrypto.so.3	openssl-solibs
pycurl	libcurl.so.4	aaa_libraries
pycurl	libcurl.so.4	curl
pycurl	libssl.so.3	openssl
pycurl	libssl.so.3	openssl-solibs
pygobject3	libc.so.6	aaa_glibc-solibs
pygobject3	libc.so.6	glibc
pygobject3	libcairo-gobject.so.2	cairo
pygobject3	libcairo.so.2	cairo
pygobject3	libffi.so.8	aaa_libraries
pygobject3	libffi.so.8	libffi
pygobject3	libgirepository-2.0.so.0	glib2
pygobject3	libglib-2.0.so.0	aaa_libraries
pygobject3	libglib-2.0.so.0	glib2
pygobject3	libgobject-2.0.so.0	aaa_libraries
pygobject3	libgobject-2.0.so.0	glib2
python-MarkupSafe	libc.so.6	aaa_glibc-solibs
python-MarkupSafe	libc.so.6	glibc
python-PyYAML	libc.so.6	aaa_glibc-solibs
python-PyYAML	libc.so.6	glibc
python-PyYAML	libyaml-0.so.2	libyaml
python-cffi	ld-linux-x86-64.so.2	aaa_glibc-solibs
python-cffi	ld-linux-x86-64.so.2	glibc
python-cffi	libc.so.6	aaa_glibc-solibs
python-cffi	libc.so.6	glibc
python-cffi	libffi.so.8	aaa_libraries
python-cffi	libffi.so.8	libffi
python-lxml	libc.so.6	aaa_glibc-solibs
python-lxml	libc.so.6	glibc
python-lxml	libexslt.so.0	libxslt
python-lxml	libm.so.6	aaa_glibc-solibs
python-lxml	libm.so.6	glibc
python-lxml	libxml2.so.16	libxml2
python-lxml	libxslt.so.1	libxslt
python-lxml	libz.so.1	aaa_libraries
python-lxml	libz.so.1	zlib
python-numpy	ld-linux-x86-64.so.2	aaa_glibc-solibs
python-numpy	ld-linux-x86-64.so.2	glibc
python-numpy	libc.so.6	aaa_glibc-solibs
python-numpy	libc.so.6	glibc
python-numpy	libgcc_s.so.1	aaa_libraries
python-numpy	libgcc_s.so.1	gcc
python-numpy	libm.so.6	aaa_glibc-solibs
python-numpy	libm.so.6	glibc
python-numpy	libopenblas.so.0	openblas
python-numpy	libstdc++.so.6	aaa_libraries
python-numpy	libstdc++.so.6	gcc-g++
python-pillow	libc.so.6	aaa_glibc-solibs
python-pillow	libc.so.6	glibc
python-pillow	libfreetype.so.6	freetype
python-pillow	libjpeg.so.62	aaa_libraries
python-pillow	libjpeg.so.62	libjpeg-turbo
python-pillow	liblcms2.so.2	lcms2
python-pillow	libm.so.6	aaa_glibc-solibs
python-pillow	libm.so.6	glibc
python-pillow	libopenjp2.so.7	openjpeg
python-pillow	libtiff.so.6	aaa_libraries
python-pillow	libtiff.so.6	libtiff
python-pillow	libwebp.so.7	libwebp
python-pillow	libwebpdemux.so.2	libwebp
python-pillow	libwebpmux.so.3	libwebp
python-pillow	libxcb.so.1	libxcb
python-pillow	libz.so.1	aaa_libraries
python-pillow	libz.so.1	zlib
python-psutil	libc.so.6	aaa_glibc-solibs
python-psutil	libc.so.6	glibc
python-sane	libc.so.6	aaa_glibc-solibs
python-sane	libc.so.6	glibc
python-sane	libsane.so.1	sane
python2	libbz2.so.1	aaa_libraries
python2	libbz2.so.1	bzip2
python2	libc.so.6	aaa_glibc-solibs
python2	libc.so.6	glibc
python2	libcrypt.so.2	aaa_glibc-solibs
python2	libcrypt.so.2	glibc
python2	libcrypto.so.3	openssl
python2	libcrypto.so.3	openssl-solibs
python2	libdb-4.8.so	aaa_libraries
python2	libdb-4.8.so	db48
python2	libexpat.so.1	aaa_libraries
python2	libexpat.so.1	expat
python2	libffi.so.8	aaa_libraries
python2	libffi.so.8	libffi
python2	libgdbm.so.6	aaa_libraries
python2	libgdbm.so.6	gdbm
python2	libgdbm_compat.so.4	gdbm
python2	libm.so.6	aaa_glibc-solibs
python2	libm.so.6	glibc
python2	libncursesw.so.6	aaa_libraries
python2	libncursesw.so.6	ncurses
python2	libnsl.so.3	aaa_libraries
python2	libnsl.so.3	libnsl
python2	libpanelw.so.6	aaa_libraries
python2	libpanelw.so.6	ncurses
python2	libreadline.so.8	aaa_libraries
python2	libreadline.so.8	readline
python2	libsqlite3.so.0	sqlite
python2	libssl.so.3	openssl
python2	libssl.so.3	openssl-solibs
python2	libtinfo.so.6	aaa_libraries
python2	libtinfo.so.6	ncurses
python2	libtirpc.so.3	aaa_libraries
python2	libtirpc.so.3	libtirpc
python2	libz.so.1	aaa_libraries
python2	libz.so.1	zlib
python3	ld-linux-x86-64.so.2	aaa_glibc-solibs
python3	ld-linux-x86-64.so.2	glibc
python3	libbz2.so.1	aaa_libraries
python3	libbz2.so.1	bzip2
python3	libc.so.6	aaa_glibc-solibs
python3	libc.so.6	glibc
python3	libcrypt.so.2	aaa_glibc-solibs
python3	libcrypt.so.2	glibc
python3	libcrypto.so.3	openssl
python3	libcrypto.so.3	openssl-solibs
python3	libexpat.so.1	aaa_libraries
python3	libexpat.so.1	expat
python3	libffi.so.8	aaa_libraries
python3	libffi.so.8	libffi
python3	libgdbm.so.6	aaa_libraries
python3	libgdbm.so.6	gdbm
python3	libgdbm_compat.so.4	gdbm
python3	liblzma.so.5	aaa_libraries
python3	liblzma.so.5	xz
python3	libm.so.6	aaa_glibc-solibs
python3	libm.so.6	glibc
python3	libncursesw.so.6	aaa_libraries
python3	libncursesw.so.6	ncurses
python3	libnsl.so.3	aaa_libraries
python3	libnsl.so.3	libnsl
python3	libpanelw.so.6	aaa_libraries
python3	libpanelw.so.6	ncurses
python3	libreadline.so.8	aaa_libraries
python3	libreadline.so.8	readline
python3	libsqlite3.so.0	sqlite
python3	libssl.so.3	openssl
python3	libssl.so.3	openssl-solibs
python3	libtinfo.so.6	aaa_libraries
python3	libtinfo.so.6	ncurses
python3	libtirpc.so.3	aaa_libraries
python3	libtirpc.so.3	libtirpc
python3	libuuid.so.1	util-linux
python3	libz.so.1	aaa_libraries
python3	libz.so.1	zlib
qalculate-gtk	libatk-1.0.so.0	at-spi2-core
qalculate-gtk	libc.so.6	aaa_glibc-solibs
qalculate-gtk	libc.so.6	glibc
qalculate-gtk	libcairo-gobject.so.2	cairo
qalculate-gtk	libcairo.so.2	cairo
qalculate-gtk	libgcc_s.so.1	aaa_libraries
qalculate-gtk	libgcc_s.so.1	gcc
qalculate-gtk	libgdk-3.so.0	gtk+3
qalculate-gtk	libgdk_pixbuf-2.0.so.0	gdk-pixbuf2
qalculate-gtk	libgio-2.0.so.0	glib2
qalculate-gtk	libglib-2.0.so.0	aaa_libraries
qalculate-gtk	libglib-2.0.so.0	glib2
qalculate-gtk	libgobject-2.0.so.0	aaa_libraries
qalculate-gtk	libgobject-2.0.so.0	glib2
qalculate-gtk	libgtk-3.so.0	gtk+3
qalculate-gtk	libharfbuzz.so.0	harfbuzz
qalculate-gtk	libm.so.6	aaa_glibc-solibs
qalculate-gtk	libm.so.6	glibc
qalculate-gtk	libpango-1.0.so.0	pango
qalculate-gtk	libpangocairo-1.0.so.0	pango
qalculate-gtk	libqalculate.so.23	libqalculate
qalculate-gtk	libstdc++.so.6	aaa_libraries
qalculate-gtk	libstdc++.so.6	gcc-g++
qalculate-gtk	libxml2.so.16	libxml2
qalculate-gtk	libz.so.1	aaa_libraries
qalculate-gtk	libz.so.1	zlib
qalculate-qt	libGLX.so.0	libglvnd
qalculate-qt	libOpenGL.so.0	libglvnd
qalculate-qt	libQt6Core.so.6	qt6
qalculate-qt	libQt6Gui.so.6	qt6
qalculate-qt	libQt6Network.so.6	qt6
qalculate-qt	libQt6Widgets.so.6	qt6
qalculate-qt	libc.so.6	aaa_glibc-solibs
qalculate-qt	libc.so.6	glibc
qalculate-qt	libgcc_s.so.1	aaa_libraries
qalculate-qt	libgcc_s.so.1	gcc
qalculate-qt	libm.so.6	aaa_glibc-solibs
qalculate-qt	libm.so.6	glibc
qalculate-qt	libqalculate.so.23	libqalculate
qalculate-qt	libstdc++.so.6	aaa_libraries
qalculate-qt	libstdc++.so.6	gcc-g++
qca	libQt5Core.so.5	qt5
qca	libQt6Core.so.6	qt6
qca	libQt6Core5Compat.so.6	qt6
qca	libc.so.6	aaa_glibc-solibs
qca	libc.so.6	glibc
qca	libcrypto.so.3	openssl
qca	libcrypto.so.3	openssl-solibs
qca	libgcc_s.so.1	aaa_libraries
qca	libgcc_s.so.1	gcc
qca	libgcrypt.so.20	libgcrypt
qca	libm.so.6	aaa_glibc-solibs
qca	libm.so.6	glibc
qca	libnspr4.so	mozilla-nss
qca	libnss3.so	mozilla-nss
qca	libnssutil3.so	mozilla-nss
qca	libplc4.so	mozilla-nss
qca	libplds4.so	mozilla-nss
qca	libsasl2.so.3	cyrus-sasl
qca	libsmime3.so	mozilla-nss
qca	libsoftokn3.so	mozilla-nss
qca	libsqlite3.so.0	sqlite
qca	libssl.so.3	openssl
qca	libssl.so.3	openssl-solibs
qca	libssl3.so	mozilla-nss
qca	libstdc++.so.6	aaa_libraries
qca	libstdc++.so.6	gcc-g++
qcoro	libGLX.so.0	libglvnd
qcoro	libOpenGL.so.0	libglvnd
qcoro	libQt6Core.so.6	qt6
qcoro	libQt6DBus.so.6	qt6
qcoro	libQt6Gui.so.6	qt6
qcoro	libQt6Network.so.6	qt6
qcoro	libQt6OpenGL.so.6	qt6
qcoro	libQt6Qml.so.6	qt6
qcoro	libQt6Quick.so.6	qt6
qcoro	libQt6WebSockets.so.6	qt6
qcoro	libc.so.6	aaa_glibc-solibs
qcoro	libc.so.6	glibc
qcoro	libgcc_s.so.1	aaa_libraries
qcoro	libgcc_s.so.1	gcc
qcoro	libm.so.6	aaa_glibc-solibs
qcoro	libm.so.6	glibc
qcoro	libstdc++.so.6	aaa_libraries
qcoro	libstdc++.so.6	gcc-g++
qemu	libSDL2-2.0.so.0	SDL2
qemu	libSDL2_image-2.0.so.0	SDL2_image
qemu	libX11.so.6	libX11
qemu	libaio.so.1	aaa_libraries
qemu	libaio.so.1	libaio
qemu	libasound.so.2	aaa_libraries
qemu	libasound.so.2	alsa-lib
qemu	libbz2.so.1	aaa_libraries
qemu	libbz2.so.1	bzip2
qemu	libc.so.6	aaa_glibc-solibs
qemu	libc.so.6	glibc
qemu	libcacard.so.0	libcacard
qemu	libcairo.so.2	cairo
qemu	libcap-ng.so.0	libcap-ng
qemu	libcbor.so.0.14	libcbor
qemu	libcurl.so.4	aaa_libraries
qemu	libcurl.so.4	curl
qemu	libdaxctl.so.1	ndctl
qemu	libdw.so.1	elfutils
qemu	libepoxy.so.0	libepoxy
qemu	libfdt.so.1	dtc
qemu	libfuse3.so.3	fuse3
qemu	libgbm.so.1	mesa
qemu	libgdk-3.so.0	gtk+3
qemu	libgdk_pixbuf-2.0.so.0	gdk-pixbuf2
qemu	libgio-2.0.so.0	glib2
qemu	libglib-2.0.so.0	aaa_libraries
qemu	libglib-2.0.so.0	glib2
qemu	libgmodule-2.0.so.0	aaa_libraries
qemu	libgmodule-2.0.so.0	glib2
qemu	libgmp.so.10	aaa_libraries
qemu	libgmp.so.10	gmp
qemu	libgnutls.so.30	gnutls
qemu	libgobject-2.0.so.0	aaa_libraries
qemu	libgobject-2.0.so.0	glib2
qemu	libgtk-3.so.0	gtk+3
qemu	libhogweed.so.6	nettle
qemu	libjack.so.0	pipewire
qemu	libjemalloc.so.2	jemalloc
qemu	libjpeg.so.62	aaa_libraries
qemu	libjpeg.so.62	libjpeg-turbo
qemu	libkeyutils.so.1	aaa_libraries
qemu	libkeyutils.so.1	keyutils
qemu	liblzo2.so.2	lzo
qemu	libm.so.6	aaa_glibc-solibs
qemu	libm.so.6	glibc
qemu	libncursesw.so.6	aaa_libraries
qemu	libncursesw.so.6	ncurses
qemu	libnettle.so.8	nettle
qemu	libpam.so.0	pam
qemu	libpipewire-0.3.so.0	pipewire
qemu	libpixman-1.so.0	pixman
qemu	libpng16.so.16	aaa_libraries
qemu	libpng16.so.16	libpng
qemu	libpulse.so.0	pulseaudio
qemu	libsasl2.so.3	cyrus-sasl
qemu	libseccomp.so.2	libseccomp
qemu	libslirp.so.0	libslirp
qemu	libspice-server.so.1	spice
qemu	libssh.so.4	libssh
qemu	libtinfo.so.6	aaa_libraries
qemu	libtinfo.so.6	ncurses
qemu	libudev.so.1	aaa_libraries
qemu	libudev.so.1	eudev
qemu	liburing.so.2	liburing
qemu	libusb-1.0.so.0	aaa_libraries
qemu	libusb-1.0.so.0	libusb
qemu	libusbredirparser.so.1	usbredir
qemu	libvdeplug.so.3	vde2
qemu	libvirglrenderer.so.1	virglrenderer
qemu	libvte-2.91.so.0	vte
qemu	libxkbcommon.so.0	aaa_libraries
qemu	libxkbcommon.so.0	libxkbcommon
qemu	libz.so.1	aaa_libraries
qemu	libz.so.1	zlib
qemu	libzstd.so.1	aaa_libraries
qemu	libzstd.so.1	zstd
qemu-guest-agent	libc.so.6	aaa_glibc-solibs
qemu-guest-agent	libc.so.6	glibc
qemu-guest-agent	libglib-2.0.so.0	aaa_libraries
qemu-guest-agent	libglib-2.0.so.0	glib2
qemu-guest-agent	libjemalloc.so.2	jemalloc
qemu-guest-agent	libm.so.6	aaa_glibc-solibs
qemu-guest-agent	libm.so.6	glibc
qemu-guest-agent	libudev.so.1	aaa_libraries
qemu-guest-agent	libudev.so.1	eudev
qemu-guest-agent	liburing.so.2	liburing
qgpgme	libQt6Core.so.6	qt6
qgpgme	libc.so.6	aaa_glibc-solibs
qgpgme	libc.so.6	glibc
qgpgme	libgcc_s.so.1	aaa_libraries
qgpgme	libgcc_s.so.1	gcc
qgpgme	libgpg-error.so.0	aaa_libraries
qgpgme	libgpg-error.so.0	libgpg-error
qgpgme	libgpgme.so.45	gpgme
qgpgme	libgpgmepp.so.7	gpgmepp
qgpgme	libm.so.6	aaa_glibc-solibs
qgpgme	libm.so.6	glibc
qgpgme	libstdc++.so.6	aaa_libraries
qgpgme	libstdc++.so.6	gcc-g++
qml-box2d	libGLX.so.0	libglvnd
qml-box2d	libOpenGL.so.0	libglvnd
qml-box2d	libQt6Core.so.6	qt6
qml-box2d	libQt6Gui.so.6	qt6
qml-box2d	libQt6Network.so.6	qt6
qml-box2d	libQt6OpenGL.so.6	qt6
qml-box2d	libQt6Qml.so.6	qt6
qml-box2d	libQt6Quick.so.6	qt6
qml-box2d	libc.so.6	aaa_glibc-solibs
qml-box2d	libc.so.6	glibc
qml-box2d	libgcc_s.so.1	aaa_libraries
qml-box2d	libgcc_s.so.1	gcc
qml-box2d	libm.so.6	aaa_glibc-solibs
qml-box2d	libm.so.6	glibc
qml-box2d	libstdc++.so.6	aaa_libraries
qml-box2d	libstdc++.so.6	gcc-g++
qpdf	libc.so.6	aaa_glibc-solibs
qpdf	libc.so.6	glibc
qpdf	libcrypto.so.3	openssl
qpdf	libcrypto.so.3	openssl-solibs
qpdf	libgcc_s.so.1	aaa_libraries
qpdf	libgcc_s.so.1	gcc
qpdf	libgnutls.so.30	gnutls
qpdf	libjpeg.so.62	aaa_libraries
qpdf	libjpeg.so.62	libjpeg-turbo
qpdf	libm.so.6	aaa_glibc-solibs
qpdf	libm.so.6	glibc
qpdf	libssl.so.3	openssl
qpdf	libssl.so.3	openssl-solibs
qpdf	libstdc++.so.6	aaa_libraries
qpdf	libstdc++.so.6	gcc-g++
qpdf	libz.so.1	aaa_libraries
qpdf	libz.so.1	zlib
qqc2-breeze-style	libGLX.so.0	libglvnd
qqc2-breeze-style	libKF6ColorScheme.so.6	kcolorscheme
qqc2-breeze-style	libKF6ConfigCore.so.6	kconfig
qqc2-breeze-style	libKF6GuiAddons.so.6	kguiaddons
qqc2-breeze-style	libKF6IconThemes.so.6	kiconthemes
qqc2-breeze-style	libKirigamiPlatform.so.6	kirigami
qqc2-breeze-style	libOpenGL.so.0	libglvnd
qqc2-breeze-style	libQt6Core.so.6	qt6
qqc2-breeze-style	libQt6DBus.so.6	qt6
qqc2-breeze-style	libQt6Gui.so.6	qt6
qqc2-breeze-style	libQt6Network.so.6	qt6
qqc2-breeze-style	libQt6OpenGL.so.6	qt6
qqc2-breeze-style	libQt6Qml.so.6	qt6
qqc2-breeze-style	libQt6QmlModels.so.6	qt6
qqc2-breeze-style	libQt6Quick.so.6	qt6
qqc2-breeze-style	libQt6QuickControls2.so.6	qt6
qqc2-breeze-style	libQt6QuickTemplates2.so.6	qt6
qqc2-breeze-style	libc.so.6	aaa_glibc-solibs
qqc2-breeze-style	libc.so.6	glibc
qqc2-breeze-style	libgcc_s.so.1	aaa_libraries
qqc2-breeze-style	libgcc_s.so.1	gcc
qqc2-breeze-style	libm.so.6	aaa_glibc-solibs
qqc2-breeze-style	libm.so.6	glibc
qqc2-breeze-style	libstdc++.so.6	aaa_libraries
qqc2-breeze-style	libstdc++.so.6	gcc-g++
qqc2-desktop-style	libGLX.so.0	libglvnd
qqc2-desktop-style	libKF6ColorScheme.so.6	kcolorscheme
qqc2-desktop-style	libKF6ConfigCore.so.6	kconfig
qqc2-desktop-style	libKF6IconThemes.so.6	kiconthemes
qqc2-desktop-style	libKirigamiPlatform.so.6	kirigami
qqc2-desktop-style	libOpenGL.so.0	libglvnd
qqc2-desktop-style	libQt6Core.so.6	qt6
qqc2-desktop-style	libQt6DBus.so.6	qt6
qqc2-desktop-style	libQt6Gui.so.6	qt6
qqc2-desktop-style	libQt6Network.so.6	qt6
qqc2-desktop-style	libQt6OpenGL.so.6	qt6
qqc2-desktop-style	libQt6Qml.so.6	qt6
qqc2-desktop-style	libQt6Quick.so.6	qt6
qqc2-desktop-style	libQt6Widgets.so.6	qt6
qqc2-desktop-style	libc.so.6	aaa_glibc-solibs
qqc2-desktop-style	libc.so.6	glibc
qqc2-desktop-style	libgcc_s.so.1	aaa_libraries
qqc2-desktop-style	libgcc_s.so.1	gcc
qqc2-desktop-style	libm.so.6	aaa_glibc-solibs
qqc2-desktop-style	libm.so.6	glibc
qqc2-desktop-style	libstdc++.so.6	aaa_libraries
qqc2-desktop-style	libstdc++.so.6	gcc-g++
qqc2-desktop-style5	libKF5Auth.so.5	kauth5
qqc2-desktop-style5	libKF5AuthCore.so.5	kauth5
qqc2-desktop-style5	libKF5Codecs.so.5	kcodecs5
qqc2-desktop-style5	libKF5ConfigCore.so.5	kconfig5
qqc2-desktop-style5	libKF5ConfigGui.so.5	kconfig5
qqc2-desktop-style5	libKF5ConfigWidgets.so.5	kconfigwidgets5
qqc2-desktop-style5	libKF5CoreAddons.so.5	kcoreaddons5
qqc2-desktop-style5	libKF5IconThemes.so.5	kiconthemes5
qqc2-desktop-style5	libKF5Kirigami2.so.5	kirigami5
qqc2-desktop-style5	libKF5WidgetsAddons.so.5	kwidgetsaddons5
qqc2-desktop-style5	libQt5Core.so.5	qt5
qqc2-desktop-style5	libQt5DBus.so.5	qt5
qqc2-desktop-style5	libQt5Gui.so.5	qt5
qqc2-desktop-style5	libQt5Network.so.5	qt5
qqc2-desktop-style5	libQt5Qml.so.5	qt5
qqc2-desktop-style5	libQt5QmlModels.so.5	qt5
qqc2-desktop-style5	libQt5Quick.so.5	qt5
qqc2-desktop-style5	libQt5Widgets.so.5	qt5
qqc2-desktop-style5	libQt5Xml.so.5	qt5
qqc2-desktop-style5	libc.so.6	aaa_glibc-solibs
qqc2-desktop-style5	libc.so.6	glibc
qqc2-desktop-style5	libgcc_s.so.1	aaa_libraries
qqc2-desktop-style5	libgcc_s.so.1	gcc
qqc2-desktop-style5	libm.so.6	aaa_glibc-solibs
qqc2-desktop-style5	libm.so.6	glibc
qqc2-desktop-style5	libstdc++.so.6	aaa_libraries
qqc2-desktop-style5	libstdc++.so.6	gcc-g++
qrca	libGLX.so.0	libglvnd
qrca	libKF6ConfigCore.so.6	kconfig
qrca	libKF6Contacts.so.6	kcontacts
qrca	libKF6CoreAddons.so.6	kcoreaddons
qrca	libKF6Crash.so.6	kcrash
qrca	libKF6DBusAddons.so.6	kdbusaddons
qrca	libKF6I18n.so.6	ki18n
qrca	libKF6I18nQml.so.6	ki18n
qrca	libKF6KIOCore.so.6	kio
qrca	libKF6KIOGui.so.6	kio
qrca	libKF6NetworkManagerQt.so.6	networkmanager-qt
qrca	libKF6Notifications.so.6	knotifications
qrca	libKF6Prison.so.6	prison
qrca	libKF6PrisonScanner.so.6	prison
qrca	libKF6Service.so.6	kservice
qrca	libOpenGL.so.0	libglvnd
qrca	libQt6Core.so.6	qt6
qrca	libQt6DBus.so.6	qt6
qrca	libQt6Gui.so.6	qt6
qrca	libQt6Multimedia.so.6	qt6
qrca	libQt6Network.so.6	qt6
qrca	libQt6OpenGL.so.6	qt6
qrca	libQt6Qml.so.6	qt6
qrca	libQt6Quick.so.6	qt6
qrca	libQt6QuickControls2.so.6	qt6
qrca	libQt6Svg.so.6	qt6
qrca	libQt6Widgets.so.6	qt6
qrca	libc.so.6	aaa_glibc-solibs
qrca	libc.so.6	glibc
qrca	libgcc_s.so.1	aaa_libraries
qrca	libgcc_s.so.1	gcc
qrca	libgio-2.0.so.0	glib2
qrca	libglib-2.0.so.0	aaa_libraries
qrca	libglib-2.0.so.0	glib2
qrca	libgobject-2.0.so.0	aaa_libraries
qrca	libgobject-2.0.so.0	glib2
qrca	libm.so.6	aaa_glibc-solibs
qrca	libm.so.6	glibc
qrca	libnm.so.0	NetworkManager
qrca	libstdc++.so.6	aaa_libraries
qrca	libstdc++.so.6	gcc-g++
qrencode	libc.so.6	aaa_glibc-solibs
qrencode	libc.so.6	glibc
qrencode	libpng16.so.16	aaa_libraries
qrencode	libpng16.so.16	libpng
qt5	ld-linux-x86-64.so.2	aaa_glibc-solibs
qt5	ld-linux-x86-64.so.2	glibc
qt5	libEGL.so.1	libglvnd
qt5	libGL.so.1	libglvnd
qt5	libICE.so.6	libICE
qt5	libSDL2-2.0.so.0	SDL2
qt5	libSM.so.6	libSM
qt5	libX11-xcb.so.1	libX11
qt5	libX11.so.6	libX11
qt5	libXcomposite.so.1	libXcomposite
qt5	libXdamage.so.1	libXdamage
qt5	libXext.so.6	libXext
qt5	libXfixes.so.3	libXfixes
qt5	libXrandr.so.2	libXrandr
qt5	libXrender.so.1	libXrender
qt5	libXtst.so.6	libXtst
qt5	libasound.so.2	aaa_libraries
qt5	libasound.so.2	alsa-lib
qt5	libatk-1.0.so.0	at-spi2-core
qt5	libavcodec.so.63	ffmpeg
qt5	libavformat.so.63	ffmpeg
qt5	libavutil.so.61	ffmpeg
qt5	libbluetooth.so.3	bluez
qt5	libc.so.6	aaa_glibc-solibs
qt5	libc.so.6	glibc
qt5	libcairo-gobject.so.2	cairo
qt5	libcairo.so.2	cairo
qt5	libclang.so.23.1	llvm
qt5	libcrypto.so.3	openssl
qt5	libcrypto.so.3	openssl-solibs
qt5	libcups.so.2	aaa_libraries
qt5	libcups.so.2	cups
qt5	libdbus-1.so.3	dbus
qt5	libdrm.so.2	libdrm
qt5	libevent-2.1.so.7	libevent
qt5	libexpat.so.1	aaa_libraries
qt5	libexpat.so.1	expat
qt5	libfontconfig.so.1	fontconfig
qt5	libfreetype.so.6	freetype
qt5	libgbm.so.1	mesa
qt5	libgcc_s.so.1	aaa_libraries
qt5	libgcc_s.so.1	gcc
qt5	libgdk-3.so.0	gtk+3
qt5	libgdk_pixbuf-2.0.so.0	gdk-pixbuf2
qt5	libgio-2.0.so.0	glib2
qt5	libglib-2.0.so.0	aaa_libraries
qt5	libglib-2.0.so.0	glib2
qt5	libgobject-2.0.so.0	aaa_libraries
qt5	libgobject-2.0.so.0	glib2
qt5	libgssapi_krb5.so.2	aaa_libraries
qt5	libgssapi_krb5.so.2	krb5
qt5	libgstallocators-1.0.so.0	gst-plugins-base
qt5	libgstapp-1.0.so.0	gst-plugins-base
qt5	libgstaudio-1.0.so.0	gst-plugins-base
qt5	libgstbase-1.0.so.0	gstreamer
qt5	libgstgl-1.0.so.0	gst-plugins-base
qt5	libgstpbutils-1.0.so.0	gst-plugins-base
qt5	libgstphotography-1.0.so.0	gst-plugins-bad-free
qt5	libgstreamer-1.0.so.0	gstreamer
qt5	libgstvideo-1.0.so.0	gst-plugins-base
qt5	libgthread-2.0.so.0	aaa_libraries
qt5	libgthread-2.0.so.0	glib2
qt5	libgtk-3.so.0	gtk+3
qt5	libharfbuzz.so.0	harfbuzz
qt5	libhunspell-1.7.so.0	hunspell
qt5	libicudata.so.78	icu4c
qt5	libicui18n.so.78	icu4c
qt5	libicuuc.so.78	icu4c
qt5	libinput.so.10	libinput
qt5	libjasper.so.7	jasper
qt5	libjpeg.so.62	aaa_libraries
qt5	libjpeg.so.62	libjpeg-turbo
qt5	liblcms2.so.2	lcms2
qt5	libm.so.6	aaa_glibc-solibs
qt5	libm.so.6	glibc
qt5	libmariadb.so.3	mariadb
qt5	libmng.so.2	libmng
qt5	libmtdev.so.1	mtdev
qt5	libnspr4.so	mozilla-nss
qt5	libnss3.so	mozilla-nss
qt5	libnssutil3.so	mozilla-nss
qt5	libopenal.so.1	openal-soft
qt5	libopus.so.0	opus
qt5	libpango-1.0.so.0	pango
qt5	libpangocairo-1.0.so.0	pango
qt5	libpci.so.3	pciutils
qt5	libpcre2-16.so.0	pcre2
qt5	libplc4.so	mozilla-nss
qt5	libplds4.so	mozilla-nss
qt5	libpng16.so.16	aaa_libraries
qt5	libpng16.so.16	libpng
qt5	libpulse-mainloop-glib.so.0	pulseaudio
qt5	libpulse.so.0	pulseaudio
qt5	libresolv.so.2	aaa_glibc-solibs
qt5	libresolv.so.2	glibc
qt5	libsmime3.so	mozilla-nss
qt5	libsoftokn3.so	mozilla-nss
qt5	libspeechd.so.2	speech-dispatcher
qt5	libsqlite3.so.0	sqlite
qt5	libssl.so.3	openssl
qt5	libssl.so.3	openssl-solibs
qt5	libstdc++.so.6	aaa_libraries
qt5	libstdc++.so.6	gcc-g++
qt5	libtiff.so.6	aaa_libraries
qt5	libtiff.so.6	libtiff
qt5	libudev.so.1	aaa_libraries
qt5	libudev.so.1	eudev
qt5	libvpx.so.12	libvpx
qt5	libwayland-client.so.0	wayland
qt5	libwayland-cursor.so.0	wayland
qt5	libwayland-egl.so.1	wayland
qt5	libwayland-server.so.0	wayland
qt5	libwebp.so.7	libwebp
qt5	libwebpdemux.so.2	libwebp
qt5	libwebpmux.so.3	libwebp
qt5	libxcb-glx.so.0	libxcb
qt5	libxcb-icccm.so.4	xcb-util-wm
qt5	libxcb-image.so.0	xcb-util-image
qt5	libxcb-keysyms.so.1	xcb-util-keysyms
qt5	libxcb-randr.so.0	libxcb
qt5	libxcb-render-util.so.0	xcb-util-renderutil
qt5	libxcb-render.so.0	libxcb
qt5	libxcb-shape.so.0	libxcb
qt5	libxcb-shm.so.0	libxcb
qt5	libxcb-sync.so.1	libxcb
qt5	libxcb-xfixes.so.0	libxcb
qt5	libxcb-xinerama.so.0	libxcb
qt5	libxcb-xinput.so.0	libxcb
qt5	libxcb-xkb.so.1	libxcb
qt5	libxcb.so.1	libxcb
qt5	libxkbcommon-x11.so.0	libxkbcommon
qt5	libxkbcommon.so.0	aaa_libraries
qt5	libxkbcommon.so.0	libxkbcommon
qt5	libz.so.1	aaa_libraries
qt5	libz.so.1	zlib
qt5	libzstd.so.1	aaa_libraries
qt5	libzstd.so.1	zstd
qt6	ld-linux-x86-64.so.2	aaa_glibc-solibs
qt6	ld-linux-x86-64.so.2	glibc
qt6	libEGL.so.1	libglvnd
qt6	libGLX.so.0	libglvnd
qt6	libICE.so.6	libICE
qt6	libLLVM.so.23.1	llvm
qt6	libOpenGL.so.0	libglvnd
qt6	libSM.so.6	libSM
qt6	libX11-xcb.so.1	libX11
qt6	libX11.so.6	libX11
qt6	libXcomposite.so.1	libXcomposite
qt6	libXdamage.so.1	libXdamage
qt6	libXext.so.6	libXext
qt6	libXfixes.so.3	libXfixes
qt6	libXrandr.so.2	libXrandr
qt6	libabsl_base.so.2608.0.0	abseil-cpp
qt6	libabsl_base_cpu_detect.so.2608.0.0	abseil-cpp
qt6	libabsl_city.so.2608.0.0	abseil-cpp
qt6	libabsl_civil_time.so.2608.0.0	abseil-cpp
qt6	libabsl_cord.so.2608.0.0	abseil-cpp
qt6	libabsl_cord_internal.so.2608.0.0	abseil-cpp
qt6	libabsl_cordz_functions.so.2608.0.0	abseil-cpp
qt6	libabsl_cordz_handle.so.2608.0.0	abseil-cpp
qt6	libabsl_cordz_info.so.2608.0.0	abseil-cpp
qt6	libabsl_crc32c.so.2608.0.0	abseil-cpp
qt6	libabsl_crc_cord_state.so.2608.0.0	abseil-cpp
qt6	libabsl_crc_internal.so.2608.0.0	abseil-cpp
qt6	libabsl_debugging_internal.so.2608.0.0	abseil-cpp
qt6	libabsl_decode_rust_punycode.so.2608.0.0	abseil-cpp
qt6	libabsl_demangle_internal.so.2608.0.0	abseil-cpp
qt6	libabsl_demangle_rust.so.2608.0.0	abseil-cpp
qt6	libabsl_die_if_null.so.2608.0.0	abseil-cpp
qt6	libabsl_examine_stack.so.2608.0.0	abseil-cpp
qt6	libabsl_exponential_biased.so.2608.0.0	abseil-cpp
qt6	libabsl_flags_commandlineflag.so.2608.0.0	abseil-cpp
qt6	libabsl_flags_commandlineflag_internal.so.2608.0.0	abseil-cpp
qt6	libabsl_flags_config.so.2608.0.0	abseil-cpp
qt6	libabsl_flags_internal.so.2608.0.0	abseil-cpp
qt6	libabsl_flags_marshalling.so.2608.0.0	abseil-cpp
qt6	libabsl_flags_private_handle_accessor.so.2608.0.0	abseil-cpp
qt6	libabsl_flags_program_name.so.2608.0.0	abseil-cpp
qt6	libabsl_flags_reflection.so.2608.0.0	abseil-cpp
qt6	libabsl_graphcycles_internal.so.2608.0.0	abseil-cpp
qt6	libabsl_hardening.so.2608.0.0	abseil-cpp
qt6	libabsl_hash.so.2608.0.0	abseil-cpp
qt6	libabsl_hashtablez_sampler.so.2608.0.0	abseil-cpp
qt6	libabsl_int128.so.2608.0.0	abseil-cpp
qt6	libabsl_kernel_timeout_internal.so.2608.0.0	abseil-cpp
qt6	libabsl_leak_check.so.2608.0.0	abseil-cpp
qt6	libabsl_log_entry.so.2608.0.0	abseil-cpp
qt6	libabsl_log_globals.so.2608.0.0	abseil-cpp
qt6	libabsl_log_initialize.so.2608.0.0	abseil-cpp
qt6	libabsl_log_internal_check_op.so.2608.0.0	abseil-cpp
qt6	libabsl_log_internal_conditions.so.2608.0.0	abseil-cpp
qt6	libabsl_log_internal_fnmatch.so.2608.0.0	abseil-cpp
qt6	libabsl_log_internal_format.so.2608.0.0	abseil-cpp
qt6	libabsl_log_internal_globals.so.2608.0.0	abseil-cpp
qt6	libabsl_log_internal_log_sink_set.so.2608.0.0	abseil-cpp
qt6	libabsl_log_internal_message.so.2608.0.0	abseil-cpp
qt6	libabsl_log_internal_nullguard.so.2608.0.0	abseil-cpp
qt6	libabsl_log_internal_proto.so.2608.0.0	abseil-cpp
qt6	libabsl_log_internal_structured_proto.so.2608.0.0	abseil-cpp
qt6	libabsl_log_severity.so.2608.0.0	abseil-cpp
qt6	libabsl_log_sink.so.2608.0.0	abseil-cpp
qt6	libabsl_malloc_internal.so.2608.0.0	abseil-cpp
qt6	libabsl_random_distributions.so.2608.0.0	abseil-cpp
qt6	libabsl_random_internal_entropy_pool.so.2608.0.0	abseil-cpp
qt6	libabsl_random_internal_platform.so.2608.0.0	abseil-cpp
qt6	libabsl_random_internal_randen.so.2608.0.0	abseil-cpp
qt6	libabsl_random_internal_randen_hwaes.so.2608.0.0	abseil-cpp
qt6	libabsl_random_internal_randen_hwaes_impl.so.2608.0.0	abseil-cpp
qt6	libabsl_random_internal_randen_slow.so.2608.0.0	abseil-cpp
qt6	libabsl_random_internal_seed_material.so.2608.0.0	abseil-cpp
qt6	libabsl_random_seed_gen_exception.so.2608.0.0	abseil-cpp
qt6	libabsl_random_seed_sequences.so.2608.0.0	abseil-cpp
qt6	libabsl_raw_hash_set.so.2608.0.0	abseil-cpp
qt6	libabsl_raw_logging_internal.so.2608.0.0	abseil-cpp
qt6	libabsl_source_location.so.2608.0.0	abseil-cpp
qt6	libabsl_spinlock_wait.so.2608.0.0	abseil-cpp
qt6	libabsl_stacktrace.so.2608.0.0	abseil-cpp
qt6	libabsl_status.so.2608.0.0	abseil-cpp
qt6	libabsl_statusor.so.2608.0.0	abseil-cpp
qt6	libabsl_str_format_internal.so.2608.0.0	abseil-cpp
qt6	libabsl_strerror.so.2608.0.0	abseil-cpp
qt6	libabsl_strings.so.2608.0.0	abseil-cpp
qt6	libabsl_strings_internal.so.2608.0.0	abseil-cpp
qt6	libabsl_symbolize.so.2608.0.0	abseil-cpp
qt6	libabsl_synchronization.so.2608.0.0	abseil-cpp
qt6	libabsl_throw_delegate.so.2608.0.0	abseil-cpp
qt6	libabsl_time.so.2608.0.0	abseil-cpp
qt6	libabsl_time_zone.so.2608.0.0	abseil-cpp
qt6	libabsl_tracing_internal.so.2608.0.0	abseil-cpp
qt6	libabsl_utf8_for_code_point.so.2608.0.0	abseil-cpp
qt6	libabsl_vlog_config_internal.so.2608.0.0	abseil-cpp
qt6	libasound.so.2	aaa_libraries
qt6	libasound.so.2	alsa-lib
qt6	libatk-1.0.so.0	at-spi2-core
qt6	libavcodec.so.63	ffmpeg
qt6	libavformat.so.63	ffmpeg
qt6	libavutil.so.61	ffmpeg
qt6	libbluetooth.so.3	bluez
qt6	libbrotlidec.so.1	brotli
qt6	libc.so.6	aaa_glibc-solibs
qt6	libc.so.6	glibc
qt6	libcairo-gobject.so.2	cairo
qt6	libcairo.so.2	cairo
qt6	libclang-cpp.so.23.1	llvm
qt6	libclang.so.23.1	llvm
qt6	libcrypto.so.3	openssl
qt6	libcrypto.so.3	openssl-solibs
qt6	libcups.so.2	aaa_libraries
qt6	libcups.so.2	cups
qt6	libdbus-1.so.3	dbus
qt6	libdrm.so.2	libdrm
qt6	libexpat.so.1	aaa_libraries
qt6	libexpat.so.1	expat
qt6	libfontconfig.so.1	fontconfig
qt6	libfreetype.so.6	freetype
qt6	libgbm.so.1	mesa
qt6	libgcc_s.so.1	aaa_libraries
qt6	libgcc_s.so.1	gcc
qt6	libgdk-3.so.0	gtk+3
qt6	libgdk_pixbuf-2.0.so.0	gdk-pixbuf2
qt6	libgio-2.0.so.0	glib2
qt6	libglib-2.0.so.0	aaa_libraries
qt6	libglib-2.0.so.0	glib2
qt6	libgobject-2.0.so.0	aaa_libraries
qt6	libgobject-2.0.so.0	glib2
qt6	libgssapi_krb5.so.2	aaa_libraries
qt6	libgssapi_krb5.so.2	krb5
qt6	libgstallocators-1.0.so.0	gst-plugins-base
qt6	libgstapp-1.0.so.0	gst-plugins-base
qt6	libgstaudio-1.0.so.0	gst-plugins-base
qt6	libgstbase-1.0.so.0	gstreamer
qt6	libgstgl-1.0.so.0	gst-plugins-base
qt6	libgstpbutils-1.0.so.0	gst-plugins-base
qt6	libgstphotography-1.0.so.0	gst-plugins-bad-free
qt6	libgstplay-1.0.so.0	gst-plugins-bad-free
qt6	libgstreamer-1.0.so.0	gstreamer
qt6	libgstvideo-1.0.so.0	gst-plugins-base
qt6	libgthread-2.0.so.0	aaa_libraries
qt6	libgthread-2.0.so.0	glib2
qt6	libgtk-3.so.0	gtk+3
qt6	libharfbuzz-subset.so.0	harfbuzz
qt6	libharfbuzz.so.0	harfbuzz
qt6	libhunspell-1.7.so.0	hunspell
qt6	libicudata.so.78	icu4c
qt6	libicui18n.so.78	icu4c
qt6	libicuuc.so.78	icu4c
qt6	libinput.so.10	libinput
qt6	libiodbc.so.2	libiodbc
qt6	libjasper.so.7	jasper
qt6	libjpeg.so.62	aaa_libraries
qt6	libjpeg.so.62	libjpeg-turbo
qt6	liblcms2.so.2	lcms2
qt6	libm.so.6	aaa_glibc-solibs
qt6	libm.so.6	glibc
qt6	libmariadb.so.3	mariadb
qt6	libmng.so.2	libmng
qt6	libmtdev.so.1	mtdev
qt6	libnspr4.so	mozilla-nss
qt6	libnss3.so	mozilla-nss
qt6	libnssutil3.so	mozilla-nss
qt6	libopenjp2.so.7	openjpeg
qt6	libopus.so.0	opus
qt6	libpango-1.0.so.0	pango
qt6	libpangocairo-1.0.so.0	pango
qt6	libpcre2-16.so.0	pcre2
qt6	libpcsclite.so.1	pcsc-lite
qt6	libpng16.so.16	aaa_libraries
qt6	libpng16.so.16	libpng
qt6	libprotobuf.so.36	protobuf
qt6	libprotoc.so.36	protobuf
qt6	libproxy.so.1	libproxy
qt6	libpulse.so.0	pulseaudio
qt6	libresolv.so.2	aaa_glibc-solibs
qt6	libresolv.so.2	glibc
qt6	libspeechd.so.2	speech-dispatcher
qt6	libsqlite3.so.0	sqlite
qt6	libssl.so.3	openssl
qt6	libssl.so.3	openssl-solibs
qt6	libstdc++.so.6	aaa_libraries
qt6	libstdc++.so.6	gcc-g++
qt6	libswresample.so.7	ffmpeg
qt6	libswscale.so.10	ffmpeg
qt6	libtiff.so.6	aaa_libraries
qt6	libtiff.so.6	libtiff
qt6	libudev.so.1	aaa_libraries
qt6	libudev.so.1	eudev
qt6	liburing.so.2	liburing
qt6	libutf8_range.so.36.2.0	protobuf
qt6	libutf8_validity.so.36.2.0	protobuf
qt6	libva-drm.so.2	libva
qt6	libva.so.2	libva
qt6	libwayland-client.so.0	wayland
qt6	libwayland-cursor.so.0	wayland
qt6	libwayland-egl.so.1	wayland
qt6	libwayland-server.so.0	wayland
qt6	libwebp.so.7	libwebp
qt6	libwebpdemux.so.2	libwebp
qt6	libwebpmux.so.3	libwebp
qt6	libxcb-cursor.so.0	xcb-util-cursor
qt6	libxcb-dri3.so.0	libxcb
qt6	libxcb-glx.so.0	libxcb
qt6	libxcb-icccm.so.4	xcb-util-wm
qt6	libxcb-image.so.0	xcb-util-image
qt6	libxcb-keysyms.so.1	xcb-util-keysyms
qt6	libxcb-randr.so.0	libxcb
qt6	libxcb-render-util.so.0	xcb-util-renderutil
qt6	libxcb-render.so.0	libxcb
qt6	libxcb-shape.so.0	libxcb
qt6	libxcb-shm.so.0	libxcb
qt6	libxcb-sync.so.1	libxcb
qt6	libxcb-util.so.1	xcb-util
qt6	libxcb-xfixes.so.0	libxcb
qt6	libxcb-xinput.so.0	libxcb
qt6	libxcb-xkb.so.1	libxcb
qt6	libxcb.so.1	libxcb
qt6	libxkbcommon-x11.so.0	libxkbcommon
qt6	libxkbcommon.so.0	aaa_libraries
qt6	libxkbcommon.so.0	libxkbcommon
qt6	libxkbfile.so.1	libxkbfile
qt6	libxml2.so.16	libxml2
qt6	libxslt.so.1	libxslt
qt6	libz.so.1	aaa_libraries
qt6	libz.so.1	zlib
qt6	libzstd.so.1	aaa_libraries
qt6	libzstd.so.1	zstd
qtkeychain	libQt6Core.so.6	qt6
qtkeychain	libQt6DBus.so.6	qt6
qtkeychain	libc.so.6	aaa_glibc-solibs
qtkeychain	libc.so.6	glibc
qtkeychain	libgcc_s.so.1	aaa_libraries
qtkeychain	libgcc_s.so.1	gcc
qtkeychain	libgio-2.0.so.0	glib2
qtkeychain	libglib-2.0.so.0	aaa_libraries
qtkeychain	libglib-2.0.so.0	glib2
qtkeychain	libgobject-2.0.so.0	aaa_libraries
qtkeychain	libgobject-2.0.so.0	glib2
qtkeychain	libm.so.6	aaa_glibc-solibs
qtkeychain	libm.so.6	glibc
qtkeychain	libsecret-1.so.0	libsecret
qtkeychain	libstdc++.so.6	aaa_libraries
qtkeychain	libstdc++.so.6	gcc-g++
quazip	libQt6Core.so.6	qt6
quazip	libQt6Core5Compat.so.6	qt6
quazip	libbz2.so.1	aaa_libraries
quazip	libbz2.so.1	bzip2
quazip	libc.so.6	aaa_glibc-solibs
quazip	libc.so.6	glibc
quazip	libgcc_s.so.1	aaa_libraries
quazip	libgcc_s.so.1	gcc
quazip	libm.so.6	aaa_glibc-solibs
quazip	libm.so.6	glibc
quazip	libstdc++.so.6	aaa_libraries
quazip	libstdc++.so.6	gcc-g++
quazip	libz.so.1	aaa_libraries
quazip	libz.so.1	zlib
quota	libc.so.6	aaa_glibc-solibs
quota	libc.so.6	glibc
quota	libcom_err.so.2	e2fsprogs
quota	libdbus-1.so.3	dbus
quota	libext2fs.so.2	e2fsprogs
quota	liblber.so.2	aaa_libraries
quota	liblber.so.2	openldap
quota	libldap.so.2	aaa_libraries
quota	libldap.so.2	openldap
quota	libnl-3.so.200	libnl3
quota	libnl-genl-3.so.200	libnl3
quota	libnsl.so.3	aaa_libraries
quota	libnsl.so.3	libnsl
quota	libtirpc.so.3	aaa_libraries
quota	libtirpc.so.3	libtirpc
radeontool	libc.so.6	aaa_glibc-solibs
radeontool	libc.so.6	glibc
radeontool	libpciaccess.so.0	libpciaccess
rcs	libc.so.6	aaa_glibc-solibs
rcs	libc.so.6	glibc
rdesktop	libX11.so.6	libX11
rdesktop	libXcursor.so.1	libXcursor
rdesktop	libXrandr.so.2	libXrandr
rdesktop	libasound.so.2	aaa_libraries
rdesktop	libasound.so.2	alsa-lib
rdesktop	libc.so.6	aaa_glibc-solibs
rdesktop	libc.so.6	glibc
rdesktop	libgmp.so.10	aaa_libraries
rdesktop	libgmp.so.10	gmp
rdesktop	libgnutls.so.30	gnutls
rdesktop	libhogweed.so.6	nettle
rdesktop	libnettle.so.8	nettle
rdesktop	libsamplerate.so.0	libsamplerate
rdesktop	libtasn1.so.6	libtasn1
rdfind	libc.so.6	aaa_glibc-solibs
rdfind	libc.so.6	glibc
rdfind	libgcc_s.so.1	aaa_libraries
rdfind	libgcc_s.so.1	gcc
rdfind	libm.so.6	aaa_glibc-solibs
rdfind	libm.so.6	glibc
rdfind	libnettle.so.8	nettle
rdfind	libstdc++.so.6	aaa_libraries
rdfind	libstdc++.so.6	gcc-g++
rdfind	libxxhash.so.0	xxHash
rdist	libc.so.6	aaa_glibc-solibs
rdist	libc.so.6	glibc
re2c	libc.so.6	aaa_glibc-solibs
re2c	libc.so.6	glibc
re2c	libgcc_s.so.1	aaa_libraries
re2c	libgcc_s.so.1	gcc
re2c	libm.so.6	aaa_glibc-solibs
re2c	libm.so.6	glibc
re2c	libstdc++.so.6	aaa_libraries
re2c	libstdc++.so.6	gcc-g++
readline	libc.so.6	aaa_glibc-solibs
readline	libc.so.6	glibc
readline	libhistory.so.8	aaa_libraries
readline	libncursesw.so.6	aaa_libraries
readline	libncursesw.so.6	ncurses
readline	libreadline.so.8	aaa_libraries
readline	libtinfo.so.6	aaa_libraries
readline	libtinfo.so.6	ncurses
readstat	libc.so.6	aaa_glibc-solibs
readstat	libc.so.6	glibc
readstat	libm.so.6	aaa_glibc-solibs
readstat	libm.so.6	glibc
readstat	libz.so.1	aaa_libraries
readstat	libz.so.1	zlib
rendercheck	libX11.so.6	libX11
rendercheck	libXext.so.6	libXext
rendercheck	libXrender.so.1	libXrender
rendercheck	libc.so.6	aaa_glibc-solibs
rendercheck	libc.so.6	glibc
rgb	libc.so.6	aaa_glibc-solibs
rgb	libc.so.6	glibc
ristretto	libX11.so.6	libX11
ristretto	libc.so.6	aaa_glibc-solibs
ristretto	libc.so.6	glibc
ristretto	libcairo.so.2	cairo
ristretto	libexif.so.12	libexif
ristretto	libexo-2.so.0	exo
ristretto	libgdk-3.so.0	gtk+3
ristretto	libgdk_pixbuf-2.0.so.0	gdk-pixbuf2
ristretto	libgio-2.0.so.0	glib2
ristretto	libglib-2.0.so.0	aaa_libraries
ristretto	libglib-2.0.so.0	glib2
ristretto	libgobject-2.0.so.0	aaa_libraries
ristretto	libgobject-2.0.so.0	glib2
ristretto	libgtk-3.so.0	gtk+3
ristretto	libm.so.6	aaa_glibc-solibs
ristretto	libm.so.6	glibc
ristretto	libmagic.so.1	file
ristretto	libpango-1.0.so.0	pango
ristretto	libpangocairo-1.0.so.0	pango
ristretto	libxfce4ui-2.so.0	libxfce4ui
ristretto	libxfce4util.so.7	libxfce4util
ristretto	libxfconf-0.so.3	xfconf
rnnoise	libc.so.6	aaa_glibc-solibs
rnnoise	libc.so.6	glibc
rnnoise	libm.so.6	aaa_glibc-solibs
rnnoise	libm.so.6	glibc
rocs	libGLX.so.0	libglvnd
rocs	libKF6Archive.so.6	karchive
rocs	libKF6ColorScheme.so.6	kcolorscheme
rocs	libKF6Completion.so.6	kcompletion
rocs	libKF6ConfigCore.so.6	kconfig
rocs	libKF6ConfigGui.so.6	kconfig
rocs	libKF6ConfigWidgets.so.6	kconfigwidgets
rocs	libKF6CoreAddons.so.6	kcoreaddons
rocs	libKF6Crash.so.6	kcrash
rocs	libKF6GuiAddons.so.6	kguiaddons
rocs	libKF6I18n.so.6	ki18n
rocs	libKF6ItemViews.so.6	kitemviews
rocs	libKF6KIOCore.so.6	kio
rocs	libKF6Parts.so.6	kparts
rocs	libKF6SonnetUi.so.6	sonnet
rocs	libKF6SyntaxHighlighting.so.6	syntax-highlighting
rocs	libKF6TextEditor.so.6	ktexteditor
rocs	libKF6TextTemplate.so.6	ktexttemplate
rocs	libKF6TextWidgets.so.6	ktextwidgets
rocs	libKF6WidgetsAddons.so.6	kwidgetsaddons
rocs	libKF6XmlGui.so.6	kxmlgui
rocs	libOpenGL.so.0	libglvnd
rocs	libQt6Core.so.6	qt6
rocs	libQt6DBus.so.6	qt6
rocs	libQt6Gui.so.6	qt6
rocs	libQt6Network.so.6	qt6
rocs	libQt6OpenGL.so.6	qt6
rocs	libQt6Qml.so.6	qt6
rocs	libQt6Quick.so.6	qt6
rocs	libQt6QuickWidgets.so.6	qt6
rocs	libQt6Widgets.so.6	qt6
rocs	libQt6Xml.so.6	qt6
rocs	libc.so.6	aaa_glibc-solibs
rocs	libc.so.6	glibc
rocs	libgcc_s.so.1	aaa_libraries
rocs	libgcc_s.so.1	gcc
rocs	libm.so.6	aaa_glibc-solibs
rocs	libm.so.6	glibc
rocs	libstdc++.so.6	aaa_libraries
rocs	libstdc++.so.6	gcc-g++
rp-pppoe	libc.so.6	aaa_glibc-solibs
rp-pppoe	libc.so.6	glibc
rpcbind	libc.so.6	aaa_glibc-solibs
rpcbind	libc.so.6	glibc
rpcbind	libnsl.so.3	aaa_libraries
rpcbind	libnsl.so.3	libnsl
rpcbind	libtirpc.so.3	aaa_libraries
rpcbind	libtirpc.so.3	libtirpc
rpcsvc-proto	libc.so.6	aaa_glibc-solibs
rpcsvc-proto	libc.so.6	glibc
rpm	ld-linux-x86-64.so.2	aaa_glibc-solibs
rpm	ld-linux-x86-64.so.2	glibc
rpm	libacl.so.1	aaa_libraries
rpm	libacl.so.1	acl
rpm	libarchive.so.13	libarchive
rpm	libbz2.so.1	aaa_libraries
rpm	libbz2.so.1	bzip2
rpm	libc.so.6	aaa_glibc-solibs
rpm	libc.so.6	glibc
rpm	libcap.so.2	aaa_libraries
rpm	libcap.so.2	libcap
rpm	libdbus-1.so.3	dbus
rpm	libdw.so.1	elfutils
rpm	libelf.so.1	aaa_libraries
rpm	libelf.so.1	elfutils
rpm	libgcc_s.so.1	aaa_libraries
rpm	libgcc_s.so.1	gcc
rpm	libgcrypt.so.20	libgcrypt
rpm	libgomp.so.1	aaa_libraries
rpm	libgomp.so.1	gcc
rpm	liblua.so.5	lua
rpm	liblzma.so.5	aaa_libraries
rpm	liblzma.so.5	xz
rpm	libm.so.6	aaa_glibc-solibs
rpm	libm.so.6	glibc
rpm	libmagic.so.1	file
rpm	libpopt.so.0	aaa_libraries
rpm	libpopt.so.0	popt
rpm	libreadline.so.8	aaa_libraries
rpm	libreadline.so.8	readline
rpm	libsqlite3.so.0	sqlite
rpm	libstdc++.so.6	aaa_libraries
rpm	libstdc++.so.6	gcc-g++
rpm	libz.so.1	aaa_libraries
rpm	libz.so.1	zlib
rpm	libzstd.so.1	aaa_libraries
rpm	libzstd.so.1	zstd
rpm2tgz	libc.so.6	aaa_glibc-solibs
rpm2tgz	libc.so.6	glibc
rsync	libacl.so.1	aaa_libraries
rsync	libacl.so.1	acl
rsync	libc.so.6	aaa_glibc-solibs
rsync	libc.so.6	glibc
rsync	libcrypto.so.3	openssl
rsync	libcrypto.so.3	openssl-solibs
rsync	libidn2.so.0	aaa_libraries
rsync	libidn2.so.0	libidn2
rsync	liblz4.so.1	lz4
rsync	libpopt.so.0	aaa_libraries
rsync	libpopt.so.0	popt
rsync	libxxhash.so.0	xxHash
rsync	libzstd.so.1	aaa_libraries
rsync	libzstd.so.1	zstd
rttr	libc.so.6	aaa_glibc-solibs
rttr	libc.so.6	glibc
rttr	libgcc_s.so.1	aaa_libraries
rttr	libgcc_s.so.1	gcc
rttr	libm.so.6	aaa_glibc-solibs
rttr	libm.so.6	glibc
rttr	libstdc++.so.6	aaa_libraries
rttr	libstdc++.so.6	gcc-g++
ruby	ld-linux-x86-64.so.2	aaa_glibc-solibs
ruby	ld-linux-x86-64.so.2	glibc
ruby	libc.so.6	aaa_glibc-solibs
ruby	libc.so.6	glibc
ruby	libcrypt.so.2	aaa_glibc-solibs
ruby	libcrypt.so.2	glibc
ruby	libcrypto.so.3	openssl
ruby	libcrypto.so.3	openssl-solibs
ruby	libffi.so.8	aaa_libraries
ruby	libffi.so.8	libffi
ruby	libgcc_s.so.1	aaa_libraries
ruby	libgcc_s.so.1	gcc
ruby	libgmp.so.10	aaa_libraries
ruby	libgmp.so.10	gmp
ruby	libm.so.6	aaa_glibc-solibs
ruby	libm.so.6	glibc
ruby	libssl.so.3	openssl
ruby	libssl.so.3	openssl-solibs
ruby	libyaml-0.so.2	libyaml
ruby	libz.so.1	aaa_libraries
ruby	libz.so.1	zlib
rust	ld-linux-x86-64.so.2	aaa_glibc-solibs
rust	ld-linux-x86-64.so.2	glibc
rust	libc.so.6	aaa_glibc-solibs
rust	libc.so.6	glibc
rust	libcrypto.so.3	openssl
rust	libcrypto.so.3	openssl-solibs
rust	libcurl.so.4	aaa_libraries
rust	libcurl.so.4	curl
rust	libgcc_s.so.1	aaa_libraries
rust	libgcc_s.so.1	gcc
rust	libm.so.6	aaa_glibc-solibs
rust	libm.so.6	glibc
rust	libssl.so.3	openssl
rust	libssl.so.3	openssl-solibs
rust	libstdc++.so.6	aaa_libraries
rust	libstdc++.so.6	gcc-g++
rust	libz.so.1	aaa_libraries
rust	libz.so.1	zlib
rust-bindgen	ld-linux-x86-64.so.2	aaa_glibc-solibs
rust-bindgen	ld-linux-x86-64.so.2	glibc
rust-bindgen	libc.so.6	aaa_glibc-solibs
rust-bindgen	libc.so.6	glibc
rust-bindgen	libgcc_s.so.1	aaa_libraries
rust-bindgen	libgcc_s.so.1	gcc
rust-bindgen	libm.so.6	aaa_glibc-solibs
rust-bindgen	libm.so.6	glibc
rxvt-unicode	ld-linux-x86-64.so.2	aaa_glibc-solibs
rxvt-unicode	ld-linux-x86-64.so.2	glibc
rxvt-unicode	libX11.so.6	libX11
rxvt-unicode	libXext.so.6	libXext
rxvt-unicode	libXft.so.2	libXft
rxvt-unicode	libXmu.so.6	libXmu
rxvt-unicode	libXrender.so.1	libXrender
rxvt-unicode	libXt.so.6	libXt
rxvt-unicode	libc.so.6	aaa_glibc-solibs
rxvt-unicode	libc.so.6	glibc
rxvt-unicode	libcrypt.so.2	aaa_glibc-solibs
rxvt-unicode	libcrypt.so.2	glibc
rxvt-unicode	libfontconfig.so.1	fontconfig
rxvt-unicode	libgcc_s.so.1	aaa_libraries
rxvt-unicode	libgcc_s.so.1	gcc
rxvt-unicode	libgdk_pixbuf-2.0.so.0	gdk-pixbuf2
rxvt-unicode	libglib-2.0.so.0	aaa_libraries
rxvt-unicode	libglib-2.0.so.0	glib2
rxvt-unicode	libgobject-2.0.so.0	aaa_libraries
rxvt-unicode	libgobject-2.0.so.0	glib2
rxvt-unicode	libm.so.6	aaa_glibc-solibs
rxvt-unicode	libm.so.6	glibc
rxvt-unicode	libptytty.so.0	libptytty
rxvt-unicode	libstartup-notification-1.so.0	startup-notification
rzip	libbz2.so.1	aaa_libraries
rzip	libbz2.so.1	bzip2
rzip	libc.so.6	aaa_glibc-solibs
rzip	libc.so.6	glibc
s-nail	libc.so.6	aaa_glibc-solibs
s-nail	libc.so.6	glibc
s-nail	libcom_err.so.2	e2fsprogs
s-nail	libcrypto.so.3	openssl
s-nail	libcrypto.so.3	openssl-solibs
s-nail	libgssapi_krb5.so.2	aaa_libraries
s-nail	libgssapi_krb5.so.2	krb5
s-nail	libidn2.so.0	aaa_libraries
s-nail	libidn2.so.0	libidn2
s-nail	libk5crypto.so.3	aaa_libraries
s-nail	libk5crypto.so.3	krb5
s-nail	libkrb5.so.3	aaa_libraries
s-nail	libkrb5.so.3	krb5
s-nail	libssl.so.3	openssl
s-nail	libssl.so.3	openssl-solibs
s-nail	libtinfo.so.6	aaa_libraries
s-nail	libtinfo.so.6	ncurses
samba	ld-linux-x86-64.so.2	aaa_glibc-solibs
samba	ld-linux-x86-64.so.2	glibc
samba	libacl.so.1	aaa_libraries
samba	libacl.so.1	acl
samba	libarchive.so.13	libarchive
samba	libavahi-client.so.3	avahi
samba	libavahi-common.so.3	avahi
samba	libc.so.6	aaa_glibc-solibs
samba	libc.so.6	glibc
samba	libcap.so.2	aaa_libraries
samba	libcap.so.2	libcap
samba	libcrypt.so.2	aaa_glibc-solibs
samba	libcrypt.so.2	glibc
samba	libcups.so.2	aaa_libraries
samba	libcups.so.2	cups
samba	libdbus-1.so.3	dbus
samba	libdm.so.0	aaa_libraries
samba	libdm.so.0	dmapi
samba	libformw.so.6	aaa_libraries
samba	libformw.so.6	ncurses
samba	libgnutls.so.30	gnutls
samba	libgpgme.so.45	gpgme
samba	libicui18n.so.78	icu4c
samba	libicuuc.so.78	icu4c
samba	libjansson.so.4	jansson
samba	liblber.so.2	aaa_libraries
samba	liblber.so.2	openldap
samba	libldap.so.2	aaa_libraries
samba	libldap.so.2	openldap
samba	liblmdb.so.1	lmdb
samba	libncursesw.so.6	aaa_libraries
samba	libncursesw.so.6	ncurses
samba	libpam.so.0	pam
samba	libpanelw.so.6	aaa_libraries
samba	libpanelw.so.6	ncurses
samba	libpopt.so.0	aaa_libraries
samba	libpopt.so.0	popt
samba	libpytalloc-util.cpython-312-x86-64-linux-gnu.so.2	talloc
samba	libpython3.12.so.1.0	python3
samba	libreadline.so.8	aaa_libraries
samba	libreadline.so.8	readline
samba	libtalloc.so.2	talloc
samba	libtasn1.so.6	libtasn1
samba	libtdb.so.1	aaa_libraries
samba	libtdb.so.1	tdb
samba	libtevent.so.0	tevent
samba	libtinfo.so.6	aaa_libraries
samba	libtinfo.so.6	ncurses
samba	libtirpc.so.3	aaa_libraries
samba	libtirpc.so.3	libtirpc
samba	liburing.so.2	liburing
samba	libz.so.1	aaa_libraries
samba	libz.so.1	zlib
sane	libatk-1.0.so.0	at-spi2-core
sane	libavahi-client.so.3	avahi
sane	libavahi-common.so.3	avahi
sane	libc.so.6	aaa_glibc-solibs
sane	libc.so.6	glibc
sane	libcairo.so.2	cairo
sane	libcurl.so.4	aaa_libraries
sane	libcurl.so.4	curl
sane	libfontconfig.so.1	fontconfig
sane	libfreetype.so.6	freetype
sane	libgcc_s.so.1	aaa_libraries
sane	libgcc_s.so.1	gcc
sane	libgdk-x11-2.0.so.0	gtk+2
sane	libgdk_pixbuf-2.0.so.0	gdk-pixbuf2
sane	libgio-2.0.so.0	glib2
sane	libglib-2.0.so.0	aaa_libraries
sane	libglib-2.0.so.0	glib2
sane	libgobject-2.0.so.0	aaa_libraries
sane	libgobject-2.0.so.0	glib2
sane	libgphoto2.so.6	libgphoto2
sane	libgphoto2_port.so.12	libgphoto2
sane	libgtk-x11-2.0.so.0	gtk+2
sane	libharfbuzz.so.0	harfbuzz
sane	libieee1284.so.3	libieee1284
sane	libjpeg.so.62	aaa_libraries
sane	libjpeg.so.62	libjpeg-turbo
sane	libm.so.6	aaa_glibc-solibs
sane	libm.so.6	glibc
sane	libnetsnmp.so.45	net-snmp
sane	libpango-1.0.so.0	pango
sane	libpangocairo-1.0.so.0	pango
sane	libpangoft2-1.0.so.0	pango
sane	libpng16.so.16	aaa_libraries
sane	libpng16.so.16	libpng
sane	libpoppler-glib.so.8	poppler
sane	libstdc++.so.6	aaa_libraries
sane	libstdc++.so.6	gcc-g++
sane	libsyslog.so.0	sysklogd
sane	libtiff.so.6	aaa_libraries
sane	libtiff.so.6	libtiff
sane	libusb-1.0.so.0	aaa_libraries
sane	libusb-1.0.so.0	libusb
sane	libv4l1.so.0	v4l-utils
sane	libxml2.so.16	libxml2
sassc	libc.so.6	aaa_glibc-solibs
sassc	libc.so.6	glibc
sassc	libgcc_s.so.1	aaa_libraries
sassc	libgcc_s.so.1	gcc
sassc	libm.so.6	aaa_glibc-solibs
sassc	libm.so.6	glibc
sassc	libsass.so.1	libsass
sassc	libstdc++.so.6	aaa_libraries
sassc	libstdc++.so.6	gcc-g++
sbc	libc.so.6	aaa_glibc-solibs
sbc	libc.so.6	glibc
sc	libc.so.6	aaa_glibc-solibs
sc	libc.so.6	glibc
sc	libm.so.6	aaa_glibc-solibs
sc	libm.so.6	glibc
sc	libncursesw.so.6	aaa_libraries
sc	libncursesw.so.6	ncurses
sc	libtinfo.so.6	aaa_libraries
sc	libtinfo.so.6	ncurses
sc-im	libc.so.6	aaa_glibc-solibs
sc-im	libc.so.6	glibc
sc-im	libluajit-5.1.so.2	luajit
sc-im	libm.so.6	aaa_glibc-solibs
sc-im	libm.so.6	glibc
sc-im	libncursesw.so.6	aaa_libraries
sc-im	libncursesw.so.6	ncurses
sc-im	libtinfo.so.6	aaa_libraries
sc-im	libtinfo.so.6	ncurses
sc-im	libxml2.so.16	libxml2
sc-im	libzip.so.5	libzip
scdoc	libc.so.6	aaa_glibc-solibs
scdoc	libc.so.6	glibc
screen	libc.so.6	aaa_glibc-solibs
screen	libc.so.6	glibc
screen	libcrypt.so.2	aaa_glibc-solibs
screen	libcrypt.so.2	glibc
screen	libncursesw.so.6	aaa_libraries
screen	libncursesw.so.6	ncurses
screen	libpam.so.0	pam
screen	libtinfo.so.6	aaa_libraries
screen	libtinfo.so.6	ncurses
screen	libutempter.so.0	utempter
sddm	ld-linux-x86-64.so.2	aaa_glibc-solibs
sddm	ld-linux-x86-64.so.2	glibc
sddm	libGLX.so.0	libglvnd
sddm	libOpenGL.so.0	libglvnd
sddm	libQt6Core.so.6	qt6
sddm	libQt6DBus.so.6	qt6
sddm	libQt6Gui.so.6	qt6
sddm	libQt6Network.so.6	qt6
sddm	libQt6OpenGL.so.6	qt6
sddm	libQt6Qml.so.6	qt6
sddm	libQt6Quick.so.6	qt6
sddm	libXau.so.6	libXau
sddm	libc.so.6	aaa_glibc-solibs
sddm	libc.so.6	glibc
sddm	libgcc_s.so.1	aaa_libraries
sddm	libgcc_s.so.1	gcc
sddm	libm.so.6	aaa_glibc-solibs
sddm	libm.so.6	glibc
sddm	libpam.so.0	pam
sddm	libstdc++.so.6	aaa_libraries
sddm	libstdc++.so.6	gcc-g++
sddm	libxcb-xkb.so.1	libxcb
sddm	libxcb.so.1	libxcb
sddm-kcm	libGLX.so.0	libglvnd
sddm-kcm	libKF6Archive.so.6	karchive
sddm-kcm	libKF6AuthCore.so.6	kauth
sddm-kcm	libKF6ColorScheme.so.6	kcolorscheme
sddm-kcm	libKF6ConfigCore.so.6	kconfig
sddm-kcm	libKF6ConfigGui.so.6	kconfig
sddm-kcm	libKF6ConfigWidgets.so.6	kconfigwidgets
sddm-kcm	libKF6CoreAddons.so.6	kcoreaddons
sddm-kcm	libKF6I18n.so.6	ki18n
sddm-kcm	libKF6KCMUtils.so.6	kcmutils
sddm-kcm	libKF6KCMUtilsCore.so.6	kcmutils
sddm-kcm	libKF6KCMUtilsQuick.so.6	kcmutils
sddm-kcm	libKF6KIOCore.so.6	kio
sddm-kcm	libKF6KIOGui.so.6	kio
sddm-kcm	libKF6Service.so.6	kservice
sddm-kcm	libKF6WidgetsAddons.so.6	kwidgetsaddons
sddm-kcm	libOpenGL.so.0	libglvnd
sddm-kcm	libQt6Core.so.6	qt6
sddm-kcm	libQt6DBus.so.6	qt6
sddm-kcm	libQt6Gui.so.6	qt6
sddm-kcm	libQt6Network.so.6	qt6
sddm-kcm	libQt6Qml.so.6	qt6
sddm-kcm	libQt6Widgets.so.6	qt6
sddm-kcm	libc.so.6	aaa_glibc-solibs
sddm-kcm	libc.so.6	glibc
sddm-kcm	libgcc_s.so.1	aaa_libraries
sddm-kcm	libgcc_s.so.1	gcc
sddm-kcm	libm.so.6	aaa_glibc-solibs
sddm-kcm	libm.so.6	glibc
sddm-kcm	libstdc++.so.6	aaa_libraries
sddm-kcm	libstdc++.so.6	gcc-g++
sdl	libFLAC.so.14	flac
sdl	libX11.so.6	libX11
sdl	libXext.so.6	libXext
sdl	libXrandr.so.2	libXrandr
sdl	libXrender.so.1	libXrender
sdl	libc.so.6	aaa_glibc-solibs
sdl	libc.so.6	glibc
sdl	libfreetype.so.6	freetype
sdl	libjpeg.so.62	aaa_libraries
sdl	libjpeg.so.62	libjpeg-turbo
sdl	libm.so.6	aaa_glibc-solibs
sdl	libm.so.6	glibc
sdl	libogg.so.0	libogg
sdl	libpng16.so.16	aaa_libraries
sdl	libpng16.so.16	libpng
sdl	libspeex.so.1	speex
sdl	libtiff.so.6	aaa_libraries
sdl	libtiff.so.6	libtiff
sdl	libvga.so.1	aaa_libraries
sdl	libvga.so.1	svgalib
sdl	libvorbis.so.0	libvorbis
sdl	libvorbisfile.so.3	libvorbis
sdl	libz.so.1	aaa_libraries
sdl	libz.so.1	zlib
sdparm	libc.so.6	aaa_glibc-solibs
sdparm	libc.so.6	glibc
sdparm	libsgutils2-1.49.so.2	sg3_utils
seamonkey	ld-linux-x86-64.so.2	aaa_glibc-solibs
seamonkey	ld-linux-x86-64.so.2	glibc
seamonkey	libX11-xcb.so.1	libX11
seamonkey	libX11.so.6	libX11
seamonkey	libXcomposite.so.1	libXcomposite
seamonkey	libXdamage.so.1	libXdamage
seamonkey	libXext.so.6	libXext
seamonkey	libXfixes.so.3	libXfixes
seamonkey	libXrender.so.1	libXrender
seamonkey	libasound.so.2	aaa_libraries
seamonkey	libasound.so.2	alsa-lib
seamonkey	libatk-1.0.so.0	at-spi2-core
seamonkey	libc.so.6	aaa_glibc-solibs
seamonkey	libc.so.6	glibc
seamonkey	libcairo-gobject.so.2	cairo
seamonkey	libcairo.so.2	cairo
seamonkey	libdbus-1.so.3	dbus
seamonkey	libdbus-glib-1.so.2	dbus-glib
seamonkey	libfontconfig.so.1	fontconfig
seamonkey	libfreetype.so.6	freetype
seamonkey	libgcc_s.so.1	aaa_libraries
seamonkey	libgcc_s.so.1	gcc
seamonkey	libgdk-3.so.0	gtk+3
seamonkey	libgdk_pixbuf-2.0.so.0	gdk-pixbuf2
seamonkey	libgio-2.0.so.0	glib2
seamonkey	libglib-2.0.so.0	aaa_libraries
seamonkey	libglib-2.0.so.0	glib2
seamonkey	libgobject-2.0.so.0	aaa_libraries
seamonkey	libgobject-2.0.so.0	glib2
seamonkey	libgtk-3.so.0	gtk+3
seamonkey	liblgpllibs.so	mozilla-firefox
seamonkey	liblgpllibs.so	mozilla-thunderbird
seamonkey	libm.so.6	aaa_glibc-solibs
seamonkey	libm.so.6	glibc
seamonkey	libmozavutil.so	mozilla-firefox
seamonkey	libmozavutil.so	mozilla-thunderbird
seamonkey	libmozgtk.so	mozilla-firefox
seamonkey	libmozgtk.so	mozilla-thunderbird
seamonkey	libmozsandbox.so	mozilla-firefox
seamonkey	libmozsandbox.so	mozilla-thunderbird
seamonkey	libmozsqlite3.so	mozilla-firefox
seamonkey	libmozsqlite3.so	mozilla-thunderbird
seamonkey	libnspr4.so	mozilla-nss
seamonkey	libnss3.so	mozilla-nss
seamonkey	libnssutil3.so	mozilla-nss
seamonkey	libpango-1.0.so.0	pango
seamonkey	libplc4.so	mozilla-nss
seamonkey	libplds4.so	mozilla-nss
seamonkey	libsmime3.so	mozilla-nss
seamonkey	libssl3.so	mozilla-nss
seamonkey	libstdc++.so.6	aaa_libraries
seamonkey	libstdc++.so.6	gcc-g++
seamonkey	libxcb-shm.so.0	libxcb
seamonkey	libxcb.so.1	libxcb
seamonkey	libxul.so	mozilla-firefox
seamonkey	libxul.so	mozilla-thunderbird
seamonkey	libz.so.1	aaa_libraries
seamonkey	libz.so.1	zlib
seatd	libc.so.6	aaa_glibc-solibs
seatd	libc.so.6	glibc
seatd	libelogind.so.0	elogind
sed	libacl.so.1	aaa_libraries
sed	libacl.so.1	acl
sed	libattr.so.1	aaa_libraries
sed	libattr.so.1	attr
sed	libc.so.6	aaa_glibc-solibs
sed	libc.so.6	glibc
seejpeg	libc.so.6	aaa_glibc-solibs
seejpeg	libc.so.6	glibc
seejpeg	libm.so.6	aaa_glibc-solibs
seejpeg	libm.so.6	glibc
seejpeg	libvga.so.1	aaa_libraries
seejpeg	libvga.so.1	svgalib
serf	libapr-1.so.0	apr
serf	libaprutil-1.so.0	apr-util
serf	libc.so.6	aaa_glibc-solibs
serf	libc.so.6	glibc
serf	libcrypt.so.2	aaa_glibc-solibs
serf	libcrypt.so.2	glibc
serf	libcrypto.so.3	openssl
serf	libcrypto.so.3	openssl-solibs
serf	libdb-4.8.so	aaa_libraries
serf	libdb-4.8.so	db48
serf	libexpat.so.1	aaa_libraries
serf	libexpat.so.1	expat
serf	liblber.so.2	aaa_libraries
serf	liblber.so.2	openldap
serf	libldap.so.2	aaa_libraries
serf	libldap.so.2	openldap
serf	libmariadb.so.3	mariadb
serf	libsqlite3.so.0	sqlite
serf	libssl.so.3	openssl
serf	libssl.so.3	openssl-solibs
serf	libuuid.so.1	util-linux
serf	libz.so.1	aaa_libraries
serf	libz.so.1	zlib
sessreg	libc.so.6	aaa_glibc-solibs
sessreg	libc.so.6	glibc
setxkbmap	libX11.so.6	libX11
setxkbmap	libXrandr.so.2	libXrandr
setxkbmap	libc.so.6	aaa_glibc-solibs
setxkbmap	libc.so.6	glibc
setxkbmap	libxkbfile.so.1	libxkbfile
seyon	libICE.so.6	libICE
seyon	libSM.so.6	libSM
seyon	libX11.so.6	libX11
seyon	libXaw.so.7	libXaw
seyon	libXext.so.6	libXext
seyon	libXmu.so.6	libXmu
seyon	libXpm.so.4	libXpm
seyon	libXt.so.6	libXt
seyon	libc.so.6	aaa_glibc-solibs
seyon	libc.so.6	glibc
sg3_utils	libc.so.6	aaa_glibc-solibs
sg3_utils	libc.so.6	glibc
shadow	libacl.so.1	aaa_libraries
shadow	libacl.so.1	acl
shadow	libattr.so.1	aaa_libraries
shadow	libattr.so.1	attr
shadow	libc.so.6	aaa_glibc-solibs
shadow	libc.so.6	glibc
shadow	libcrypt.so.2	aaa_glibc-solibs
shadow	libcrypt.so.2	glibc
shadow	libpam.so.0	pam
shadow	libpam_misc.so.0	pam
shared-mime-info	libc.so.6	aaa_glibc-solibs
shared-mime-info	libc.so.6	glibc
shared-mime-info	libgcc_s.so.1	aaa_libraries
shared-mime-info	libgcc_s.so.1	gcc
shared-mime-info	libglib-2.0.so.0	aaa_libraries
shared-mime-info	libglib-2.0.so.0	glib2
shared-mime-info	libstdc++.so.6	aaa_libraries
shared-mime-info	libstdc++.so.6	gcc-g++
shared-mime-info	libxml2.so.16	libxml2
sharutils	libc.so.6	aaa_glibc-solibs
sharutils	libc.so.6	glibc
showfont	libFS.so.6	libFS
showfont	libc.so.6	aaa_glibc-solibs
showfont	libc.so.6	glibc
simdutf	ld-linux-x86-64.so.2	aaa_glibc-solibs
simdutf	ld-linux-x86-64.so.2	glibc
simdutf	libc.so.6	aaa_glibc-solibs
simdutf	libc.so.6	glibc
simdutf	libgcc_s.so.1	aaa_libraries
simdutf	libgcc_s.so.1	gcc
simdutf	libm.so.6	aaa_glibc-solibs
simdutf	libm.so.6	glibc
simdutf	libstdc++.so.6	aaa_libraries
simdutf	libstdc++.so.6	gcc-g++
skanlite	libGLX.so.0	libglvnd
skanlite	libKF6ColorScheme.so.6	kcolorscheme
skanlite	libKF6Completion.so.6	kcompletion
skanlite	libKF6ConfigCore.so.6	kconfig
skanlite	libKF6ConfigGui.so.6	kconfig
skanlite	libKF6ConfigWidgets.so.6	kconfigwidgets
skanlite	libKF6CoreAddons.so.6	kcoreaddons
skanlite	libKF6Crash.so.6	kcrash
skanlite	libKF6GuiAddons.so.6	kguiaddons
skanlite	libKF6I18n.so.6	ki18n
skanlite	libKF6JobWidgets.so.6	kjobwidgets
skanlite	libKF6KIOCore.so.6	kio
skanlite	libKF6KIOGui.so.6	kio
skanlite	libKF6KIOWidgets.so.6	kio
skanlite	libKF6Service.so.6	kservice
skanlite	libKF6WidgetsAddons.so.6	kwidgetsaddons
skanlite	libKF6XmlGui.so.6	kxmlgui
skanlite	libKSaneWidgets6.so.6	libksane
skanlite	libOpenGL.so.0	libglvnd
skanlite	libQt6Core.so.6	qt6
skanlite	libQt6DBus.so.6	qt6
skanlite	libQt6Gui.so.6	qt6
skanlite	libQt6Network.so.6	qt6
skanlite	libQt6Widgets.so.6	qt6
skanlite	libQt6Xml.so.6	qt6
skanlite	libc.so.6	aaa_glibc-solibs
skanlite	libc.so.6	glibc
skanlite	libgcc_s.so.1	aaa_libraries
skanlite	libgcc_s.so.1	gcc
skanlite	libm.so.6	aaa_glibc-solibs
skanlite	libm.so.6	glibc
skanlite	libstdc++.so.6	aaa_libraries
skanlite	libstdc++.so.6	gcc-g++
skanpage	libGLX.so.0	libglvnd
skanpage	libKF6ColorScheme.so.6	kcolorscheme
skanpage	libKF6Completion.so.6	kcompletion
skanpage	libKF6ConfigCore.so.6	kconfig
skanpage	libKF6ConfigGui.so.6	kconfig
skanpage	libKF6ConfigWidgets.so.6	kconfigwidgets
skanpage	libKF6CoreAddons.so.6	kcoreaddons
skanpage	libKF6Crash.so.6	kcrash
skanpage	libKF6GuiAddons.so.6	kguiaddons
skanpage	libKF6I18n.so.6	ki18n
skanpage	libKF6I18nQml.so.6	ki18n
skanpage	libKF6JobWidgets.so.6	kjobwidgets
skanpage	libKF6KIOCore.so.6	kio
skanpage	libKF6KIOGui.so.6	kio
skanpage	libKF6KIOWidgets.so.6	kio
skanpage	libKF6Purpose.so.6	purpose
skanpage	libKF6Service.so.6	kservice
skanpage	libKF6WidgetsAddons.so.6	kwidgetsaddons
skanpage	libKF6XmlGui.so.6	kxmlgui
skanpage	libKSaneCore6.so.1	ksanecore
skanpage	libKirigami.so.6	kirigami
skanpage	libKirigamiPlatform.so.6	kirigami
skanpage	libOpenGL.so.0	libglvnd
skanpage	libQt6Concurrent.so.6	qt6
skanpage	libQt6Core.so.6	qt6
skanpage	libQt6DBus.so.6	qt6
skanpage	libQt6Gui.so.6	qt6
skanpage	libQt6Network.so.6	qt6
skanpage	libQt6OpenGL.so.6	qt6
skanpage	libQt6Pdf.so.6	qt6
skanpage	libQt6PrintSupport.so.6	qt6
skanpage	libQt6Qml.so.6	qt6
skanpage	libQt6Quick.so.6	qt6
skanpage	libQt6QuickControls2.so.6	qt6
skanpage	libQt6Widgets.so.6	qt6
skanpage	libQt6Xml.so.6	qt6
skanpage	libc.so.6	aaa_glibc-solibs
skanpage	libc.so.6	glibc
skanpage	libgcc_s.so.1	aaa_libraries
skanpage	libgcc_s.so.1	gcc
skanpage	libleptonica.so.6	leptonica
skanpage	libm.so.6	aaa_glibc-solibs
skanpage	libm.so.6	glibc
skanpage	libstdc++.so.6	aaa_libraries
skanpage	libstdc++.so.6	gcc-g++
skanpage	libtesseract.so.5	tesseract
skladnik	libGLX.so.0	libglvnd
skladnik	libKDEGames6.so.6	libkdegames
skladnik	libKF6ColorScheme.so.6	kcolorscheme
skladnik	libKF6ConfigCore.so.6	kconfig
skladnik	libKF6ConfigGui.so.6	kconfig
skladnik	libKF6ConfigWidgets.so.6	kconfigwidgets
skladnik	libKF6CoreAddons.so.6	kcoreaddons
skladnik	libKF6Crash.so.6	kcrash
skladnik	libKF6DBusAddons.so.6	kdbusaddons
skladnik	libKF6GuiAddons.so.6	kguiaddons
skladnik	libKF6I18n.so.6	ki18n
skladnik	libKF6KIOCore.so.6	kio
skladnik	libKF6WidgetsAddons.so.6	kwidgetsaddons
skladnik	libKF6XmlGui.so.6	kxmlgui
skladnik	libOpenGL.so.0	libglvnd
skladnik	libQt6Core.so.6	qt6
skladnik	libQt6DBus.so.6	qt6
skladnik	libQt6Gui.so.6	qt6
skladnik	libQt6Network.so.6	qt6
skladnik	libQt6Qml.so.6	qt6
skladnik	libQt6Widgets.so.6	qt6
skladnik	libQt6Xml.so.6	qt6
skladnik	libc.so.6	aaa_glibc-solibs
skladnik	libc.so.6	glibc
skladnik	libgcc_s.so.1	aaa_libraries
skladnik	libgcc_s.so.1	gcc
skladnik	libm.so.6	aaa_glibc-solibs
skladnik	libm.so.6	glibc
skladnik	libstdc++.so.6	aaa_libraries
skladnik	libstdc++.so.6	gcc-g++
slacktrack	libc.so.6	aaa_glibc-solibs
slacktrack	libc.so.6	glibc
slang	libc.so.6	aaa_glibc-solibs
slang	libc.so.6	glibc
slang	libm.so.6	aaa_glibc-solibs
slang	libm.so.6	glibc
slang	libonig.so.5	oniguruma
slang	libpcre.so.1	aaa_libraries
slang	libpcre.so.1	pcre
slang	libpng16.so.16	aaa_libraries
slang	libpng16.so.16	libpng
slang	libslang.so.2	aaa_libraries
slang	libz.so.1	aaa_libraries
slang	libz.so.1	zlib
slang1	ld-linux-x86-64.so.2	aaa_glibc-solibs
slang1	ld-linux-x86-64.so.2	glibc
slang1	libc.so.6	aaa_glibc-solibs
slang1	libc.so.6	glibc
slang1	libm.so.6	aaa_glibc-solibs
slang1	libm.so.6	glibc
slrn	libc.so.6	aaa_glibc-solibs
slrn	libc.so.6	glibc
slrn	libcrypto.so.3	openssl
slrn	libcrypto.so.3	openssl-solibs
slrn	libslang.so.2	aaa_libraries
slrn	libslang.so.2	slang
slrn	libssl.so.3	openssl
slrn	libssl.so.3	openssl-solibs
smartmontools	libc.so.6	aaa_glibc-solibs
smartmontools	libc.so.6	glibc
smartmontools	libcap-ng.so.0	libcap-ng
smartmontools	libgcc_s.so.1	aaa_libraries
smartmontools	libgcc_s.so.1	gcc
smartmontools	libm.so.6	aaa_glibc-solibs
smartmontools	libm.so.6	glibc
smartmontools	libstdc++.so.6	aaa_libraries
smartmontools	libstdc++.so.6	gcc-g++
smproxy	libICE.so.6	libICE
smproxy	libSM.so.6	libSM
smproxy	libX11.so.6	libX11
smproxy	libXmuu.so.1	libXmu
smproxy	libXt.so.6	libXt
smproxy	libc.so.6	aaa_glibc-solibs
smproxy	libc.so.6	glibc
snownews	libc.so.6	aaa_glibc-solibs
snownews	libc.so.6	glibc
snownews	libcrypto.so.3	openssl
snownews	libcrypto.so.3	openssl-solibs
snownews	libcurl.so.4	aaa_libraries
snownews	libcurl.so.4	curl
snownews	libncursesw.so.6	aaa_libraries
snownews	libncursesw.so.6	ncurses
snownews	libtinfo.so.6	aaa_libraries
snownews	libtinfo.so.6	ncurses
snownews	libxml2.so.16	libxml2
socat	libc.so.6	aaa_glibc-solibs
socat	libc.so.6	glibc
socat	libcrypto.so.3	openssl
socat	libcrypto.so.3	openssl-solibs
socat	libnsl.so.3	aaa_libraries
socat	libnsl.so.3	libnsl
socat	libssl.so.3	openssl
socat	libssl.so.3	openssl-solibs
solid	libGLX.so.0	libglvnd
solid	libOpenGL.so.0	libglvnd
solid	libQt6Core.so.6	qt6
solid	libQt6DBus.so.6	qt6
solid	libQt6Gui.so.6	qt6
solid	libQt6Xml.so.6	qt6
solid	libc.so.6	aaa_glibc-solibs
solid	libc.so.6	glibc
solid	libgcc_s.so.1	aaa_libraries
solid	libgcc_s.so.1	gcc
solid	libimobiledevice-1.0.so.6	libimobiledevice
solid	libm.so.6	aaa_glibc-solibs
solid	libm.so.6	glibc
solid	libmount.so.1	util-linux
solid	libplist-2.0.so.12	libplist
solid	libstdc++.so.6	aaa_libraries
solid	libstdc++.so.6	gcc-g++
solid	libudev.so.1	aaa_libraries
solid	libudev.so.1	eudev
solid5	libQt5Core.so.5	qt5
solid5	libQt5DBus.so.5	qt5
solid5	libQt5Gui.so.5	qt5
solid5	libQt5Network.so.5	qt5
solid5	libQt5Qml.so.5	qt5
solid5	libQt5Xml.so.5	qt5
solid5	libc.so.6	aaa_glibc-solibs
solid5	libc.so.6	glibc
solid5	libgcc_s.so.1	aaa_libraries
solid5	libgcc_s.so.1	gcc
solid5	libimobiledevice-1.0.so.6	libimobiledevice
solid5	libm.so.6	aaa_glibc-solibs
solid5	libm.so.6	glibc
solid5	libmount.so.1	util-linux
solid5	libplist-2.0.so.12	libplist
solid5	libstdc++.so.6	aaa_libraries
solid5	libstdc++.so.6	gcc-g++
solid5	libudev.so.1	aaa_libraries
solid5	libudev.so.1	eudev
sonnet	libGLX.so.0	libglvnd
sonnet	libOpenGL.so.0	libglvnd
sonnet	libQt6Core.so.6	qt6
sonnet	libQt6Gui.so.6	qt6
sonnet	libQt6Network.so.6	qt6
sonnet	libQt6OpenGL.so.6	qt6
sonnet	libQt6Qml.so.6	qt6
sonnet	libQt6Quick.so.6	qt6
sonnet	libQt6Widgets.so.6	qt6
sonnet	libaspell.so.15	aspell
sonnet	libc.so.6	aaa_glibc-solibs
sonnet	libc.so.6	glibc
sonnet	libgcc_s.so.1	aaa_libraries
sonnet	libgcc_s.so.1	gcc
sonnet	libhunspell-1.7.so.0	hunspell
sonnet	libm.so.6	aaa_glibc-solibs
sonnet	libm.so.6	glibc
sonnet	libstdc++.so.6	aaa_libraries
sonnet	libstdc++.so.6	gcc-g++
sonnet5	libQt5Core.so.5	qt5
sonnet5	libQt5Gui.so.5	qt5
sonnet5	libQt5Network.so.5	qt5
sonnet5	libQt5Qml.so.5	qt5
sonnet5	libQt5QmlModels.so.5	qt5
sonnet5	libQt5Quick.so.5	qt5
sonnet5	libQt5Widgets.so.5	qt5
sonnet5	libaspell.so.15	aspell
sonnet5	libc.so.6	aaa_glibc-solibs
sonnet5	libc.so.6	glibc
sonnet5	libgcc_s.so.1	aaa_libraries
sonnet5	libgcc_s.so.1	gcc
sonnet5	libhunspell-1.7.so.0	hunspell
sonnet5	libm.so.6	aaa_glibc-solibs
sonnet5	libm.so.6	glibc
sonnet5	libstdc++.so.6	aaa_libraries
sonnet5	libstdc++.so.6	gcc-g++
sox	libFLAC.so.14	flac
sox	libao.so.4	libao
sox	libasound.so.2	aaa_libraries
sox	libasound.so.2	alsa-lib
sox	libc.so.6	aaa_glibc-solibs
sox	libc.so.6	glibc
sox	libfftw3.so.3	fftw
sox	libgomp.so.1	aaa_libraries
sox	libgomp.so.1	gcc
sox	libid3tag.so.0	libid3tag
sox	libltdl.so.7	aaa_libraries
sox	libltdl.so.7	libtool
sox	libm.so.6	aaa_glibc-solibs
sox	libm.so.6	glibc
sox	libmad.so.0	libmad
sox	libmagic.so.1	file
sox	libmp3lame.so.0	lame
sox	libogg.so.0	libogg
sox	libopus.so.0	opus
sox	libopusfile.so.0	opusfile
sox	libpng16.so.16	aaa_libraries
sox	libpng16.so.16	libpng
sox	libpulse-simple.so.0	pulseaudio
sox	libpulse.so.0	pulseaudio
sox	libsndfile.so.1	libsndfile
sox	libspeexdsp.so.1	speexdsp
sox	libvorbis.so.0	libvorbis
sox	libvorbisenc.so.2	libvorbis
sox	libvorbisfile.so.3	libvorbis
sox	libwavpack.so.1	wavpack
sox	libz.so.1	aaa_libraries
sox	libz.so.1	zlib
spdlog	ld-linux-x86-64.so.2	aaa_glibc-solibs
spdlog	ld-linux-x86-64.so.2	glibc
spdlog	libc.so.6	aaa_glibc-solibs
spdlog	libc.so.6	glibc
spdlog	libfmt.so.12	fmt
spdlog	libgcc_s.so.1	aaa_libraries
spdlog	libgcc_s.so.1	gcc
spdlog	libm.so.6	aaa_glibc-solibs
spdlog	libm.so.6	glibc
spdlog	libstdc++.so.6	aaa_libraries
spdlog	libstdc++.so.6	gcc-g++
spectacle	libGLX.so.0	libglvnd
spectacle	libKF6ColorScheme.so.6	kcolorscheme
spectacle	libKF6Completion.so.6	kcompletion
spectacle	libKF6ConfigCore.so.6	kconfig
spectacle	libKF6ConfigGui.so.6	kconfig
spectacle	libKF6ConfigWidgets.so.6	kconfigwidgets
spectacle	libKF6CoreAddons.so.6	kcoreaddons
spectacle	libKF6Crash.so.6	kcrash
spectacle	libKF6DBusAddons.so.6	kdbusaddons
spectacle	libKF6GlobalAccel.so.6	kglobalaccel
spectacle	libKF6GuiAddons.so.6	kguiaddons
spectacle	libKF6I18n.so.6	ki18n
spectacle	libKF6I18nQml.so.6	ki18n
spectacle	libKF6JobWidgets.so.6	kjobwidgets
spectacle	libKF6KIOCore.so.6	kio
spectacle	libKF6KIOGui.so.6	kio
spectacle	libKF6KIOWidgets.so.6	kio
spectacle	libKF6Notifications.so.6	knotifications
spectacle	libKF6PrisonScanner.so.6	prison
spectacle	libKF6Purpose.so.6	purpose
spectacle	libKF6PurposeWidgets.so.6	purpose
spectacle	libKF6Service.so.6	kservice
spectacle	libKF6StatusNotifierItem.so.6	kstatusnotifieritem
spectacle	libKF6WidgetsAddons.so.6	kwidgetsaddons
spectacle	libKF6WindowSystem.so.6	kwindowsystem
spectacle	libKF6XmlGui.so.6	kxmlgui
spectacle	libKPipeWire.so.6	kpipewire
spectacle	libKPipeWireRecord.so.6	kpipewire
spectacle	libKQuickImageEditor.so.1	kquickimageeditor
spectacle	libKirigamiPlatform.so.6	kirigami
spectacle	libLayerShellQtInterface.so.6	layer-shell-qt
spectacle	libOpenGL.so.0	libglvnd
spectacle	libQt6Concurrent.so.6	qt6
spectacle	libQt6Core.so.6	qt6
spectacle	libQt6DBus.so.6	qt6
spectacle	libQt6Gui.so.6	qt6
spectacle	libQt6Multimedia.so.6	qt6
spectacle	libQt6Network.so.6	qt6
spectacle	libQt6OpenGL.so.6	qt6
spectacle	libQt6PrintSupport.so.6	qt6
spectacle	libQt6Qml.so.6	qt6
spectacle	libQt6QmlModels.so.6	qt6
spectacle	libQt6Quick.so.6	qt6
spectacle	libQt6QuickControls2.so.6	qt6
spectacle	libQt6QuickTemplates2.so.6	qt6
spectacle	libQt6WaylandClient.so.6	qt6
spectacle	libQt6Widgets.so.6	qt6
spectacle	libQt6Xml.so.6	qt6
spectacle	libX11.so.6	libX11
spectacle	libarchive.so.13	libarchive
spectacle	libc.so.6	aaa_glibc-solibs
spectacle	libc.so.6	glibc
spectacle	libcurl.so.4	aaa_libraries
spectacle	libcurl.so.4	curl
spectacle	libgcc_s.so.1	aaa_libraries
spectacle	libgcc_s.so.1	gcc
spectacle	libm.so.6	aaa_glibc-solibs
spectacle	libm.so.6	glibc
spectacle	libopencv_core.so.500	opencv
spectacle	libopencv_flann.so.500	opencv
spectacle	libopencv_geometry.so.500	opencv
spectacle	libopencv_imgproc.so.500	opencv
spectacle	libstdc++.so.6	aaa_libraries
spectacle	libstdc++.so.6	gcc-g++
spectacle	libtesseract.so.5	tesseract
spectacle	libwayland-client.so.0	wayland
spectacle	libwayland-cursor.so.0	wayland
spectacle	libxcb-cursor.so.0	xcb-util-cursor
spectacle	libxcb-image.so.0	xcb-util-image
spectacle	libxcb-randr.so.0	libxcb
spectacle	libxcb-render.so.0	libxcb
spectacle	libxcb-shape.so.0	libxcb
spectacle	libxcb-shm.so.0	libxcb
spectacle	libxcb-util.so.1	xcb-util
spectacle	libxcb-xfixes.so.0	libxcb
spectacle	libxcb.so.1	libxcb
spectacle	libxkbcommon.so.0	aaa_libraries
spectacle	libxkbcommon.so.0	libxkbcommon
speech-dispatcher	libao.so.4	libao
speech-dispatcher	libasound.so.2	aaa_libraries
speech-dispatcher	libasound.so.2	alsa-lib
speech-dispatcher	libc.so.6	aaa_glibc-solibs
speech-dispatcher	libc.so.6	glibc
speech-dispatcher	libdotconf.so.0	dotconf
speech-dispatcher	libespeak-ng.so.1	espeak-ng
speech-dispatcher	libgcc_s.so.1	aaa_libraries
speech-dispatcher	libgcc_s.so.1	gcc
speech-dispatcher	libglib-2.0.so.0	aaa_libraries
speech-dispatcher	libglib-2.0.so.0	glib2
speech-dispatcher	libgmodule-2.0.so.0	aaa_libraries
speech-dispatcher	libgmodule-2.0.so.0	glib2
speech-dispatcher	libgthread-2.0.so.0	aaa_libraries
speech-dispatcher	libgthread-2.0.so.0	glib2
speech-dispatcher	libltdl.so.7	aaa_libraries
speech-dispatcher	libltdl.so.7	libtool
speech-dispatcher	libm.so.6	aaa_glibc-solibs
speech-dispatcher	libm.so.6	glibc
speech-dispatcher	libpipewire-0.3.so.0	pipewire
speech-dispatcher	libpulse.so.0	pulseaudio
speech-dispatcher	libsndfile.so.1	libsndfile
speech-dispatcher	libstdc++.so.6	aaa_libraries
speech-dispatcher	libstdc++.so.6	gcc-g++
speex	libc.so.6	aaa_glibc-solibs
speex	libc.so.6	glibc
speex	libm.so.6	aaa_glibc-solibs
speex	libm.so.6	glibc
speex	libogg.so.0	libogg
speex	libspeexdsp.so.1	speexdsp
speexdsp	libc.so.6	aaa_glibc-solibs
speexdsp	libc.so.6	glibc
speexdsp	libm.so.6	aaa_glibc-solibs
speexdsp	libm.so.6	glibc
spice	libc.so.6	aaa_glibc-solibs
spice	libc.so.6	glibc
spice	libcrypto.so.3	openssl
spice	libcrypto.so.3	openssl-solibs
spice	libdrm.so.2	libdrm
spice	libgcc_s.so.1	aaa_libraries
spice	libgcc_s.so.1	gcc
spice	libgio-2.0.so.0	glib2
spice	libglib-2.0.so.0	aaa_libraries
spice	libglib-2.0.so.0	glib2
spice	libgobject-2.0.so.0	aaa_libraries
spice	libgobject-2.0.so.0	glib2
spice	libgstallocators-1.0.so.0	gst-plugins-base
spice	libgstapp-1.0.so.0	gst-plugins-base
spice	libgstbase-1.0.so.0	gstreamer
spice	libgstreamer-1.0.so.0	gstreamer
spice	libgstvideo-1.0.so.0	gst-plugins-base
spice	libjpeg.so.62	aaa_libraries
spice	libjpeg.so.62	libjpeg-turbo
spice	liblz4.so.1	lz4
spice	libm.so.6	aaa_glibc-solibs
spice	libm.so.6	glibc
spice	libopus.so.0	opus
spice	liborc-0.4.so.0	orc
spice	libpixman-1.so.0	pixman
spice	libsasl2.so.3	cyrus-sasl
spice	libssl.so.3	openssl
spice	libssl.so.3	openssl-solibs
spice	libstdc++.so.6	aaa_libraries
spice	libstdc++.so.6	gcc-g++
spice	libudev.so.1	aaa_libraries
spice	libudev.so.1	eudev
spice	libz.so.1	aaa_libraries
spice	libz.so.1	zlib
spirv-llvm-translator	ld-linux-x86-64.so.2	aaa_glibc-solibs
spirv-llvm-translator	ld-linux-x86-64.so.2	glibc
spirv-llvm-translator	libLLVM.so.23.1	llvm
spirv-llvm-translator	libc.so.6	aaa_glibc-solibs
spirv-llvm-translator	libc.so.6	glibc
spirv-llvm-translator	libgcc_s.so.1	aaa_libraries
spirv-llvm-translator	libgcc_s.so.1	gcc
spirv-llvm-translator	libm.so.6	aaa_glibc-solibs
spirv-llvm-translator	libm.so.6	glibc
spirv-llvm-translator	libstdc++.so.6	aaa_libraries
spirv-llvm-translator	libstdc++.so.6	gcc-g++
splitvt	libc.so.6	aaa_glibc-solibs
splitvt	libc.so.6	glibc
sqlite	libc.so.6	aaa_glibc-solibs
sqlite	libc.so.6	glibc
sqlite	libicudata.so.78	icu4c
sqlite	libicui18n.so.78	icu4c
sqlite	libicuuc.so.78	icu4c
sqlite	libm.so.6	aaa_glibc-solibs
sqlite	libm.so.6	glibc
sqlite	libreadline.so.8	aaa_libraries
sqlite	libreadline.so.8	readline
sqlite	libz.so.1	aaa_libraries
sqlite	libz.so.1	zlib
squashfs-tools	libc.so.6	aaa_glibc-solibs
squashfs-tools	libc.so.6	glibc
squashfs-tools	liblz4.so.1	lz4
squashfs-tools	liblzma.so.5	aaa_libraries
squashfs-tools	liblzma.so.5	xz
squashfs-tools	liblzo2.so.2	lzo
squashfs-tools	libm.so.6	aaa_glibc-solibs
squashfs-tools	libm.so.6	glibc
squashfs-tools	libz.so.1	aaa_libraries
squashfs-tools	libz.so.1	zlib
squashfs-tools	libzstd.so.1	aaa_libraries
squashfs-tools	libzstd.so.1	zstd
sshfs	libc.so.6	aaa_glibc-solibs
sshfs	libc.so.6	glibc
sshfs	libfuse3.so.3	fuse3
sshfs	libglib-2.0.so.0	aaa_libraries
sshfs	libglib-2.0.so.0	glib2
ssr	ld-linux-x86-64.so.2	aaa_glibc-solibs
ssr	ld-linux-x86-64.so.2	glibc
ssr	libGLU.so.1	glu
ssr	libGLX.so.0	libglvnd
ssr	libOpenGL.so.0	libglvnd
ssr	libQt5Core.so.5	qt5
ssr	libQt5Gui.so.5	qt5
ssr	libQt5Widgets.so.5	qt5
ssr	libQt5X11Extras.so.5	qt5
ssr	libX11.so.6	libX11
ssr	libXext.so.6	libXext
ssr	libXfixes.so.3	libXfixes
ssr	libXi.so.6	libXi
ssr	libXinerama.so.1	libXinerama
ssr	libasound.so.2	aaa_libraries
ssr	libasound.so.2	alsa-lib
ssr	libavcodec.so.63	ffmpeg
ssr	libavformat.so.63	ffmpeg
ssr	libavutil.so.61	ffmpeg
ssr	libc.so.6	aaa_glibc-solibs
ssr	libc.so.6	glibc
ssr	libgcc_s.so.1	aaa_libraries
ssr	libgcc_s.so.1	gcc
ssr	libm.so.6	aaa_glibc-solibs
ssr	libm.so.6	glibc
ssr	libpipewire-0.3.so.0	pipewire
ssr	libpulse.so.0	pulseaudio
ssr	libstdc++.so.6	aaa_libraries
ssr	libstdc++.so.6	gcc-g++
ssr	libswscale.so.10	ffmpeg
ssr	libv4l2.so.0	v4l-utils
startup-notification	libX11-xcb.so.1	libX11
startup-notification	libX11.so.6	libX11
startup-notification	libc.so.6	aaa_glibc-solibs
startup-notification	libc.so.6	glibc
startup-notification	libxcb-util.so.1	xcb-util
startup-notification	libxcb.so.1	libxcb
stellarsolver	ld-linux-x86-64.so.2	aaa_glibc-solibs
stellarsolver	ld-linux-x86-64.so.2	glibc
stellarsolver	libGLX.so.0	libglvnd
stellarsolver	libOpenGL.so.0	libglvnd
stellarsolver	libQt6Concurrent.so.6	qt6
stellarsolver	libQt6Core.so.6	qt6
stellarsolver	libQt6Gui.so.6	qt6
stellarsolver	libQt6Network.so.6	qt6
stellarsolver	libQt6Widgets.so.6	qt6
stellarsolver	libc.so.6	aaa_glibc-solibs
stellarsolver	libc.so.6	glibc
stellarsolver	libcfitsio.so.10	cfitsio
stellarsolver	libgcc_s.so.1	aaa_libraries
stellarsolver	libgcc_s.so.1	gcc
stellarsolver	libgsl.so.28	gsl
stellarsolver	libgslcblas.so.0	gsl
stellarsolver	libm.so.6	aaa_glibc-solibs
stellarsolver	libm.so.6	glibc
stellarsolver	libstdc++.so.6	aaa_libraries
stellarsolver	libstdc++.so.6	gcc-g++
stellarsolver	libwcs.so.8	wcslib
step	libGLX.so.0	libglvnd
step	libKF6Attica.so.6	attica
step	libKF6ColorScheme.so.6	kcolorscheme
step	libKF6Completion.so.6	kcompletion
step	libKF6ConfigCore.so.6	kconfig
step	libKF6ConfigGui.so.6	kconfig
step	libKF6ConfigWidgets.so.6	kconfigwidgets
step	libKF6CoreAddons.so.6	kcoreaddons
step	libKF6Crash.so.6	kcrash
step	libKF6GuiAddons.so.6	kguiaddons
step	libKF6I18n.so.6	ki18n
step	libKF6IconThemes.so.6	kiconthemes
step	libKF6JobWidgets.so.6	kjobwidgets
step	libKF6KIOCore.so.6	kio
step	libKF6KIOGui.so.6	kio
step	libKF6KIOWidgets.so.6	kio
step	libKF6NewStuffCore.so.6	knewstuff
step	libKF6NewStuffWidgets.so.6	knewstuff
step	libKF6Plotting.so.6	kplotting
step	libKF6Service.so.6	kservice
step	libKF6SonnetUi.so.6	sonnet
step	libKF6TextWidgets.so.6	ktextwidgets
step	libKF6WidgetsAddons.so.6	kwidgetsaddons
step	libKF6XmlGui.so.6	kxmlgui
step	libOpenGL.so.0	libglvnd
step	libQt6Core.so.6	qt6
step	libQt6DBus.so.6	qt6
step	libQt6Gui.so.6	qt6
step	libQt6Network.so.6	qt6
step	libQt6OpenGL.so.6	qt6
step	libQt6OpenGLWidgets.so.6	qt6
step	libQt6Widgets.so.6	qt6
step	libQt6Xml.so.6	qt6
step	libc.so.6	aaa_glibc-solibs
step	libc.so.6	glibc
step	libgcc_s.so.1	aaa_libraries
step	libgcc_s.so.1	gcc
step	libgsl.so.28	gsl
step	libgslcblas.so.0	gsl
step	libm.so.6	aaa_glibc-solibs
step	libm.so.6	glibc
step	libqalculate.so.23	libqalculate
step	libstdc++.so.6	aaa_libraries
step	libstdc++.so.6	gcc-g++
strace	libc.so.6	aaa_glibc-solibs
strace	libc.so.6	glibc
strace	libdw.so.1	elfutils
strace	libtinfo.so.6	aaa_libraries
strace	libtinfo.so.6	ncurses
stunnel	libc.so.6	aaa_glibc-solibs
stunnel	libc.so.6	glibc
stunnel	libcrypto.so.3	openssl
stunnel	libcrypto.so.3	openssl-solibs
stunnel	libnsl.so.3	aaa_libraries
stunnel	libnsl.so.3	libnsl
stunnel	libssl.so.3	openssl
stunnel	libssl.so.3	openssl-solibs
subtitlecomposer	libGLX.so.0	libglvnd
subtitlecomposer	libKF6Bookmarks.so.6	kbookmarks
subtitlecomposer	libKF6Codecs.so.6	kcodecs
subtitlecomposer	libKF6ColorScheme.so.6	kcolorscheme
subtitlecomposer	libKF6Completion.so.6	kcompletion
subtitlecomposer	libKF6ConfigCore.so.6	kconfig
subtitlecomposer	libKF6ConfigGui.so.6	kconfig
subtitlecomposer	libKF6ConfigWidgets.so.6	kconfigwidgets
subtitlecomposer	libKF6CoreAddons.so.6	kcoreaddons
subtitlecomposer	libKF6GuiAddons.so.6	kguiaddons
subtitlecomposer	libKF6I18n.so.6	ki18n
subtitlecomposer	libKF6ItemViews.so.6	kitemviews
subtitlecomposer	libKF6JobWidgets.so.6	kjobwidgets
subtitlecomposer	libKF6KIOCore.so.6	kio
subtitlecomposer	libKF6KIOFileWidgets.so.6	kio
subtitlecomposer	libKF6KIOGui.so.6	kio
subtitlecomposer	libKF6KIOWidgets.so.6	kio
subtitlecomposer	libKF6Service.so.6	kservice
subtitlecomposer	libKF6Solid.so.6	solid
subtitlecomposer	libKF6SonnetCore.so.6	sonnet
subtitlecomposer	libKF6SonnetUi.so.6	sonnet
subtitlecomposer	libKF6TextWidgets.so.6	ktextwidgets
subtitlecomposer	libKF6WidgetsAddons.so.6	kwidgetsaddons
subtitlecomposer	libKF6XmlGui.so.6	kxmlgui
subtitlecomposer	libOpenGL.so.0	libglvnd
subtitlecomposer	libQt6Core.so.6	qt6
subtitlecomposer	libQt6Core5Compat.so.6	qt6
subtitlecomposer	libQt6DBus.so.6	qt6
subtitlecomposer	libQt6Gui.so.6	qt6
subtitlecomposer	libQt6Network.so.6	qt6
subtitlecomposer	libQt6OpenGL.so.6	qt6
subtitlecomposer	libQt6OpenGLWidgets.so.6	qt6
subtitlecomposer	libQt6Qml.so.6	qt6
subtitlecomposer	libQt6Widgets.so.6	qt6
subtitlecomposer	libQt6Xml.so.6	qt6
subtitlecomposer	libavcodec.so.63	ffmpeg
subtitlecomposer	libavdevice.so.63	ffmpeg
subtitlecomposer	libavfilter.so.12	ffmpeg
subtitlecomposer	libavformat.so.63	ffmpeg
subtitlecomposer	libavutil.so.61	ffmpeg
subtitlecomposer	libc.so.6	aaa_glibc-solibs
subtitlecomposer	libc.so.6	glibc
subtitlecomposer	libcrypto.so.3	openssl
subtitlecomposer	libcrypto.so.3	openssl-solibs
subtitlecomposer	libgcc_s.so.1	aaa_libraries
subtitlecomposer	libgcc_s.so.1	gcc
subtitlecomposer	libicui18n.so.78	icu4c
subtitlecomposer	libm.so.6	aaa_glibc-solibs
subtitlecomposer	libm.so.6	glibc
subtitlecomposer	libopenal.so.1	openal-soft
subtitlecomposer	libssl.so.3	openssl
subtitlecomposer	libssl.so.3	openssl-solibs
subtitlecomposer	libstdc++.so.6	aaa_libraries
subtitlecomposer	libstdc++.so.6	gcc-g++
subtitlecomposer	libswresample.so.7	ffmpeg
subtitlecomposer	libswscale.so.10	ffmpeg
subtitlecomposer	libxkbcommon.so.0	aaa_libraries
subtitlecomposer	libxkbcommon.so.0	libxkbcommon
subversion	ld-linux-x86-64.so.2	aaa_glibc-solibs
subversion	ld-linux-x86-64.so.2	glibc
subversion	libapr-1.so.0	apr
subversion	libaprutil-1.so.0	apr-util
subversion	libc.so.6	aaa_glibc-solibs
subversion	libc.so.6	glibc
subversion	libcrypt.so.2	aaa_glibc-solibs
subversion	libcrypt.so.2	glibc
subversion	libdb-4.8.so	aaa_libraries
subversion	libdb-4.8.so	db48
subversion	libexpat.so.1	aaa_libraries
subversion	libexpat.so.1	expat
subversion	libgio-2.0.so.0	glib2
subversion	libglib-2.0.so.0	aaa_libraries
subversion	libglib-2.0.so.0	glib2
subversion	libgobject-2.0.so.0	aaa_libraries
subversion	libgobject-2.0.so.0	glib2
subversion	liblz4.so.1	lz4
subversion	libm.so.6	aaa_glibc-solibs
subversion	libm.so.6	glibc
subversion	libmagic.so.1	file
subversion	libruby.so.4.0	ruby
subversion	libsasl2.so.3	cyrus-sasl
subversion	libsecret-1.so.0	libsecret
subversion	libserf-1.so.1	serf
subversion	libsqlite3.so.0	sqlite
subversion	libutf8proc.so.3	utf8proc
subversion	libz.so.1	aaa_libraries
subversion	libz.so.1	zlib
sudo	libc.so.6	aaa_glibc-solibs
sudo	libc.so.6	glibc
sudo	libcrypto.so.3	openssl
sudo	libcrypto.so.3	openssl-solibs
sudo	libpam.so.0	pam
sudo	libssl.so.3	openssl
sudo	libssl.so.3	openssl-solibs
sudo	libz.so.1	aaa_libraries
sudo	libz.so.1	zlib
suitesparse	ld-linux-x86-64.so.2	aaa_glibc-solibs
suitesparse	ld-linux-x86-64.so.2	glibc
suitesparse	libc.so.6	aaa_glibc-solibs
suitesparse	libc.so.6	glibc
suitesparse	libgcc_s.so.1	aaa_libraries
suitesparse	libgcc_s.so.1	gcc
suitesparse	libgfortran.so.5	gcc-gfortran
suitesparse	libgmp.so.10	aaa_libraries
suitesparse	libgmp.so.10	gmp
suitesparse	libgomp.so.1	aaa_libraries
suitesparse	libgomp.so.1	gcc
suitesparse	libm.so.6	aaa_glibc-solibs
suitesparse	libm.so.6	glibc
suitesparse	libmpfr.so.6	aaa_libraries
suitesparse	libmpfr.so.6	mpfr
suitesparse	libopenblas.so.0	openblas
suitesparse	libquadmath.so.0	gcc
suitesparse	libstdc++.so.6	aaa_libraries
suitesparse	libstdc++.so.6	gcc-g++
svgalib	libc.so.6	aaa_glibc-solibs
svgalib	libc.so.6	glibc
svgalib	libm.so.6	aaa_glibc-solibs
svgalib	libm.so.6	glibc
svgalib	libvga.so.1	aaa_libraries
svgpart	libGLX.so.0	libglvnd
svgpart	libKF6ColorScheme.so.6	kcolorscheme
svgpart	libKF6ConfigCore.so.6	kconfig
svgpart	libKF6ConfigGui.so.6	kconfig
svgpart	libKF6ConfigWidgets.so.6	kconfigwidgets
svgpart	libKF6CoreAddons.so.6	kcoreaddons
svgpart	libKF6GuiAddons.so.6	kguiaddons
svgpart	libKF6I18n.so.6	ki18n
svgpart	libKF6KIOCore.so.6	kio
svgpart	libKF6Parts.so.6	kparts
svgpart	libKF6WidgetsAddons.so.6	kwidgetsaddons
svgpart	libKF6XmlGui.so.6	kxmlgui
svgpart	libOpenGL.so.0	libglvnd
svgpart	libQt6Core.so.6	qt6
svgpart	libQt6DBus.so.6	qt6
svgpart	libQt6Gui.so.6	qt6
svgpart	libQt6Network.so.6	qt6
svgpart	libQt6Svg.so.6	qt6
svgpart	libQt6SvgWidgets.so.6	qt6
svgpart	libQt6Widgets.so.6	qt6
svgpart	libQt6Xml.so.6	qt6
svgpart	libc.so.6	aaa_glibc-solibs
svgpart	libc.so.6	glibc
svgpart	libgcc_s.so.1	aaa_libraries
svgpart	libgcc_s.so.1	gcc
svgpart	libm.so.6	aaa_glibc-solibs
svgpart	libm.so.6	glibc
svgpart	libstdc++.so.6	aaa_libraries
svgpart	libstdc++.so.6	gcc-g++
sweeper	libGLX.so.0	libglvnd
sweeper	libKF6Bookmarks.so.6	kbookmarks
sweeper	libKF6ColorScheme.so.6	kcolorscheme
sweeper	libKF6ConfigCore.so.6	kconfig
sweeper	libKF6ConfigGui.so.6	kconfig
sweeper	libKF6ConfigWidgets.so.6	kconfigwidgets
sweeper	libKF6CoreAddons.so.6	kcoreaddons
sweeper	libKF6Crash.so.6	kcrash
sweeper	libKF6GuiAddons.so.6	kguiaddons
sweeper	libKF6I18n.so.6	ki18n
sweeper	libKF6SonnetUi.so.6	sonnet
sweeper	libKF6TextWidgets.so.6	ktextwidgets
sweeper	libKF6WidgetsAddons.so.6	kwidgetsaddons
sweeper	libKF6XmlGui.so.6	kxmlgui
sweeper	libOpenGL.so.0	libglvnd
sweeper	libPlasmaActivitiesStats.so.1	plasma-activities-stats
sweeper	libQt6Core.so.6	qt6
sweeper	libQt6DBus.so.6	qt6
sweeper	libQt6Gui.so.6	qt6
sweeper	libQt6Widgets.so.6	qt6
sweeper	libQt6Xml.so.6	qt6
sweeper	libc.so.6	aaa_glibc-solibs
sweeper	libc.so.6	glibc
sweeper	libgcc_s.so.1	aaa_libraries
sweeper	libgcc_s.so.1	gcc
sweeper	libm.so.6	aaa_glibc-solibs
sweeper	libm.so.6	glibc
sweeper	libstdc++.so.6	aaa_libraries
sweeper	libstdc++.so.6	gcc-g++
swig	libc.so.6	aaa_glibc-solibs
swig	libc.so.6	glibc
swig	libgcc_s.so.1	aaa_libraries
swig	libgcc_s.so.1	gcc
swig	libm.so.6	aaa_glibc-solibs
swig	libm.so.6	glibc
swig	libpcre2-8.so.0	aaa_libraries
swig	libpcre2-8.so.0	pcre2
swig	libstdc++.so.6	aaa_libraries
swig	libstdc++.so.6	gcc-g++
swig	libz.so.1	aaa_libraries
swig	libz.so.1	zlib
syndication	libKF6Codecs.so.6	kcodecs
syndication	libQt6Core.so.6	qt6
syndication	libQt6Xml.so.6	qt6
syndication	libc.so.6	aaa_glibc-solibs
syndication	libc.so.6	glibc
syndication	libgcc_s.so.1	aaa_libraries
syndication	libgcc_s.so.1	gcc
syndication	libm.so.6	aaa_glibc-solibs
syndication	libm.so.6	glibc
syndication	libstdc++.so.6	aaa_libraries
syndication	libstdc++.so.6	gcc-g++
syndication5	libKF5Codecs.so.5	kcodecs5
syndication5	libQt5Core.so.5	qt5
syndication5	libQt5Xml.so.5	qt5
syndication5	libc.so.6	aaa_glibc-solibs
syndication5	libc.so.6	glibc
syndication5	libgcc_s.so.1	aaa_libraries
syndication5	libgcc_s.so.1	gcc
syndication5	libm.so.6	aaa_glibc-solibs
syndication5	libm.so.6	glibc
syndication5	libstdc++.so.6	aaa_libraries
syndication5	libstdc++.so.6	gcc-g++
syntax-highlighting	libGLX.so.0	libglvnd
syntax-highlighting	libOpenGL.so.0	libglvnd
syntax-highlighting	libQt6Core.so.6	qt6
syntax-highlighting	libQt6Gui.so.6	qt6
syntax-highlighting	libQt6Network.so.6	qt6
syntax-highlighting	libQt6OpenGL.so.6	qt6
syntax-highlighting	libQt6Qml.so.6	qt6
syntax-highlighting	libQt6Quick.so.6	qt6
syntax-highlighting	libc.so.6	aaa_glibc-solibs
syntax-highlighting	libc.so.6	glibc
syntax-highlighting	libgcc_s.so.1	aaa_libraries
syntax-highlighting	libgcc_s.so.1	gcc
syntax-highlighting	libm.so.6	aaa_glibc-solibs
syntax-highlighting	libm.so.6	glibc
syntax-highlighting	libstdc++.so.6	aaa_libraries
syntax-highlighting	libstdc++.so.6	gcc-g++
syntax-highlighting5	libQt5Core.so.5	qt5
syntax-highlighting5	libQt5Gui.so.5	qt5
syntax-highlighting5	libQt5Network.so.5	qt5
syntax-highlighting5	libQt5Qml.so.5	qt5
syntax-highlighting5	libQt5QmlModels.so.5	qt5
syntax-highlighting5	libQt5Quick.so.5	qt5
syntax-highlighting5	libc.so.6	aaa_glibc-solibs
syntax-highlighting5	libc.so.6	glibc
syntax-highlighting5	libgcc_s.so.1	aaa_libraries
syntax-highlighting5	libgcc_s.so.1	gcc
syntax-highlighting5	libm.so.6	aaa_glibc-solibs
syntax-highlighting5	libm.so.6	glibc
syntax-highlighting5	libstdc++.so.6	aaa_libraries
syntax-highlighting5	libstdc++.so.6	gcc-g++
sysfsutils	libc.so.6	aaa_glibc-solibs
sysfsutils	libc.so.6	glibc
sysfsutils	libsysfs.so.2	aaa_libraries
sysklogd	libc.so.6	aaa_glibc-solibs
sysklogd	libc.so.6	glibc
syslinux	libc.so.6	aaa_glibc-solibs
syslinux	libc.so.6	glibc
syslinux	libuuid.so.1	util-linux
sysstat	libc.so.6	aaa_glibc-solibs
sysstat	libc.so.6	glibc
sysstat	libsensors.so.5	lm_sensors
system-config-printer	libc.so.6	aaa_glibc-solibs
system-config-printer	libc.so.6	glibc
system-config-printer	libcups.so.2	aaa_libraries
system-config-printer	libcups.so.2	cups
system-config-printer	libglib-2.0.so.0	aaa_libraries
system-config-printer	libglib-2.0.so.0	glib2
system-config-printer	libudev.so.1	aaa_libraries
system-config-printer	libudev.so.1	eudev
system-config-printer	libusb-1.0.so.0	aaa_libraries
system-config-printer	libusb-1.0.so.0	libusb
systemsettings	libGLX.so.0	libglvnd
systemsettings	libKF6AuthCore.so.6	kauth
systemsettings	libKF6ColorScheme.so.6	kcolorscheme
systemsettings	libKF6Completion.so.6	kcompletion
systemsettings	libKF6ConfigCore.so.6	kconfig
systemsettings	libKF6ConfigGui.so.6	kconfig
systemsettings	libKF6ConfigWidgets.so.6	kconfigwidgets
systemsettings	libKF6CoreAddons.so.6	kcoreaddons
systemsettings	libKF6Crash.so.6	kcrash
systemsettings	libKF6DBusAddons.so.6	kdbusaddons
systemsettings	libKF6GuiAddons.so.6	kguiaddons
systemsettings	libKF6I18n.so.6	ki18n
systemsettings	libKF6I18nQml.so.6	ki18n
systemsettings	libKF6IconThemes.so.6	kiconthemes
systemsettings	libKF6ItemModels.so.6	kitemmodels
systemsettings	libKF6ItemViews.so.6	kitemviews
systemsettings	libKF6JobWidgets.so.6	kjobwidgets
systemsettings	libKF6KCMUtils.so.6	kcmutils
systemsettings	libKF6KCMUtilsCore.so.6	kcmutils
systemsettings	libKF6KCMUtilsQuick.so.6	kcmutils
systemsettings	libKF6KIOCore.so.6	kio
systemsettings	libKF6KIOGui.so.6	kio
systemsettings	libKF6KIOWidgets.so.6	kio
systemsettings	libKF6Runner.so.6	krunner
systemsettings	libKF6Service.so.6	kservice
systemsettings	libKF6WidgetsAddons.so.6	kwidgetsaddons
systemsettings	libKF6WindowSystem.so.6	kwindowsystem
systemsettings	libKF6XmlGui.so.6	kxmlgui
systemsettings	libOpenGL.so.0	libglvnd
systemsettings	libPlasmaActivities.so.7	plasma-activities
systemsettings	libQt6Core.so.6	qt6
systemsettings	libQt6DBus.so.6	qt6
systemsettings	libQt6Gui.so.6	qt6
systemsettings	libQt6Network.so.6	qt6
systemsettings	libQt6OpenGL.so.6	qt6
systemsettings	libQt6Qml.so.6	qt6
systemsettings	libQt6Quick.so.6	qt6
systemsettings	libQt6QuickWidgets.so.6	qt6
systemsettings	libQt6Widgets.so.6	qt6
systemsettings	libQt6Xml.so.6	qt6
systemsettings	libX11.so.6	libX11
systemsettings	libc.so.6	aaa_glibc-solibs
systemsettings	libc.so.6	glibc
systemsettings	libgcc_s.so.1	aaa_libraries
systemsettings	libgcc_s.so.1	gcc
systemsettings	libm.so.6	aaa_glibc-solibs
systemsettings	libm.so.6	glibc
systemsettings	libstdc++.so.6	aaa_libraries
systemsettings	libstdc++.so.6	gcc-g++
sysvinit	libc.so.6	aaa_glibc-solibs
sysvinit	libc.so.6	glibc
sysvinit-functions	libc.so.6	aaa_glibc-solibs
sysvinit-functions	libc.so.6	glibc
t1lib	libX11.so.6	libX11
t1lib	libXaw.so.7	libXaw
t1lib	libXt.so.6	libXt
t1lib	libc.so.6	aaa_glibc-solibs
t1lib	libc.so.6	glibc
t1lib	libm.so.6	aaa_glibc-solibs
t1lib	libm.so.6	glibc
taglib	ld-linux-x86-64.so.2	aaa_glibc-solibs
taglib	ld-linux-x86-64.so.2	glibc
taglib	libc.so.6	aaa_glibc-solibs
taglib	libc.so.6	glibc
taglib	libgcc_s.so.1	aaa_libraries
taglib	libgcc_s.so.1	gcc
taglib	libm.so.6	aaa_glibc-solibs
taglib	libm.so.6	glibc
taglib	libstdc++.so.6	aaa_libraries
taglib	libstdc++.so.6	gcc-g++
taglib	libz.so.1	aaa_libraries
taglib	libz.so.1	zlib
talloc	libc.so.6	aaa_glibc-solibs
talloc	libc.so.6	glibc
talloc	libm.so.6	aaa_glibc-solibs
talloc	libm.so.6	glibc
talloc	libpython3.12.so.1.0	python3
tar	libacl.so.1	aaa_libraries
tar	libacl.so.1	acl
tar	libc.so.6	aaa_glibc-solibs
tar	libc.so.6	glibc
tcl	libc.so.6	aaa_glibc-solibs
tcl	libc.so.6	glibc
tcl	libm.so.6	aaa_glibc-solibs
tcl	libm.so.6	glibc
tcl	libz.so.1	aaa_libraries
tcl	libz.so.1	zlib
tclx	libc.so.6	aaa_glibc-solibs
tclx	libc.so.6	glibc
tclx	libm.so.6	aaa_glibc-solibs
tclx	libm.so.6	glibc
tcp_wrappers	libc.so.6	aaa_glibc-solibs
tcp_wrappers	libc.so.6	glibc
tcp_wrappers	libnsl.so.3	aaa_libraries
tcp_wrappers	libnsl.so.3	libnsl
tcpdump	libc.so.6	aaa_glibc-solibs
tcpdump	libc.so.6	glibc
tcpdump	libcap-ng.so.0	libcap-ng
tcpdump	libcrypto.so.3	openssl
tcpdump	libcrypto.so.3	openssl-solibs
tcpdump	libpcap.so.1	libpcap
tcsh	libc.so.6	aaa_glibc-solibs
tcsh	libc.so.6	glibc
tcsh	libcrypt.so.2	aaa_glibc-solibs
tcsh	libcrypt.so.2	glibc
tcsh	libtinfo.so.6	aaa_libraries
tcsh	libtinfo.so.6	ncurses
tdb	libc.so.6	aaa_glibc-solibs
tdb	libc.so.6	glibc
tdb	libm.so.6	aaa_glibc-solibs
tdb	libm.so.6	glibc
tdb	libtdb.so.1	aaa_libraries
telnet	libc.so.6	aaa_glibc-solibs
telnet	libc.so.6	glibc
telnet	libncursesw.so.6	aaa_libraries
telnet	libncursesw.so.6	ncurses
telnet	libtinfo.so.6	aaa_libraries
telnet	libtinfo.so.6	ncurses
tesseract	ld-linux-x86-64.so.2	aaa_glibc-solibs
tesseract	ld-linux-x86-64.so.2	glibc
tesseract	libarchive.so.13	libarchive
tesseract	libc.so.6	aaa_glibc-solibs
tesseract	libc.so.6	glibc
tesseract	libcairo.so.2	cairo
tesseract	libcurl.so.4	aaa_libraries
tesseract	libcurl.so.4	curl
tesseract	libfontconfig.so.1	fontconfig
tesseract	libfreetype.so.6	freetype
tesseract	libgcc_s.so.1	aaa_libraries
tesseract	libgcc_s.so.1	gcc
tesseract	libglib-2.0.so.0	aaa_libraries
tesseract	libglib-2.0.so.0	glib2
tesseract	libgobject-2.0.so.0	aaa_libraries
tesseract	libgobject-2.0.so.0	glib2
tesseract	libgomp.so.1	aaa_libraries
tesseract	libgomp.so.1	gcc
tesseract	libharfbuzz.so.0	harfbuzz
tesseract	libicui18n.so.78	icu4c
tesseract	libicuuc.so.78	icu4c
tesseract	libleptonica.so.6	leptonica
tesseract	libm.so.6	aaa_glibc-solibs
tesseract	libm.so.6	glibc
tesseract	libpango-1.0.so.0	pango
tesseract	libpangocairo-1.0.so.0	pango
tesseract	libpangoft2-1.0.so.0	pango
tesseract	libstdc++.so.6	aaa_libraries
tesseract	libstdc++.so.6	gcc-g++
tevent	ld-linux-x86-64.so.2	aaa_glibc-solibs
tevent	ld-linux-x86-64.so.2	glibc
tevent	libc.so.6	aaa_glibc-solibs
tevent	libc.so.6	glibc
tevent	libm.so.6	aaa_glibc-solibs
tevent	libm.so.6	glibc
tevent	libtalloc.so.2	talloc
texinfo	ld-linux-x86-64.so.2	aaa_glibc-solibs
texinfo	ld-linux-x86-64.so.2	glibc
texinfo	libc.so.6	aaa_glibc-solibs
texinfo	libc.so.6	glibc
texinfo	libtinfo.so.6	aaa_libraries
texinfo	libtinfo.so.6	ncurses
texinfo	libunistring.so.5	aaa_libraries
texinfo	libunistring.so.5	libunistring
texlive	ld-linux-x86-64.so.2	aaa_glibc-solibs
texlive	ld-linux-x86-64.so.2	glibc
texlive	libICE.so.6	libICE
texlive	libSM.so.6	libSM
texlive	libX11.so.6	libX11
texlive	libXaw.so.7	libXaw
texlive	libXext.so.6	libXext
texlive	libXi.so.6	libXi
texlive	libXmu.so.6	libXmu
texlive	libXpm.so.4	libXpm
texlive	libXt.so.6	libXt
texlive	libc.so.6	aaa_glibc-solibs
texlive	libc.so.6	glibc
texlive	libcairo.so.2	cairo
texlive	libfontconfig.so.1	fontconfig
texlive	libfreetype.so.6	freetype
texlive	libgcc_s.so.1	aaa_libraries
texlive	libgcc_s.so.1	gcc
texlive	libgd.so.3	gd
texlive	libgmp.so.10	aaa_libraries
texlive	libgmp.so.10	gmp
texlive	libgraphite2.so.3	graphite2
texlive	libgs.so.10	ghostscript
texlive	libharfbuzz.so.0	harfbuzz
texlive	libicudata.so.78	icu4c
texlive	libicui18n.so.78	icu4c
texlive	libicuio.so.78	icu4c
texlive	libicuuc.so.78	icu4c
texlive	libm.so.6	aaa_glibc-solibs
texlive	libm.so.6	glibc
texlive	libmpfr.so.6	aaa_libraries
texlive	libmpfr.so.6	mpfr
texlive	libpaper.so.2	libpaper
texlive	libpixman-1.so.0	pixman
texlive	libpng16.so.16	aaa_libraries
texlive	libpng16.so.16	libpng
texlive	libstdc++.so.6	aaa_libraries
texlive	libstdc++.so.6	gcc-g++
texlive	libz.so.1	aaa_libraries
texlive	libz.so.1	zlib
tftp-hpa	libc.so.6	aaa_glibc-solibs
tftp-hpa	libc.so.6	glibc
tftp-hpa	libcap.so.2	aaa_libraries
tftp-hpa	libcap.so.2	libcap
tftp-hpa	libreadline.so.8	aaa_libraries
tftp-hpa	libreadline.so.8	readline
thin-provisioning-tools	ld-linux-x86-64.so.2	aaa_glibc-solibs
thin-provisioning-tools	ld-linux-x86-64.so.2	glibc
thin-provisioning-tools	libc.so.6	aaa_glibc-solibs
thin-provisioning-tools	libc.so.6	glibc
thin-provisioning-tools	libgcc_s.so.1	aaa_libraries
thin-provisioning-tools	libgcc_s.so.1	gcc
thin-provisioning-tools	libm.so.6	aaa_glibc-solibs
thin-provisioning-tools	libm.so.6	glibc
thin-provisioning-tools	libudev.so.1	aaa_libraries
thin-provisioning-tools	libudev.so.1	eudev
threadweaver	libQt6Core.so.6	qt6
threadweaver	libc.so.6	aaa_glibc-solibs
threadweaver	libc.so.6	glibc
threadweaver	libgcc_s.so.1	aaa_libraries
threadweaver	libgcc_s.so.1	gcc
threadweaver	libm.so.6	aaa_glibc-solibs
threadweaver	libm.so.6	glibc
threadweaver	libstdc++.so.6	aaa_libraries
threadweaver	libstdc++.so.6	gcc-g++
threadweaver5	libQt5Core.so.5	qt5
threadweaver5	libc.so.6	aaa_glibc-solibs
threadweaver5	libc.so.6	glibc
threadweaver5	libgcc_s.so.1	aaa_libraries
threadweaver5	libgcc_s.so.1	gcc
threadweaver5	libm.so.6	aaa_glibc-solibs
threadweaver5	libm.so.6	glibc
threadweaver5	libstdc++.so.6	aaa_libraries
threadweaver5	libstdc++.so.6	gcc-g++
thunar	libICE.so.6	libICE
thunar	libSM.so.6	libSM
thunar	libX11.so.6	libX11
thunar	libatk-1.0.so.0	at-spi2-core
thunar	libc.so.6	aaa_glibc-solibs
thunar	libc.so.6	glibc
thunar	libcairo-gobject.so.2	cairo
thunar	libcairo.so.2	cairo
thunar	libexif.so.12	libexif
thunar	libexo-2.so.0	exo
thunar	libgdk-3.so.0	gtk+3
thunar	libgdk_pixbuf-2.0.so.0	gdk-pixbuf2
thunar	libgio-2.0.so.0	glib2
thunar	libglib-2.0.so.0	aaa_libraries
thunar	libglib-2.0.so.0	glib2
thunar	libgmodule-2.0.so.0	aaa_libraries
thunar	libgmodule-2.0.so.0	glib2
thunar	libgobject-2.0.so.0	aaa_libraries
thunar	libgobject-2.0.so.0	glib2
thunar	libgtk-3.so.0	gtk+3
thunar	libgudev-1.0.so.0	libgudev
thunar	libharfbuzz.so.0	harfbuzz
thunar	libnotify.so.4	libnotify
thunar	libpango-1.0.so.0	pango
thunar	libpangocairo-1.0.so.0	pango
thunar	libpcre2-8.so.0	aaa_libraries
thunar	libpcre2-8.so.0	pcre2
thunar	libxfce4kbd-private-3.so.0	libxfce4ui
thunar	libxfce4panel-2.0.so.4	xfce4-panel
thunar	libxfce4ui-2.so.0	libxfce4ui
thunar	libxfce4util.so.7	libxfce4util
thunar	libxfconf-0.so.3	xfconf
thunar	libz.so.1	aaa_libraries
thunar	libz.so.1	zlib
thunar-volman	libc.so.6	aaa_glibc-solibs
thunar-volman	libc.so.6	glibc
thunar-volman	libgio-2.0.so.0	glib2
thunar-volman	libglib-2.0.so.0	aaa_libraries
thunar-volman	libglib-2.0.so.0	glib2
thunar-volman	libgobject-2.0.so.0	aaa_libraries
thunar-volman	libgobject-2.0.so.0	glib2
thunar-volman	libgtk-3.so.0	gtk+3
thunar-volman	libgudev-1.0.so.0	libgudev
thunar-volman	libnotify.so.4	libnotify
thunar-volman	libpango-1.0.so.0	pango
thunar-volman	libxfce4ui-2.so.0	libxfce4ui
thunar-volman	libxfce4util.so.7	libxfce4util
thunar-volman	libxfconf-0.so.3	xfconf
tidy-html5	libc.so.6	aaa_glibc-solibs
tidy-html5	libc.so.6	glibc
time	libc.so.6	aaa_glibc-solibs
time	libc.so.6	glibc
timedated	libc.so.6	aaa_glibc-solibs
timedated	libc.so.6	glibc
timedated	libgio-2.0.so.0	glib2
timedated	libglib-2.0.so.0	aaa_libraries
timedated	libglib-2.0.so.0	glib2
timedated	libgobject-2.0.so.0	aaa_libraries
timedated	libgobject-2.0.so.0	glib2
timedated	libpolkit-gobject-1.so.0	polkit
tin	libc.so.6	aaa_glibc-solibs
tin	libc.so.6	glibc
tin	libcurl.so.4	aaa_libraries
tin	libcurl.so.4	curl
tin	libicui18n.so.78	icu4c
tin	libicuuc.so.78	icu4c
tin	libidn2.so.0	aaa_libraries
tin	libidn2.so.0	libidn2
tin	libncursesw.so.6	aaa_libraries
tin	libncursesw.so.6	ncurses
tin	libtinfo.so.6	aaa_libraries
tin	libtinfo.so.6	ncurses
tin	libz.so.1	aaa_libraries
tin	libz.so.1	zlib
tix	libX11.so.6	libX11
tix	libc.so.6	aaa_glibc-solibs
tix	libc.so.6	glibc
tk	libX11.so.6	libX11
tk	libXext.so.6	libXext
tk	libXft.so.2	libXft
tk	libXss.so.1	libXScrnSaver
tk	libc.so.6	aaa_glibc-solibs
tk	libc.so.6	glibc
tk	libfontconfig.so.1	fontconfig
tk	libm.so.6	aaa_glibc-solibs
tk	libm.so.6	glibc
tk	libz.so.1	aaa_libraries
tk	libz.so.1	zlib
tmux	libc.so.6	aaa_glibc-solibs
tmux	libc.so.6	glibc
tmux	libevent_core-2.1.so.7	libevent
tmux	libm.so.6	aaa_glibc-solibs
tmux	libm.so.6	glibc
tmux	libresolv.so.2	aaa_glibc-solibs
tmux	libresolv.so.2	glibc
tmux	libtinfo.so.6	aaa_libraries
tmux	libtinfo.so.6	ncurses
tokodon	libGLX.so.0	libglvnd
tokodon	libKF6ColorScheme.so.6	kcolorscheme
tokodon	libKF6Completion.so.6	kcompletion
tokodon	libKF6ConfigCore.so.6	kconfig
tokodon	libKF6ConfigGui.so.6	kconfig
tokodon	libKF6CoreAddons.so.6	kcoreaddons
tokodon	libKF6DBusAddons.so.6	kdbusaddons
tokodon	libKF6I18n.so.6	ki18n
tokodon	libKF6I18nQml.so.6	ki18n
tokodon	libKF6JobWidgets.so.6	kjobwidgets
tokodon	libKF6KIOCore.so.6	kio
tokodon	libKF6KIOGui.so.6	kio
tokodon	libKF6KIOWidgets.so.6	kio
tokodon	libKF6Notifications.so.6	knotifications
tokodon	libKF6Purpose.so.6	purpose
tokodon	libKF6Service.so.6	kservice
tokodon	libKF6WidgetsAddons.so.6	kwidgetsaddons
tokodon	libKF6WindowSystem.so.6	kwindowsystem
tokodon	libKUnifiedPush.so.1	kunifiedpush
tokodon	libKirigami.so.6	kirigami
tokodon	libKirigamiAddonsStatefulApp.so.6	kirigami-addons
tokodon	libKirigamiApp.so.6	kirigami-addons
tokodon	libKirigamiPlatform.so.6	kirigami
tokodon	libOpenGL.so.0	libglvnd
tokodon	libQCoro6Core.so.0	qcoro
tokodon	libQCoro6DBus.so.0	qcoro
tokodon	libQCoro6Network.so.0	qcoro
tokodon	libQt6Core.so.6	qt6
tokodon	libQt6DBus.so.6	qt6
tokodon	libQt6Gui.so.6	qt6
tokodon	libQt6Multimedia.so.6	qt6
tokodon	libQt6Network.so.6	qt6
tokodon	libQt6OpenGL.so.6	qt6
tokodon	libQt6Qml.so.6	qt6
tokodon	libQt6Quick.so.6	qt6
tokodon	libQt6QuickControls2.so.6	qt6
tokodon	libQt6WebSockets.so.6	qt6
tokodon	libQt6WebView.so.6	qt6
tokodon	libQt6Widgets.so.6	qt6
tokodon	libX11.so.6	libX11
tokodon	libc.so.6	aaa_glibc-solibs
tokodon	libc.so.6	glibc
tokodon	libgcc_s.so.1	aaa_libraries
tokodon	libgcc_s.so.1	gcc
tokodon	libm.so.6	aaa_glibc-solibs
tokodon	libm.so.6	glibc
tokodon	libqt6keychain.so.1	qtkeychain
tokodon	libstdc++.so.6	aaa_libraries
tokodon	libstdc++.so.6	gcc-g++
traceroute	libc.so.6	aaa_glibc-solibs
traceroute	libc.so.6	glibc
traceroute	libm.so.6	aaa_glibc-solibs
traceroute	libm.so.6	glibc
transset	libX11.so.6	libX11
transset	libc.so.6	aaa_glibc-solibs
transset	libc.so.6	glibc
tree	libc.so.6	aaa_glibc-solibs
tree	libc.so.6	glibc
tree-sitter	ld-linux-x86-64.so.2	aaa_glibc-solibs
tree-sitter	ld-linux-x86-64.so.2	glibc
tree-sitter	libc.so.6	aaa_glibc-solibs
tree-sitter	libc.so.6	glibc
tree-sitter	libgcc_s.so.1	aaa_libraries
tree-sitter	libgcc_s.so.1	gcc
tree-sitter	libm.so.6	aaa_glibc-solibs
tree-sitter	libm.so.6	glibc
tumbler	libc.so.6	aaa_glibc-solibs
tumbler	libc.so.6	glibc
tumbler	libcairo.so.2	cairo
tumbler	libcurl.so.4	aaa_libraries
tumbler	libcurl.so.4	curl
tumbler	libffmpegthumbnailer.so.4	ffmpegthumbnailer
tumbler	libfreetype.so.6	freetype
tumbler	libgdk_pixbuf-2.0.so.0	gdk-pixbuf2
tumbler	libgio-2.0.so.0	glib2
tumbler	libglib-2.0.so.0	aaa_libraries
tumbler	libglib-2.0.so.0	glib2
tumbler	libgmodule-2.0.so.0	aaa_libraries
tumbler	libgmodule-2.0.so.0	glib2
tumbler	libgobject-2.0.so.0	aaa_libraries
tumbler	libgobject-2.0.so.0	glib2
tumbler	libgsf-1.so.114	libgsf
tumbler	libgstreamer-1.0.so.0	gstreamer
tumbler	libgsttag-1.0.so.0	gst-plugins-base
tumbler	libjpeg.so.62	aaa_libraries
tumbler	libjpeg.so.62	libjpeg-turbo
tumbler	libm.so.6	aaa_glibc-solibs
tumbler	libm.so.6	glibc
tumbler	libpng16.so.16	aaa_libraries
tumbler	libpng16.so.16	libpng
tumbler	libpoppler-glib.so.8	poppler
tumbler	libxfce4util.so.7	libxfce4util
twm	libICE.so.6	libICE
twm	libSM.so.6	libSM
twm	libX11.so.6	libX11
twm	libXext.so.6	libXext
twm	libXmu.so.6	libXmu
twm	libXrandr.so.2	libXrandr
twm	libXt.so.6	libXt
twm	libc.so.6	aaa_glibc-solibs
twm	libc.so.6	glibc
udisks2	ld-linux-x86-64.so.2	aaa_glibc-solibs
udisks2	ld-linux-x86-64.so.2	glibc
udisks2	libacl.so.1	aaa_libraries
udisks2	libacl.so.1	acl
udisks2	libbd_utils.so.3	libblockdev
udisks2	libblkid.so.1	util-linux
udisks2	libblockdev.so.3	libblockdev
udisks2	libc.so.6	aaa_glibc-solibs
udisks2	libc.so.6	glibc
udisks2	libelogind.so.0	elogind
udisks2	libgio-2.0.so.0	glib2
udisks2	libglib-2.0.so.0	aaa_libraries
udisks2	libglib-2.0.so.0	glib2
udisks2	libgmodule-2.0.so.0	aaa_libraries
udisks2	libgmodule-2.0.so.0	glib2
udisks2	libgobject-2.0.so.0	aaa_libraries
udisks2	libgobject-2.0.so.0	glib2
udisks2	libgudev-1.0.so.0	libgudev
udisks2	libmount.so.1	util-linux
udisks2	libpolkit-agent-1.so.0	polkit
udisks2	libpolkit-gobject-1.so.0	polkit
udisks2	libuuid.so.1	util-linux
ulogd	libc.so.6	aaa_glibc-solibs
ulogd	libc.so.6	glibc
ulogd	libjansson.so.4	jansson
ulogd	libmariadb.so.3	mariadb
ulogd	libmnl.so.0	libmnl
ulogd	libnetfilter_acct.so.1	libnetfilter_acct
ulogd	libnetfilter_conntrack.so.3	libnetfilter_conntrack
ulogd	libnetfilter_log.so.1	libnetfilter_log
ulogd	libnfnetlink.so.0	libnfnetlink
ulogd	libpcap.so.1	libpcap
ulogd	libsqlite3.so.0	sqlite
umbrello	libGLX.so.0	libglvnd
umbrello	libKF6Archive.so.6	karchive
umbrello	libKF6ColorScheme.so.6	kcolorscheme
umbrello	libKF6Completion.so.6	kcompletion
umbrello	libKF6ConfigCore.so.6	kconfig
umbrello	libKF6ConfigGui.so.6	kconfig
umbrello	libKF6ConfigWidgets.so.6	kconfigwidgets
umbrello	libKF6CoreAddons.so.6	kcoreaddons
umbrello	libKF6Crash.so.6	kcrash
umbrello	libKF6GuiAddons.so.6	kguiaddons
umbrello	libKF6I18n.so.6	ki18n
umbrello	libKF6IconThemes.so.6	kiconthemes
umbrello	libKF6JobWidgets.so.6	kjobwidgets
umbrello	libKF6KIOCore.so.6	kio
umbrello	libKF6KIOGui.so.6	kio
umbrello	libKF6KIOWidgets.so.6	kio
umbrello	libKF6Parts.so.6	kparts
umbrello	libKF6Service.so.6	kservice
umbrello	libKF6SyntaxHighlighting.so.6	syntax-highlighting
umbrello	libKF6TextEditor.so.6	ktexteditor
umbrello	libKF6WidgetsAddons.so.6	kwidgetsaddons
umbrello	libKF6WindowSystem.so.6	kwindowsystem
umbrello	libKF6XmlGui.so.6	kxmlgui
umbrello	libOpenGL.so.0	libglvnd
umbrello	libQt6Core.so.6	qt6
umbrello	libQt6DBus.so.6	qt6
umbrello	libQt6Gui.so.6	qt6
umbrello	libQt6Network.so.6	qt6
umbrello	libQt6PrintSupport.so.6	qt6
umbrello	libQt6Svg.so.6	qt6
umbrello	libQt6Widgets.so.6	qt6
umbrello	libQt6Xml.so.6	qt6
umbrello	libX11.so.6	libX11
umbrello	libc.so.6	aaa_glibc-solibs
umbrello	libc.so.6	glibc
umbrello	libgcc_s.so.1	aaa_libraries
umbrello	libgcc_s.so.1	gcc
umbrello	libm.so.6	aaa_glibc-solibs
umbrello	libm.so.6	glibc
umbrello	libstdc++.so.6	aaa_libraries
umbrello	libstdc++.so.6	gcc-g++
umbrello	libxml2.so.16	libxml2
umbrello	libxslt.so.1	libxslt
unarj	libc.so.6	aaa_glibc-solibs
unarj	libc.so.6	glibc
union	libGLX.so.0	libglvnd
union	libKF6ColorScheme.so.6	kcolorscheme
union	libKF6ConfigCore.so.6	kconfig
union	libKF6CoreAddons.so.6	kcoreaddons
union	libKF6GuiAddons.so.6	kguiaddons
union	libKF6IconThemes.so.6	kiconthemes
union	libKirigamiPlatform.so.6	kirigami
union	libOpenGL.so.0	libglvnd
union	libQt6Core.so.6	qt6
union	libQt6DBus.so.6	qt6
union	libQt6Gui.so.6	qt6
union	libQt6Network.so.6	qt6
union	libQt6OpenGL.so.6	qt6
union	libQt6Qml.so.6	qt6
union	libQt6Quick.so.6	qt6
union	libQt6QuickControls2.so.6	qt6
union	libQt6Widgets.so.6	qt6
union	libc.so.6	aaa_glibc-solibs
union	libc.so.6	glibc
union	libcxx-rust-cssparser.so.1	cxx-rust-cssparser
union	libgcc_s.so.1	aaa_libraries
union	libgcc_s.so.1	gcc
union	libm.so.6	aaa_glibc-solibs
union	libm.so.6	glibc
union	libstdc++.so.6	aaa_libraries
union	libstdc++.so.6	gcc-g++
universal-ctags	libc.so.6	aaa_glibc-solibs
universal-ctags	libc.so.6	glibc
universal-ctags	libjansson.so.4	jansson
universal-ctags	libm.so.6	aaa_glibc-solibs
universal-ctags	libm.so.6	glibc
universal-ctags	libpcre2-8.so.0	aaa_libraries
universal-ctags	libpcre2-8.so.0	pcre2
universal-ctags	libseccomp.so.2	libseccomp
universal-ctags	libxml2.so.16	libxml2
universal-ctags	libyaml-0.so.2	libyaml
upower	libc.so.6	aaa_glibc-solibs
upower	libc.so.6	glibc
upower	libgio-2.0.so.0	glib2
upower	libglib-2.0.so.0	aaa_libraries
upower	libglib-2.0.so.0	glib2
upower	libgobject-2.0.so.0	aaa_libraries
upower	libgobject-2.0.so.0	glib2
upower	libgudev-1.0.so.0	libgudev
upower	libimobiledevice-1.0.so.6	libimobiledevice
upower	libplist-2.0.so.12	libplist
upower	libpolkit-gobject-1.so.0	polkit
usb_modeswitch	libc.so.6	aaa_glibc-solibs
usb_modeswitch	libc.so.6	glibc
usb_modeswitch	libusb-1.0.so.0	aaa_libraries
usb_modeswitch	libusb-1.0.so.0	libusb
usbmuxd	libc.so.6	aaa_glibc-solibs
usbmuxd	libc.so.6	glibc
usbmuxd	libimobiledevice-1.0.so.6	libimobiledevice
usbmuxd	libimobiledevice-glue-1.0.so.0	libimobiledevice-glue
usbmuxd	libplist-2.0.so.12	libplist
usbmuxd	libusb-1.0.so.0	aaa_libraries
usbmuxd	libusb-1.0.so.0	libusb
usbredir	libc.so.6	aaa_glibc-solibs
usbredir	libc.so.6	glibc
usbredir	libgio-2.0.so.0	glib2
usbredir	libglib-2.0.so.0	aaa_libraries
usbredir	libglib-2.0.so.0	glib2
usbredir	libgobject-2.0.so.0	aaa_libraries
usbredir	libgobject-2.0.so.0	glib2
usbredir	libusb-1.0.so.0	aaa_libraries
usbredir	libusb-1.0.so.0	libusb
usbutils	libc.so.6	aaa_glibc-solibs
usbutils	libc.so.6	glibc
usbutils	libudev.so.1	aaa_libraries
usbutils	libudev.so.1	eudev
usbutils	libusb-1.0.so.0	aaa_libraries
usbutils	libusb-1.0.so.0	libusb
userspace-rcu	ld-linux-x86-64.so.2	aaa_glibc-solibs
userspace-rcu	ld-linux-x86-64.so.2	glibc
userspace-rcu	libc.so.6	aaa_glibc-solibs
userspace-rcu	libc.so.6	glibc
utempter	libc.so.6	aaa_glibc-solibs
utempter	libc.so.6	glibc
utf8proc	libc.so.6	aaa_glibc-solibs
utf8proc	libc.so.6	glibc
util-linux	ld-linux-x86-64.so.2	aaa_glibc-solibs
util-linux	ld-linux-x86-64.so.2	glibc
util-linux	libc.so.6	aaa_glibc-solibs
util-linux	libc.so.6	glibc
util-linux	libcap-ng.so.0	libcap-ng
util-linux	libm.so.6	aaa_glibc-solibs
util-linux	libm.so.6	glibc
util-linux	libmagic.so.1	file
util-linux	libncursesw.so.6	aaa_libraries
util-linux	libncursesw.so.6	ncurses
util-linux	libpam.so.0	pam
util-linux	libpam_misc.so.0	pam
util-linux	libreadline.so.8	aaa_libraries
util-linux	libreadline.so.8	readline
util-linux	libsqlite3.so.0	sqlite
util-linux	libtinfo.so.6	aaa_libraries
util-linux	libtinfo.so.6	ncurses
util-linux	libudev.so.1	aaa_libraries
util-linux	libudev.so.1	eudev
util-linux	libz.so.1	aaa_libraries
util-linux	libz.so.1	zlib
uucp	libc.so.6	aaa_glibc-solibs
uucp	libc.so.6	glibc
uucp	libnsl.so.3	aaa_libraries
uucp	libnsl.so.3	libnsl
v4l-utils	libGL.so.1	libglvnd
v4l-utils	libQt6Core.so.6	qt6
v4l-utils	libQt6Core5Compat.so.6	qt6
v4l-utils	libQt6Gui.so.6	qt6
v4l-utils	libQt6OpenGL.so.6	qt6
v4l-utils	libQt6OpenGLWidgets.so.6	qt6
v4l-utils	libQt6Widgets.so.6	qt6
v4l-utils	libasound.so.2	aaa_libraries
v4l-utils	libasound.so.2	alsa-lib
v4l-utils	libc.so.6	aaa_glibc-solibs
v4l-utils	libc.so.6	glibc
v4l-utils	libgcc_s.so.1	aaa_libraries
v4l-utils	libgcc_s.so.1	gcc
v4l-utils	libjpeg.so.62	aaa_libraries
v4l-utils	libjpeg.so.62	libjpeg-turbo
v4l-utils	libjson-c.so.5	aaa_libraries
v4l-utils	libjson-c.so.5	json-c
v4l-utils	libm.so.6	aaa_glibc-solibs
v4l-utils	libm.so.6	glibc
v4l-utils	libstdc++.so.6	aaa_libraries
v4l-utils	libstdc++.so.6	gcc-g++
v4l-utils	libudev.so.1	aaa_libraries
v4l-utils	libudev.so.1	eudev
vala	libc.so.6	aaa_glibc-solibs
vala	libc.so.6	glibc
vala	libcdt.so.6	graphviz
vala	libcgraph.so.10	graphviz
vala	libglib-2.0.so.0	aaa_libraries
vala	libglib-2.0.so.0	glib2
vala	libgmodule-2.0.so.0	aaa_libraries
vala	libgmodule-2.0.so.0	glib2
vala	libgobject-2.0.so.0	aaa_libraries
vala	libgobject-2.0.so.0	glib2
vala	libgvc.so.7	graphviz
valgrind	libc.so.6	aaa_glibc-solibs
valgrind	libc.so.6	glibc
vbetool	libc.so.6	aaa_glibc-solibs
vbetool	libc.so.6	glibc
vbetool	libpciaccess.so.0	libpciaccess
vbetool	libx86.so.1	libx86
vbetool	libz.so.1	aaa_libraries
vbetool	libz.so.1	zlib
vde2	libc.so.6	aaa_glibc-solibs
vde2	libc.so.6	glibc
vde2	libm.so.6	aaa_glibc-solibs
vde2	libm.so.6	glibc
vde2	libpcap.so.1	libpcap
vid.stab	libc.so.6	aaa_glibc-solibs
vid.stab	libc.so.6	glibc
vid.stab	libm.so.6	aaa_glibc-solibs
vid.stab	libm.so.6	glibc
viewres	libX11.so.6	libX11
viewres	libXaw.so.7	libXaw
viewres	libXmu.so.6	libXmu
viewres	libXt.so.6	libXt
viewres	libc.so.6	aaa_glibc-solibs
viewres	libc.so.6	glibc
vim	libacl.so.1	aaa_libraries
vim	libacl.so.1	acl
vim	libc.so.6	aaa_glibc-solibs
vim	libc.so.6	glibc
vim	libgpm.so.2	aaa_libraries
vim	libgpm.so.2	gpm
vim	libm.so.6	aaa_glibc-solibs
vim	libm.so.6	glibc
vim	libsodium.so.26	libsodium
vim	libtinfo.so.6	aaa_libraries
vim	libtinfo.so.6	ncurses
vim-gvim	libICE.so.6	libICE
vim-gvim	libSM.so.6	libSM
vim-gvim	libX11.so.6	libX11
vim-gvim	libXt.so.6	libXt
vim-gvim	libacl.so.1	aaa_libraries
vim-gvim	libacl.so.1	acl
vim-gvim	libc.so.6	aaa_glibc-solibs
vim-gvim	libc.so.6	glibc
vim-gvim	libcairo.so.2	cairo
vim-gvim	libcanberra.so.0	libcanberra
vim-gvim	libgdk-3.so.0	gtk+3
vim-gvim	libgdk_pixbuf-2.0.so.0	gdk-pixbuf2
vim-gvim	libgio-2.0.so.0	glib2
vim-gvim	libglib-2.0.so.0	aaa_libraries
vim-gvim	libglib-2.0.so.0	glib2
vim-gvim	libgobject-2.0.so.0	aaa_libraries
vim-gvim	libgobject-2.0.so.0	glib2
vim-gvim	libgpm.so.2	aaa_libraries
vim-gvim	libgpm.so.2	gpm
vim-gvim	libgtk-3.so.0	gtk+3
vim-gvim	libm.so.6	aaa_glibc-solibs
vim-gvim	libm.so.6	glibc
vim-gvim	libpango-1.0.so.0	pango
vim-gvim	libpangocairo-1.0.so.0	pango
vim-gvim	libsodium.so.26	libsodium
vim-gvim	libtinfo.so.6	aaa_libraries
vim-gvim	libtinfo.so.6	ncurses
vim-gvim	libwayland-client.so.0	wayland
virglrenderer	libX11.so.6	libX11
virglrenderer	libc.so.6	aaa_glibc-solibs
virglrenderer	libc.so.6	glibc
virglrenderer	libdrm.so.2	libdrm
virglrenderer	libepoxy.so.0	libepoxy
virglrenderer	libgbm.so.1	mesa
virglrenderer	libm.so.6	aaa_glibc-solibs
virglrenderer	libm.so.6	glibc
vlan	libc.so.6	aaa_glibc-solibs
vlan	libc.so.6	glibc
volume_key	libblkid.so.1	util-linux
volume_key	libc.so.6	aaa_glibc-solibs
volume_key	libc.so.6	glibc
volume_key	libcryptsetup.so.12	cryptsetup
volume_key	libglib-2.0.so.0	aaa_libraries
volume_key	libglib-2.0.so.0	glib2
volume_key	libgpgme.so.45	gpgme
volume_key	libm.so.6	aaa_glibc-solibs
volume_key	libm.so.6	glibc
volume_key	libnspr4.so	mozilla-nss
volume_key	libnss3.so	mozilla-nss
volume_key	libnssutil3.so	mozilla-nss
volume_key	libplc4.so	mozilla-nss
volume_key	libplds4.so	mozilla-nss
volume_key	libsmime3.so	mozilla-nss
volume_key	libsoftokn3.so	mozilla-nss
volume_key	libsqlite3.so.0	sqlite
volume_key	libssl3.so	mozilla-nss
vorbis-tools	libFLAC.so.14	flac
vorbis-tools	libao.so.4	libao
vorbis-tools	libc.so.6	aaa_glibc-solibs
vorbis-tools	libc.so.6	glibc
vorbis-tools	libcurl.so.4	aaa_libraries
vorbis-tools	libcurl.so.4	curl
vorbis-tools	libm.so.6	aaa_glibc-solibs
vorbis-tools	libm.so.6	glibc
vorbis-tools	libmvec.so.1	aaa_glibc-solibs
vorbis-tools	libmvec.so.1	glibc
vorbis-tools	libnsl.so.3	aaa_libraries
vorbis-tools	libnsl.so.3	libnsl
vorbis-tools	libogg.so.0	libogg
vorbis-tools	libopusfile.so.0	opusfile
vorbis-tools	libspeex.so.1	speex
vorbis-tools	libvorbis.so.0	libvorbis
vorbis-tools	libvorbisenc.so.2	libvorbis
vorbis-tools	libvorbisfile.so.3	libvorbis
vsftpd	libc.so.6	aaa_glibc-solibs
vsftpd	libc.so.6	glibc
vsftpd	libcap.so.2	aaa_libraries
vsftpd	libcap.so.2	libcap
vsftpd	libcrypt.so.2	aaa_glibc-solibs
vsftpd	libcrypt.so.2	glibc
vsftpd	libcrypto.so.3	openssl
vsftpd	libcrypto.so.3	openssl-solibs
vsftpd	libnsl.so.3	aaa_libraries
vsftpd	libnsl.so.3	libnsl
vsftpd	libssl.so.3	openssl
vsftpd	libssl.so.3	openssl-solibs
vte	ld-linux-x86-64.so.2	aaa_glibc-solibs
vte	ld-linux-x86-64.so.2	glibc
vte	libatk-1.0.so.0	at-spi2-core
vte	libc.so.6	aaa_glibc-solibs
vte	libc.so.6	glibc
vte	libcairo-gobject.so.2	cairo
vte	libcairo.so.2	cairo
vte	libfribidi.so.0	fribidi
vte	libgcc_s.so.1	aaa_libraries
vte	libgcc_s.so.1	gcc
vte	libgdk-3.so.0	gtk+3
vte	libgdk_pixbuf-2.0.so.0	gdk-pixbuf2
vte	libgio-2.0.so.0	glib2
vte	libglib-2.0.so.0	aaa_libraries
vte	libglib-2.0.so.0	glib2
vte	libgnutls.so.30	gnutls
vte	libgobject-2.0.so.0	aaa_libraries
vte	libgobject-2.0.so.0	glib2
vte	libgraphene-1.0.so.0	graphene
vte	libgtk-3.so.0	gtk+3
vte	libgtk-4.so.1	gtk4
vte	libicuuc.so.78	icu4c
vte	liblz4.so.1	lz4
vte	libm.so.6	aaa_glibc-solibs
vte	libm.so.6	glibc
vte	libpango-1.0.so.0	pango
vte	libpangocairo-1.0.so.0	pango
vte	libpcre2-8.so.0	aaa_libraries
vte	libpcre2-8.so.0	pcre2
vte	libsimdutf.so.36	simdutf
vte	libstdc++.so.6	aaa_libraries
vte	libstdc++.so.6	gcc-g++
vulkan-sdk	ld-linux-x86-64.so.2	aaa_glibc-solibs
vulkan-sdk	ld-linux-x86-64.so.2	glibc
vulkan-sdk	libGLX.so.0	libglvnd
vulkan-sdk	libOpenGL.so.0	libglvnd
vulkan-sdk	libQt6Core.so.6	qt6
vulkan-sdk	libQt6Gui.so.6	qt6
vulkan-sdk	libQt6Network.so.6	qt6
vulkan-sdk	libQt6Widgets.so.6	qt6
vulkan-sdk	libX11.so.6	libX11
vulkan-sdk	libc.so.6	aaa_glibc-solibs
vulkan-sdk	libc.so.6	glibc
vulkan-sdk	libdl.so.2	aaa_glibc-solibs
vulkan-sdk	libdl.so.2	glibc
vulkan-sdk	libgcc_s.so.1	aaa_libraries
vulkan-sdk	libgcc_s.so.1	gcc
vulkan-sdk	liblz4.so.1	lz4
vulkan-sdk	libm.so.6	aaa_glibc-solibs
vulkan-sdk	libm.so.6	glibc
vulkan-sdk	libpthread.so.0	aaa_glibc-solibs
vulkan-sdk	libpthread.so.0	glibc
vulkan-sdk	libstdc++.so.6	aaa_libraries
vulkan-sdk	libstdc++.so.6	gcc-g++
vulkan-sdk	libwayland-client.so.0	wayland
vulkan-sdk	libxcb.so.1	libxcb
vulkan-sdk	libz.so.1	aaa_libraries
vulkan-sdk	libz.so.1	zlib
vulkan-sdk	libzstd.so.1	aaa_libraries
vulkan-sdk	libzstd.so.1	zstd
wacomtablet	libGLX.so.0	libglvnd
wacomtablet	libICE.so.6	libICE
wacomtablet	libKF6ColorScheme.so.6	kcolorscheme
wacomtablet	libKF6ConfigCore.so.6	kconfig
wacomtablet	libKF6ConfigGui.so.6	kconfig
wacomtablet	libKF6ConfigWidgets.so.6	kconfigwidgets
wacomtablet	libKF6CoreAddons.so.6	kcoreaddons
wacomtablet	libKF6DBusAddons.so.6	kdbusaddons
wacomtablet	libKF6GlobalAccel.so.6	kglobalaccel
wacomtablet	libKF6GuiAddons.so.6	kguiaddons
wacomtablet	libKF6I18n.so.6	ki18n
wacomtablet	libKF6KCMUtils.so.6	kcmutils
wacomtablet	libKF6KCMUtilsCore.so.6	kcmutils
wacomtablet	libKF6KCMUtilsQuick.so.6	kcmutils
wacomtablet	libKF6KIOCore.so.6	kio
wacomtablet	libKF6KIOGui.so.6	kio
wacomtablet	libKF6Notifications.so.6	knotifications
wacomtablet	libKF6Service.so.6	kservice
wacomtablet	libKF6WidgetsAddons.so.6	kwidgetsaddons
wacomtablet	libKF6WindowSystem.so.6	kwindowsystem
wacomtablet	libKF6XmlGui.so.6	kxmlgui
wacomtablet	libKirigamiPlatform.so.6	kirigami
wacomtablet	libOpenGL.so.0	libglvnd
wacomtablet	libPlasma.so.7	libplasma
wacomtablet	libPlasma5Support.so.6	plasma5support
wacomtablet	libQt6Core.so.6	qt6
wacomtablet	libQt6DBus.so.6	qt6
wacomtablet	libQt6Gui.so.6	qt6
wacomtablet	libQt6Network.so.6	qt6
wacomtablet	libQt6OpenGL.so.6	qt6
wacomtablet	libQt6Qml.so.6	qt6
wacomtablet	libQt6Quick.so.6	qt6
wacomtablet	libQt6Widgets.so.6	qt6
wacomtablet	libQt6Xml.so.6	qt6
wacomtablet	libSM.so.6	libSM
wacomtablet	libX11.so.6	libX11
wacomtablet	libXext.so.6	libXext
wacomtablet	libXi.so.6	libXi
wacomtablet	libc.so.6	aaa_glibc-solibs
wacomtablet	libc.so.6	glibc
wacomtablet	libgcc_s.so.1	aaa_libraries
wacomtablet	libgcc_s.so.1	gcc
wacomtablet	libm.so.6	aaa_glibc-solibs
wacomtablet	libm.so.6	glibc
wacomtablet	libstdc++.so.6	aaa_libraries
wacomtablet	libstdc++.so.6	gcc-g++
wacomtablet	libwacom.so.9	libwacom
wacomtablet	libxcb-xinput.so.0	libxcb
wacomtablet	libxcb.so.1	libxcb
wacomtablet	libxkbcommon.so.0	aaa_libraries
wacomtablet	libxkbcommon.so.0	libxkbcommon
wavpack	libc.so.6	aaa_glibc-solibs
wavpack	libc.so.6	glibc
wavpack	libm.so.6	aaa_glibc-solibs
wavpack	libm.so.6	glibc
wayland	libc.so.6	aaa_glibc-solibs
wayland	libc.so.6	glibc
wayland	libexpat.so.1	aaa_libraries
wayland	libexpat.so.1	expat
wayland	libffi.so.8	aaa_libraries
wayland	libffi.so.8	libffi
wayland	libxml2.so.16	libxml2
wayland-utils	libc.so.6	aaa_glibc-solibs
wayland-utils	libc.so.6	glibc
wayland-utils	libdrm.so.2	libdrm
wayland-utils	libwayland-client.so.0	wayland
wcslib	ld-linux-x86-64.so.2	aaa_glibc-solibs
wcslib	ld-linux-x86-64.so.2	glibc
wcslib	libc.so.6	aaa_glibc-solibs
wcslib	libc.so.6	glibc
wcslib	libcfitsio.so.10	cfitsio
wcslib	libgfortran.so.5	gcc-gfortran
wcslib	libm.so.6	aaa_glibc-solibs
wcslib	libm.so.6	glibc
wcslib	libquadmath.so.0	gcc
wget	libc.so.6	aaa_glibc-solibs
wget	libc.so.6	glibc
wget	libcrypto.so.3	openssl
wget	libcrypto.so.3	openssl-solibs
wget	libidn2.so.0	aaa_libraries
wget	libidn2.so.0	libidn2
wget	libpcre2-8.so.0	aaa_libraries
wget	libpcre2-8.so.0	pcre2
wget	libpsl.so.5	aaa_libraries
wget	libpsl.so.5	libpsl
wget	libssl.so.3	openssl
wget	libssl.so.3	openssl-solibs
wget	libunistring.so.5	aaa_libraries
wget	libunistring.so.5	libunistring
wget	libuuid.so.1	util-linux
wget	libz.so.1	aaa_libraries
wget	libz.so.1	zlib
wget2	libbrotlidec.so.1	brotli
wget2	libc.so.6	aaa_glibc-solibs
wget2	libc.so.6	glibc
wget2	libgnutls.so.30	gnutls
wget2	libgpgme.so.45	gpgme
wget2	libidn2.so.0	aaa_libraries
wget2	libidn2.so.0	libidn2
wget2	liblz.so.1	lzlib
wget2	libnghttp2.so.14	nghttp2
wget2	libpcre2-8.so.0	aaa_libraries
wget2	libpcre2-8.so.0	pcre2
wget2	libpsl.so.5	aaa_libraries
wget2	libpsl.so.5	libpsl
wget2	libz.so.1	aaa_libraries
wget2	libz.so.1	zlib
wget2	libzstd.so.1	aaa_libraries
wget2	libzstd.so.1	zstd
which	libc.so.6	aaa_glibc-solibs
which	libc.so.6	glibc
whois	libc.so.6	aaa_glibc-solibs
whois	libc.so.6	glibc
whois	libcrypt.so.2	aaa_glibc-solibs
whois	libcrypt.so.2	glibc
whois	libidn2.so.0	aaa_libraries
whois	libidn2.so.0	libidn2
windowmaker	libX11.so.6	libX11
windowmaker	libXRes.so.1	libXres
windowmaker	libXext.so.6	libXext
windowmaker	libXft.so.2	libXft
windowmaker	libXinerama.so.1	libXinerama
windowmaker	libXmu.so.6	libXmu
windowmaker	libXpm.so.4	libXpm
windowmaker	libXrandr.so.2	libXrandr
windowmaker	libc.so.6	aaa_glibc-solibs
windowmaker	libc.so.6	glibc
windowmaker	libexif.so.12	libexif
windowmaker	libfontconfig.so.1	fontconfig
windowmaker	libfreetype.so.6	freetype
windowmaker	libgif.so.7	giflib
windowmaker	libglib-2.0.so.0	aaa_libraries
windowmaker	libglib-2.0.so.0	glib2
windowmaker	libgobject-2.0.so.0	aaa_libraries
windowmaker	libgobject-2.0.so.0	glib2
windowmaker	libharfbuzz.so.0	harfbuzz
windowmaker	libjpeg.so.62	aaa_libraries
windowmaker	libjpeg.so.62	libjpeg-turbo
windowmaker	libm.so.6	aaa_glibc-solibs
windowmaker	libm.so.6	glibc
windowmaker	libpango-1.0.so.0	pango
windowmaker	libpangoft2-1.0.so.0	pango
windowmaker	libpangoxft-1.0.so.0	pango
windowmaker	libpng16.so.16	aaa_libraries
windowmaker	libpng16.so.16	libpng
windowmaker	libtiff.so.6	aaa_libraries
windowmaker	libtiff.so.6	libtiff
windowmaker	libwebp.so.7	libwebp
wireguard-tools	libc.so.6	aaa_glibc-solibs
wireguard-tools	libc.so.6	glibc
wireless_tools	libc.so.6	aaa_glibc-solibs
wireless_tools	libc.so.6	glibc
wireless_tools	libm.so.6	aaa_glibc-solibs
wireless_tools	libm.so.6	glibc
wireplumber	libc.so.6	aaa_glibc-solibs
wireplumber	libc.so.6	glibc
wireplumber	libelogind.so.0	elogind
wireplumber	libgio-2.0.so.0	glib2
wireplumber	libglib-2.0.so.0	aaa_libraries
wireplumber	libglib-2.0.so.0	glib2
wireplumber	libgmodule-2.0.so.0	aaa_libraries
wireplumber	libgmodule-2.0.so.0	glib2
wireplumber	libgobject-2.0.so.0	aaa_libraries
wireplumber	libgobject-2.0.so.0	glib2
wireplumber	liblua.so.5	lua
wireplumber	libm.so.6	aaa_glibc-solibs
wireplumber	libm.so.6	glibc
wireplumber	libpipewire-0.3.so.0	pipewire
wlroots	libEGL.so.1	libglvnd
wlroots	libGLESv2.so.2	libglvnd
wlroots	libc.so.6	aaa_glibc-solibs
wlroots	libc.so.6	glibc
wlroots	libdisplay-info.so.4	libdisplay-info
wlroots	libdrm.so.2	libdrm
wlroots	libgbm.so.1	mesa
wlroots	libinput.so.10	libinput
wlroots	liblcms2.so.2	lcms2
wlroots	libm.so.6	aaa_glibc-solibs
wlroots	libm.so.6	glibc
wlroots	libpixman-1.so.0	pixman
wlroots	libseat.so.1	seatd
wlroots	libudev.so.1	aaa_libraries
wlroots	libudev.so.1	eudev
wlroots	libvulkan.so.1	vulkan-sdk
wlroots	libwayland-client.so.0	wayland
wlroots	libwayland-server.so.0	wayland
wlroots	libxcb-composite.so.0	libxcb
wlroots	libxcb-dri3.so.0	libxcb
wlroots	libxcb-errors.so.0	xcb-util-errors
wlroots	libxcb-ewmh.so.2	xcb-util-wm
wlroots	libxcb-icccm.so.4	xcb-util-wm
wlroots	libxcb-present.so.0	libxcb
wlroots	libxcb-render-util.so.0	xcb-util-renderutil
wlroots	libxcb-render.so.0	libxcb
wlroots	libxcb-res.so.0	libxcb
wlroots	libxcb-shm.so.0	libxcb
wlroots	libxcb-xfixes.so.0	libxcb
wlroots	libxcb-xinput.so.0	libxcb
wlroots	libxcb.so.1	libxcb
wlroots	libxkbcommon.so.0	aaa_libraries
wlroots	libxkbcommon.so.0	libxkbcommon
woff2	libbrotlidec.so.1	brotli
woff2	libbrotlienc.so.1	brotli
woff2	libc.so.6	aaa_glibc-solibs
woff2	libc.so.6	glibc
woff2	libgcc_s.so.1	aaa_libraries
woff2	libgcc_s.so.1	gcc
woff2	libm.so.6	aaa_glibc-solibs
woff2	libm.so.6	glibc
woff2	libstdc++.so.6	aaa_libraries
woff2	libstdc++.so.6	gcc-g++
wpa_supplicant	libGLX.so.0	libglvnd
wpa_supplicant	libOpenGL.so.0	libglvnd
wpa_supplicant	libQt6Core.so.6	qt6
wpa_supplicant	libQt6Gui.so.6	qt6
wpa_supplicant	libQt6Widgets.so.6	qt6
wpa_supplicant	libc.so.6	aaa_glibc-solibs
wpa_supplicant	libc.so.6	glibc
wpa_supplicant	libcrypto.so.3	openssl
wpa_supplicant	libcrypto.so.3	openssl-solibs
wpa_supplicant	libdbus-1.so.3	dbus
wpa_supplicant	libgcc_s.so.1	aaa_libraries
wpa_supplicant	libgcc_s.so.1	gcc
wpa_supplicant	libm.so.6	aaa_glibc-solibs
wpa_supplicant	libm.so.6	glibc
wpa_supplicant	libncursesw.so.6	aaa_libraries
wpa_supplicant	libncursesw.so.6	ncurses
wpa_supplicant	libnl-3.so.200	libnl3
wpa_supplicant	libnl-genl-3.so.200	libnl3
wpa_supplicant	libnl-route-3.so.200	libnl3
wpa_supplicant	libreadline.so.8	aaa_libraries
wpa_supplicant	libreadline.so.8	readline
wpa_supplicant	libssl.so.3	openssl
wpa_supplicant	libssl.so.3	openssl-solibs
wpa_supplicant	libstdc++.so.6	aaa_libraries
wpa_supplicant	libstdc++.so.6	gcc-g++
wpa_supplicant	libtinfo.so.6	aaa_libraries
wpa_supplicant	libtinfo.so.6	ncurses
wsdd2	libc.so.6	aaa_glibc-solibs
wsdd2	libc.so.6	glibc
x11-ssh-askpass	libICE.so.6	libICE
x11-ssh-askpass	libSM.so.6	libSM
x11-ssh-askpass	libX11.so.6	libX11
x11-ssh-askpass	libXt.so.6	libXt
x11-ssh-askpass	libc.so.6	aaa_glibc-solibs
x11-ssh-askpass	libc.so.6	glibc
x11perf	libX11.so.6	libX11
x11perf	libXext.so.6	libXext
x11perf	libXft.so.2	libXft
x11perf	libXmuu.so.1	libXmu
x11perf	libXrender.so.1	libXrender
x11perf	libc.so.6	aaa_glibc-solibs
x11perf	libc.so.6	glibc
x11perf	libfontconfig.so.1	fontconfig
x11perf	libm.so.6	aaa_glibc-solibs
x11perf	libm.so.6	glibc
x3270	libX11.so.6	libX11
x3270	libXaw.so.7	libXaw
x3270	libXmu.so.6	libXmu
x3270	libXt.so.6	libXt
x3270	libc.so.6	aaa_glibc-solibs
x3270	libc.so.6	glibc
x3270	libcrypto.so.3	openssl
x3270	libcrypto.so.3	openssl-solibs
x3270	libncursesw.so.6	aaa_libraries
x3270	libncursesw.so.6	ncurses
x3270	libreadline.so.8	aaa_libraries
x3270	libreadline.so.8	readline
x3270	libssl.so.3	openssl
x3270	libssl.so.3	openssl-solibs
x3270	libtinfo.so.6	aaa_libraries
x3270	libtinfo.so.6	ncurses
xaos	ld-linux-x86-64.so.2	aaa_glibc-solibs
xaos	ld-linux-x86-64.so.2	glibc
xaos	libGLX.so.0	libglvnd
xaos	libOpenGL.so.0	libglvnd
xaos	libQt6Core.so.6	qt6
xaos	libQt6Gui.so.6	qt6
xaos	libQt6PrintSupport.so.6	qt6
xaos	libQt6Widgets.so.6	qt6
xaos	libc.so.6	aaa_glibc-solibs
xaos	libc.so.6	glibc
xaos	libgcc_s.so.1	aaa_libraries
xaos	libgcc_s.so.1	gcc
xaos	libm.so.6	aaa_glibc-solibs
xaos	libm.so.6	glibc
xaos	libstdc++.so.6	aaa_libraries
xaos	libstdc++.so.6	gcc-g++
xapian-core	libc.so.6	aaa_glibc-solibs
xapian-core	libc.so.6	glibc
xapian-core	libgcc_s.so.1	aaa_libraries
xapian-core	libgcc_s.so.1	gcc
xapian-core	libicuuc.so.78	icu4c
xapian-core	libm.so.6	aaa_glibc-solibs
xapian-core	libm.so.6	glibc
xapian-core	libstdc++.so.6	aaa_libraries
xapian-core	libstdc++.so.6	gcc-g++
xapian-core	libuuid.so.1	util-linux
xapian-core	libz.so.1	aaa_libraries
xapian-core	libz.so.1	zlib
xauth	libX11.so.6	libX11
xauth	libXau.so.6	libXau
xauth	libXext.so.6	libXext
xauth	libXmuu.so.1	libXmu
xauth	libc.so.6	aaa_glibc-solibs
xauth	libc.so.6	glibc
xbacklight	libc.so.6	aaa_glibc-solibs
xbacklight	libc.so.6	glibc
xbacklight	libxcb-randr.so.0	libxcb
xbacklight	libxcb-util.so.1	xcb-util
xbacklight	libxcb.so.1	libxcb
xbiff	libX11.so.6	libX11
xbiff	libXaw.so.7	libXaw
xbiff	libXext.so.6	libXext
xbiff	libXmu.so.6	libXmu
xbiff	libXt.so.6	libXt
xbiff	libc.so.6	aaa_glibc-solibs
xbiff	libc.so.6	glibc
xcalc	libX11.so.6	libX11
xcalc	libXaw.so.7	libXaw
xcalc	libXt.so.6	libXt
xcalc	libc.so.6	aaa_glibc-solibs
xcalc	libc.so.6	glibc
xcalc	libm.so.6	aaa_glibc-solibs
xcalc	libm.so.6	glibc
xcb-imdkit	libc.so.6	aaa_glibc-solibs
xcb-imdkit	libc.so.6	glibc
xcb-imdkit	libxcb-util.so.1	xcb-util
xcb-imdkit	libxcb.so.1	libxcb
xcb-util	libc.so.6	aaa_glibc-solibs
xcb-util	libc.so.6	glibc
xcb-util	libxcb.so.1	libxcb
xcb-util-cursor	libc.so.6	aaa_glibc-solibs
xcb-util-cursor	libc.so.6	glibc
xcb-util-cursor	libxcb-image.so.0	xcb-util-image
xcb-util-cursor	libxcb-render-util.so.0	xcb-util-renderutil
xcb-util-cursor	libxcb-render.so.0	libxcb
xcb-util-cursor	libxcb-shm.so.0	libxcb
xcb-util-cursor	libxcb.so.1	libxcb
xcb-util-errors	libc.so.6	aaa_glibc-solibs
xcb-util-errors	libc.so.6	glibc
xcb-util-errors	libxcb.so.1	libxcb
xcb-util-image	libc.so.6	aaa_glibc-solibs
xcb-util-image	libc.so.6	glibc
xcb-util-image	libxcb-shm.so.0	libxcb
xcb-util-image	libxcb-util.so.1	xcb-util
xcb-util-image	libxcb.so.1	libxcb
xcb-util-keysyms	libc.so.6	aaa_glibc-solibs
xcb-util-keysyms	libc.so.6	glibc
xcb-util-keysyms	libxcb.so.1	libxcb
xcb-util-renderutil	libc.so.6	aaa_glibc-solibs
xcb-util-renderutil	libc.so.6	glibc
xcb-util-renderutil	libxcb-render.so.0	libxcb
xcb-util-renderutil	libxcb.so.1	libxcb
xcb-util-wm	libc.so.6	aaa_glibc-solibs
xcb-util-wm	libc.so.6	glibc
xcb-util-wm	libxcb.so.1	libxcb
xclipboard	libX11.so.6	libX11
xclipboard	libXaw.so.7	libXaw
xclipboard	libXmu.so.6	libXmu
xclipboard	libXt.so.6	libXt
xclipboard	libc.so.6	aaa_glibc-solibs
xclipboard	libc.so.6	glibc
xclipboard	libxkbfile.so.1	libxkbfile
xclock	libX11.so.6	libX11
xclock	libXaw.so.7	libXaw
xclock	libXft.so.2	libXft
xclock	libXmu.so.6	libXmu
xclock	libXrender.so.1	libXrender
xclock	libXt.so.6	libXt
xclock	libc.so.6	aaa_glibc-solibs
xclock	libc.so.6	glibc
xclock	libm.so.6	aaa_glibc-solibs
xclock	libm.so.6	glibc
xclock	libxkbfile.so.1	libxkbfile
xcm	libX11.so.6	libX11
xcm	libXcmDDC.so.0	libXcm
xcm	libXcmEDID.so.0	libXcm
xcm	libXcmX11.so.0	libXcm
xcm	libXfixes.so.3	libXfixes
xcm	libXmu.so.6	libXmu
xcm	libXt.so.6	libXt
xcm	libc.so.6	aaa_glibc-solibs
xcm	libc.so.6	glibc
xcm	libm.so.6	aaa_glibc-solibs
xcm	libm.so.6	glibc
xcmsdb	libX11.so.6	libX11
xcmsdb	libc.so.6	aaa_glibc-solibs
xcmsdb	libc.so.6	glibc
xcompmgr	libX11.so.6	libX11
xcompmgr	libXcomposite.so.1	libXcomposite
xcompmgr	libXdamage.so.1	libXdamage
xcompmgr	libXext.so.6	libXext
xcompmgr	libXfixes.so.3	libXfixes
xcompmgr	libXrender.so.1	libXrender
xcompmgr	libc.so.6	aaa_glibc-solibs
xcompmgr	libc.so.6	glibc
xcompmgr	libm.so.6	aaa_glibc-solibs
xcompmgr	libm.so.6	glibc
xconsole	libX11.so.6	libX11
xconsole	libXaw.so.7	libXaw
xconsole	libXmu.so.6	libXmu
xconsole	libXt.so.6	libXt
xconsole	libc.so.6	aaa_glibc-solibs
xconsole	libc.so.6	glibc
xcursorgen	libX11.so.6	libX11
xcursorgen	libXcursor.so.1	libXcursor
xcursorgen	libc.so.6	aaa_glibc-solibs
xcursorgen	libc.so.6	glibc
xcursorgen	libpng16.so.16	aaa_libraries
xcursorgen	libpng16.so.16	libpng
xdbedizzy	libX11.so.6	libX11
xdbedizzy	libXext.so.6	libXext
xdbedizzy	libc.so.6	aaa_glibc-solibs
xdbedizzy	libc.so.6	glibc
xdbedizzy	libm.so.6	aaa_glibc-solibs
xdbedizzy	libm.so.6	glibc
xdg-desktop-portal	libc.so.6	aaa_glibc-solibs
xdg-desktop-portal	libc.so.6	glibc
xdg-desktop-portal	libfuse3.so.3	fuse3
xdg-desktop-portal	libgdk_pixbuf-2.0.so.0	gdk-pixbuf2
xdg-desktop-portal	libgio-2.0.so.0	glib2
xdg-desktop-portal	libglib-2.0.so.0	aaa_libraries
xdg-desktop-portal	libglib-2.0.so.0	glib2
xdg-desktop-portal	libgobject-2.0.so.0	aaa_libraries
xdg-desktop-portal	libgobject-2.0.so.0	glib2
xdg-desktop-portal	libgstpbutils-1.0.so.0	gst-plugins-base
xdg-desktop-portal	libgstreamer-1.0.so.0	gstreamer
xdg-desktop-portal	libgudev-1.0.so.0	libgudev
xdg-desktop-portal	libjson-glib-1.0.so.0	json-glib
xdg-desktop-portal	libpipewire-0.3.so.0	pipewire
xdg-desktop-portal-gtk	libc.so.6	aaa_glibc-solibs
xdg-desktop-portal-gtk	libc.so.6	glibc
xdg-desktop-portal-gtk	libfontconfig.so.1	fontconfig
xdg-desktop-portal-gtk	libgdk-3.so.0	gtk+3
xdg-desktop-portal-gtk	libgdk_pixbuf-2.0.so.0	gdk-pixbuf2
xdg-desktop-portal-gtk	libgio-2.0.so.0	glib2
xdg-desktop-portal-gtk	libglib-2.0.so.0	aaa_libraries
xdg-desktop-portal-gtk	libglib-2.0.so.0	glib2
xdg-desktop-portal-gtk	libgobject-2.0.so.0	aaa_libraries
xdg-desktop-portal-gtk	libgobject-2.0.so.0	glib2
xdg-desktop-portal-gtk	libgtk-3.so.0	gtk+3
xdg-desktop-portal-kde	libGLX.so.0	libglvnd
xdg-desktop-portal-kde	libKF6Bookmarks.so.6	kbookmarks
xdg-desktop-portal-kde	libKF6Completion.so.6	kcompletion
xdg-desktop-portal-kde	libKF6ConfigCore.so.6	kconfig
xdg-desktop-portal-kde	libKF6ConfigGui.so.6	kconfig
xdg-desktop-portal-kde	libKF6CoreAddons.so.6	kcoreaddons
xdg-desktop-portal-kde	libKF6Crash.so.6	kcrash
xdg-desktop-portal-kde	libKF6GlobalAccel.so.6	kglobalaccel
xdg-desktop-portal-kde	libKF6I18n.so.6	ki18n
xdg-desktop-portal-kde	libKF6I18nQml.so.6	ki18n
xdg-desktop-portal-kde	libKF6IconThemes.so.6	kiconthemes
xdg-desktop-portal-kde	libKF6ItemViews.so.6	kitemviews
xdg-desktop-portal-kde	libKF6JobWidgets.so.6	kjobwidgets
xdg-desktop-portal-kde	libKF6KIOCore.so.6	kio
xdg-desktop-portal-kde	libKF6KIOFileWidgets.so.6	kio
xdg-desktop-portal-kde	libKF6KIOGui.so.6	kio
xdg-desktop-portal-kde	libKF6KIOWidgets.so.6	kio
xdg-desktop-portal-kde	libKF6Notifications.so.6	knotifications
xdg-desktop-portal-kde	libKF6Service.so.6	kservice
xdg-desktop-portal-kde	libKF6Solid.so.6	solid
xdg-desktop-portal-kde	libKF6StatusNotifierItem.so.6	kstatusnotifieritem
xdg-desktop-portal-kde	libKF6WidgetsAddons.so.6	kwidgetsaddons
xdg-desktop-portal-kde	libKF6WindowSystem.so.6	kwindowsystem
xdg-desktop-portal-kde	libKWaylandClient.so.6	kwayland
xdg-desktop-portal-kde	libOpenGL.so.0	libglvnd
xdg-desktop-portal-kde	libQt6Concurrent.so.6	qt6
xdg-desktop-portal-kde	libQt6Core.so.6	qt6
xdg-desktop-portal-kde	libQt6DBus.so.6	qt6
xdg-desktop-portal-kde	libQt6Gui.so.6	qt6
xdg-desktop-portal-kde	libQt6Network.so.6	qt6
xdg-desktop-portal-kde	libQt6OpenGL.so.6	qt6
xdg-desktop-portal-kde	libQt6PrintSupport.so.6	qt6
xdg-desktop-portal-kde	libQt6Qml.so.6	qt6
xdg-desktop-portal-kde	libQt6Quick.so.6	qt6
xdg-desktop-portal-kde	libQt6QuickWidgets.so.6	qt6
xdg-desktop-portal-kde	libQt6WaylandClient.so.6	qt6
xdg-desktop-portal-kde	libQt6Widgets.so.6	qt6
xdg-desktop-portal-kde	libQt6Xml.so.6	qt6
xdg-desktop-portal-kde	libX11.so.6	libX11
xdg-desktop-portal-kde	libc.so.6	aaa_glibc-solibs
xdg-desktop-portal-kde	libc.so.6	glibc
xdg-desktop-portal-kde	libgcc_s.so.1	aaa_libraries
xdg-desktop-portal-kde	libgcc_s.so.1	gcc
xdg-desktop-portal-kde	libm.so.6	aaa_glibc-solibs
xdg-desktop-portal-kde	libm.so.6	glibc
xdg-desktop-portal-kde	libstdc++.so.6	aaa_libraries
xdg-desktop-portal-kde	libstdc++.so.6	gcc-g++
xdg-desktop-portal-kde	libwayland-client.so.0	wayland
xdg-desktop-portal-kde	libwayland-cursor.so.0	wayland
xdg-desktop-portal-kde	libxkbcommon.so.0	aaa_libraries
xdg-desktop-portal-kde	libxkbcommon.so.0	libxkbcommon
xdg-user-dirs	libc.so.6	aaa_glibc-solibs
xdg-user-dirs	libc.so.6	glibc
xditview	libX11.so.6	libX11
xditview	libXaw.so.7	libXaw
xditview	libXft.so.2	libXft
xditview	libXmu.so.6	libXmu
xditview	libXrender.so.1	libXrender
xditview	libXt.so.6	libXt
xditview	libc.so.6	aaa_glibc-solibs
xditview	libc.so.6	glibc
xditview	libfontconfig.so.1	fontconfig
xditview	libm.so.6	aaa_glibc-solibs
xditview	libm.so.6	glibc
xdm	libX11.so.6	libX11
xdm	libXau.so.6	libXau
xdm	libXaw.so.7	libXaw
xdm	libXdmcp.so.6	libXdmcp
xdm	libXext.so.6	libXext
xdm	libXft.so.2	libXft
xdm	libXinerama.so.1	libXinerama
xdm	libXmu.so.6	libXmu
xdm	libXpm.so.4	libXpm
xdm	libXrender.so.1	libXrender
xdm	libXt.so.6	libXt
xdm	libc.so.6	aaa_glibc-solibs
xdm	libc.so.6	glibc
xdm	libcrypt.so.2	aaa_glibc-solibs
xdm	libcrypt.so.2	glibc
xdm	libpam.so.0	pam
xdpyinfo	libX11-xcb.so.1	libX11
xdpyinfo	libX11.so.6	libX11
xdpyinfo	libXcomposite.so.1	libXcomposite
xdpyinfo	libXext.so.6	libXext
xdpyinfo	libXi.so.6	libXi
xdpyinfo	libXinerama.so.1	libXinerama
xdpyinfo	libXpresent.so.1	libXpresent
xdpyinfo	libXrandr.so.2	libXrandr
xdpyinfo	libXrender.so.1	libXrender
xdpyinfo	libXtst.so.6	libXtst
xdpyinfo	libXxf86dga.so.1	libXxf86dga
xdpyinfo	libXxf86vm.so.1	libXxf86vm
xdpyinfo	libc.so.6	aaa_glibc-solibs
xdpyinfo	libc.so.6	glibc
xdpyinfo	libxcb.so.1	libxcb
xdriinfo	libGL.so.1	libglvnd
xdriinfo	libX11.so.6	libX11
xdriinfo	libc.so.6	aaa_glibc-solibs
xdriinfo	libc.so.6	glibc
xedit	libX11.so.6	libX11
xedit	libXaw.so.7	libXaw
xedit	libXmu.so.6	libXmu
xedit	libXt.so.6	libXt
xedit	libc.so.6	aaa_glibc-solibs
xedit	libc.so.6	glibc
xedit	libm.so.6	aaa_glibc-solibs
xedit	libm.so.6	glibc
xev	libX11.so.6	libX11
xev	libXrandr.so.2	libXrandr
xev	libc.so.6	aaa_glibc-solibs
xev	libc.so.6	glibc
xeyes	libX11-xcb.so.1	libX11
xeyes	libX11.so.6	libX11
xeyes	libXext.so.6	libXext
xeyes	libXi.so.6	libXi
xeyes	libXmu.so.6	libXmu
xeyes	libXrender.so.1	libXrender
xeyes	libXt.so.6	libXt
xeyes	libc.so.6	aaa_glibc-solibs
xeyes	libc.so.6	glibc
xeyes	libm.so.6	aaa_glibc-solibs
xeyes	libm.so.6	glibc
xeyes	libxcb-damage.so.0	libxcb
xeyes	libxcb-present.so.0	libxcb
xeyes	libxcb-xfixes.so.0	libxcb
xeyes	libxcb.so.1	libxcb
xf86-input-evdev	libc.so.6	aaa_glibc-solibs
xf86-input-evdev	libc.so.6	glibc
xf86-input-evdev	libevdev.so.2	libevdev
xf86-input-evdev	libmtdev.so.1	mtdev
xf86-input-evdev	libudev.so.1	aaa_libraries
xf86-input-evdev	libudev.so.1	eudev
xf86-input-libinput	libc.so.6	aaa_glibc-solibs
xf86-input-libinput	libc.so.6	glibc
xf86-input-libinput	libinput.so.10	libinput
xf86-input-libinput	libm.so.6	aaa_glibc-solibs
xf86-input-libinput	libm.so.6	glibc
xf86-input-synaptics	libX11.so.6	libX11
xf86-input-synaptics	libXi.so.6	libXi
xf86-input-synaptics	libXtst.so.6	libXtst
xf86-input-synaptics	libc.so.6	aaa_glibc-solibs
xf86-input-synaptics	libc.so.6	glibc
xf86-input-synaptics	libevdev.so.2	libevdev
xf86-input-synaptics	libm.so.6	aaa_glibc-solibs
xf86-input-synaptics	libm.so.6	glibc
xf86-input-vmmouse	libc.so.6	aaa_glibc-solibs
xf86-input-vmmouse	libc.so.6	glibc
xf86-input-vmmouse	libudev.so.1	aaa_libraries
xf86-input-vmmouse	libudev.so.1	eudev
xf86-input-wacom	libX11.so.6	libX11
xf86-input-wacom	libXext.so.6	libXext
xf86-input-wacom	libXi.so.6	libXi
xf86-input-wacom	libXinerama.so.1	libXinerama
xf86-input-wacom	libXrandr.so.2	libXrandr
xf86-input-wacom	libc.so.6	aaa_glibc-solibs
xf86-input-wacom	libc.so.6	glibc
xf86-input-wacom	libm.so.6	aaa_glibc-solibs
xf86-input-wacom	libm.so.6	glibc
xf86-input-wacom	libudev.so.1	aaa_libraries
xf86-input-wacom	libudev.so.1	eudev
xf86-video-amdgpu	libc.so.6	aaa_glibc-solibs
xf86-video-amdgpu	libc.so.6	glibc
xf86-video-amdgpu	libdrm.so.2	libdrm
xf86-video-amdgpu	libdrm_amdgpu.so.1	libdrm
xf86-video-amdgpu	libgbm.so.1	mesa
xf86-video-amdgpu	libudev.so.1	aaa_libraries
xf86-video-amdgpu	libudev.so.1	eudev
xf86-video-ati	libc.so.6	aaa_glibc-solibs
xf86-video-ati	libc.so.6	glibc
xf86-video-ati	libdrm_radeon.so.1	libdrm
xf86-video-ati	libgbm.so.1	mesa
xf86-video-ati	libpciaccess.so.0	libpciaccess
xf86-video-ati	libudev.so.1	aaa_libraries
xf86-video-ati	libudev.so.1	eudev
xf86-video-cirrus	libc.so.6	aaa_glibc-solibs
xf86-video-cirrus	libc.so.6	glibc
xf86-video-dummy	libc.so.6	aaa_glibc-solibs
xf86-video-dummy	libc.so.6	glibc
xf86-video-intel	libX11-xcb.so.1	libX11
xf86-video-intel	libX11.so.6	libX11
xf86-video-intel	libXcomposite.so.1	libXcomposite
xf86-video-intel	libXcursor.so.1	libXcursor
xf86-video-intel	libXdamage.so.1	libXdamage
xf86-video-intel	libXext.so.6	libXext
xf86-video-intel	libXfixes.so.3	libXfixes
xf86-video-intel	libXinerama.so.1	libXinerama
xf86-video-intel	libXrandr.so.2	libXrandr
xf86-video-intel	libXrender.so.1	libXrender
xf86-video-intel	libXss.so.1	libXScrnSaver
xf86-video-intel	libXtst.so.6	libXtst
xf86-video-intel	libXvMC.so.1	libXvMC
xf86-video-intel	libXxf86vm.so.1	libXxf86vm
xf86-video-intel	libc.so.6	aaa_glibc-solibs
xf86-video-intel	libc.so.6	glibc
xf86-video-intel	libdrm.so.2	libdrm
xf86-video-intel	libdrm_intel.so.1	libdrm
xf86-video-intel	libm.so.6	aaa_glibc-solibs
xf86-video-intel	libm.so.6	glibc
xf86-video-intel	libpciaccess.so.0	libpciaccess
xf86-video-intel	libpixman-1.so.0	pixman
xf86-video-intel	libudev.so.1	aaa_libraries
xf86-video-intel	libudev.so.1	eudev
xf86-video-intel	libxcb-dri2.so.0	libxcb
xf86-video-intel	libxcb-dri3.so.0	libxcb
xf86-video-intel	libxcb-present.so.0	libxcb
xf86-video-intel	libxcb-sync.so.1	libxcb
xf86-video-intel	libxcb-util.so.1	xcb-util
xf86-video-intel	libxcb-xfixes.so.0	libxcb
xf86-video-intel	libxcb.so.1	libxcb
xf86-video-intel	libxshmfence.so.1	libxshmfence
xf86-video-mach64	libc.so.6	aaa_glibc-solibs
xf86-video-mach64	libc.so.6	glibc
xf86-video-mga	libc.so.6	aaa_glibc-solibs
xf86-video-mga	libc.so.6	glibc
xf86-video-neomagic	libc.so.6	aaa_glibc-solibs
xf86-video-neomagic	libc.so.6	glibc
xf86-video-nouveau	libc.so.6	aaa_glibc-solibs
xf86-video-nouveau	libc.so.6	glibc
xf86-video-nouveau	libdrm.so.2	libdrm
xf86-video-nouveau	libdrm_nouveau.so.2	libdrm
xf86-video-nouveau	libudev.so.1	aaa_libraries
xf86-video-nouveau	libudev.so.1	eudev
xf86-video-openchrome	libX11.so.6	libX11
xf86-video-openchrome	libXext.so.6	libXext
xf86-video-openchrome	libXvMC.so.1	libXvMC
xf86-video-openchrome	libc.so.6	aaa_glibc-solibs
xf86-video-openchrome	libc.so.6	glibc
xf86-video-openchrome	libdrm.so.2	libdrm
xf86-video-openchrome	libudev.so.1	aaa_libraries
xf86-video-openchrome	libudev.so.1	eudev
xf86-video-r128	libc.so.6	aaa_glibc-solibs
xf86-video-r128	libc.so.6	glibc
xf86-video-s3virge	libc.so.6	aaa_glibc-solibs
xf86-video-s3virge	libc.so.6	glibc
xf86-video-savage	libc.so.6	aaa_glibc-solibs
xf86-video-savage	libc.so.6	glibc
xf86-video-trident	libc.so.6	aaa_glibc-solibs
xf86-video-trident	libc.so.6	glibc
xf86-video-trident	libm.so.6	aaa_glibc-solibs
xf86-video-trident	libm.so.6	glibc
xf86-video-vesa	libc.so.6	aaa_glibc-solibs
xf86-video-vesa	libc.so.6	glibc
xf86dga	libX11.so.6	libX11
xf86dga	libXxf86dga.so.1	libXxf86dga
xf86dga	libc.so.6	aaa_glibc-solibs
xf86dga	libc.so.6	glibc
xfce4-appfinder	libc.so.6	aaa_glibc-solibs
xfce4-appfinder	libc.so.6	glibc
xfce4-appfinder	libcairo-gobject.so.2	cairo
xfce4-appfinder	libcairo.so.2	cairo
xfce4-appfinder	libgarcon-1.so.0	garcon
xfce4-appfinder	libgdk-3.so.0	gtk+3
xfce4-appfinder	libgdk_pixbuf-2.0.so.0	gdk-pixbuf2
xfce4-appfinder	libgio-2.0.so.0	glib2
xfce4-appfinder	libglib-2.0.so.0	aaa_libraries
xfce4-appfinder	libglib-2.0.so.0	glib2
xfce4-appfinder	libgobject-2.0.so.0	aaa_libraries
xfce4-appfinder	libgobject-2.0.so.0	glib2
xfce4-appfinder	libgtk-3.so.0	gtk+3
xfce4-appfinder	libxfce4ui-2.so.0	libxfce4ui
xfce4-appfinder	libxfce4util.so.7	libxfce4util
xfce4-appfinder	libxfconf-0.so.3	xfconf
xfce4-clipman-plugin	libX11.so.6	libX11
xfce4-clipman-plugin	libXtst.so.6	libXtst
xfce4-clipman-plugin	libatk-1.0.so.0	at-spi2-core
xfce4-clipman-plugin	libc.so.6	aaa_glibc-solibs
xfce4-clipman-plugin	libc.so.6	glibc
xfce4-clipman-plugin	libcairo-gobject.so.2	cairo
xfce4-clipman-plugin	libcairo.so.2	cairo
xfce4-clipman-plugin	libgdk-3.so.0	gtk+3
xfce4-clipman-plugin	libgdk_pixbuf-2.0.so.0	gdk-pixbuf2
xfce4-clipman-plugin	libgio-2.0.so.0	glib2
xfce4-clipman-plugin	libglib-2.0.so.0	aaa_libraries
xfce4-clipman-plugin	libglib-2.0.so.0	glib2
xfce4-clipman-plugin	libgmodule-2.0.so.0	aaa_libraries
xfce4-clipman-plugin	libgmodule-2.0.so.0	glib2
xfce4-clipman-plugin	libgobject-2.0.so.0	aaa_libraries
xfce4-clipman-plugin	libgobject-2.0.so.0	glib2
xfce4-clipman-plugin	libgtk-3.so.0	gtk+3
xfce4-clipman-plugin	libharfbuzz.so.0	harfbuzz
xfce4-clipman-plugin	libm.so.6	aaa_glibc-solibs
xfce4-clipman-plugin	libm.so.6	glibc
xfce4-clipman-plugin	libpango-1.0.so.0	pango
xfce4-clipman-plugin	libpangocairo-1.0.so.0	pango
xfce4-clipman-plugin	libqrencode.so.4	qrencode
xfce4-clipman-plugin	libwayland-client.so.0	wayland
xfce4-clipman-plugin	libxfce4panel-2.0.so.4	xfce4-panel
xfce4-clipman-plugin	libxfce4ui-2.so.0	libxfce4ui
xfce4-clipman-plugin	libxfce4util.so.7	libxfce4util
xfce4-clipman-plugin	libxfconf-0.so.3	xfconf
xfce4-clipman-plugin	libz.so.1	aaa_libraries
xfce4-clipman-plugin	libz.so.1	zlib
xfce4-dev-tools	libc.so.6	aaa_glibc-solibs
xfce4-dev-tools	libc.so.6	glibc
xfce4-dev-tools	libglib-2.0.so.0	aaa_libraries
xfce4-dev-tools	libglib-2.0.so.0	glib2
xfce4-notifyd	libX11.so.6	libX11
xfce4-notifyd	libatk-1.0.so.0	at-spi2-core
xfce4-notifyd	libc.so.6	aaa_glibc-solibs
xfce4-notifyd	libc.so.6	glibc
xfce4-notifyd	libcairo-gobject.so.2	cairo
xfce4-notifyd	libcairo.so.2	cairo
xfce4-notifyd	libcanberra-gtk3.so.0	libcanberra
xfce4-notifyd	libcanberra.so.0	libcanberra
xfce4-notifyd	libgdk-3.so.0	gtk+3
xfce4-notifyd	libgdk_pixbuf-2.0.so.0	gdk-pixbuf2
xfce4-notifyd	libgio-2.0.so.0	glib2
xfce4-notifyd	libglib-2.0.so.0	aaa_libraries
xfce4-notifyd	libglib-2.0.so.0	glib2
xfce4-notifyd	libgmodule-2.0.so.0	aaa_libraries
xfce4-notifyd	libgmodule-2.0.so.0	glib2
xfce4-notifyd	libgobject-2.0.so.0	aaa_libraries
xfce4-notifyd	libgobject-2.0.so.0	glib2
xfce4-notifyd	libgtk-3.so.0	gtk+3
xfce4-notifyd	libgtk-layer-shell.so.0	gtk-layer-shell
xfce4-notifyd	libharfbuzz.so.0	harfbuzz
xfce4-notifyd	libnotify.so.4	libnotify
xfce4-notifyd	libpango-1.0.so.0	pango
xfce4-notifyd	libpangocairo-1.0.so.0	pango
xfce4-notifyd	libsqlite3.so.0	sqlite
xfce4-notifyd	libxfce4panel-2.0.so.4	xfce4-panel
xfce4-notifyd	libxfce4ui-2.so.0	libxfce4ui
xfce4-notifyd	libxfce4util.so.7	libxfce4util
xfce4-notifyd	libxfconf-0.so.3	xfconf
xfce4-notifyd	libz.so.1	aaa_libraries
xfce4-notifyd	libz.so.1	zlib
xfce4-panel	libX11.so.6	libX11
xfce4-panel	libXext.so.6	libXext
xfce4-panel	libatk-1.0.so.0	at-spi2-core
xfce4-panel	libc.so.6	aaa_glibc-solibs
xfce4-panel	libc.so.6	glibc
xfce4-panel	libcairo.so.2	cairo
xfce4-panel	libdbusmenu-gtk3.so.4	libdbusmenu
xfce4-panel	libexo-2.so.0	exo
xfce4-panel	libgarcon-1.so.0	garcon
xfce4-panel	libgarcon-gtk3-1.so.0	garcon
xfce4-panel	libgdk-3.so.0	gtk+3
xfce4-panel	libgdk_pixbuf-2.0.so.0	gdk-pixbuf2
xfce4-panel	libgio-2.0.so.0	glib2
xfce4-panel	libglib-2.0.so.0	aaa_libraries
xfce4-panel	libglib-2.0.so.0	glib2
xfce4-panel	libgmodule-2.0.so.0	aaa_libraries
xfce4-panel	libgmodule-2.0.so.0	glib2
xfce4-panel	libgobject-2.0.so.0	aaa_libraries
xfce4-panel	libgobject-2.0.so.0	glib2
xfce4-panel	libgtk-3.so.0	gtk+3
xfce4-panel	libgtk-layer-shell.so.0	gtk-layer-shell
xfce4-panel	libm.so.6	aaa_glibc-solibs
xfce4-panel	libm.so.6	glibc
xfce4-panel	libpango-1.0.so.0	pango
xfce4-panel	libpangocairo-1.0.so.0	pango
xfce4-panel	libwayland-client.so.0	wayland
xfce4-panel	libwnck-3.so.0	libwnck3
xfce4-panel	libxfce4ui-2.so.0	libxfce4ui
xfce4-panel	libxfce4util.so.7	libxfce4util
xfce4-panel	libxfce4windowing-0.so.0	libxfce4windowing
xfce4-panel	libxfce4windowingui-0.so.0	libxfce4windowing
xfce4-panel	libxfconf-0.so.3	xfconf
xfce4-power-manager	libX11.so.6	libX11
xfce4-power-manager	libXext.so.6	libXext
xfce4-power-manager	libXrandr.so.2	libXrandr
xfce4-power-manager	libatk-1.0.so.0	at-spi2-core
xfce4-power-manager	libc.so.6	aaa_glibc-solibs
xfce4-power-manager	libc.so.6	glibc
xfce4-power-manager	libcairo-gobject.so.2	cairo
xfce4-power-manager	libcairo.so.2	cairo
xfce4-power-manager	libgdk-3.so.0	gtk+3
xfce4-power-manager	libgdk_pixbuf-2.0.so.0	gdk-pixbuf2
xfce4-power-manager	libgio-2.0.so.0	glib2
xfce4-power-manager	libglib-2.0.so.0	aaa_libraries
xfce4-power-manager	libglib-2.0.so.0	glib2
xfce4-power-manager	libgmodule-2.0.so.0	aaa_libraries
xfce4-power-manager	libgmodule-2.0.so.0	glib2
xfce4-power-manager	libgobject-2.0.so.0	aaa_libraries
xfce4-power-manager	libgobject-2.0.so.0	glib2
xfce4-power-manager	libgthread-2.0.so.0	aaa_libraries
xfce4-power-manager	libgthread-2.0.so.0	glib2
xfce4-power-manager	libgtk-3.so.0	gtk+3
xfce4-power-manager	libharfbuzz.so.0	harfbuzz
xfce4-power-manager	libm.so.6	aaa_glibc-solibs
xfce4-power-manager	libm.so.6	glibc
xfce4-power-manager	libnotify.so.4	libnotify
xfce4-power-manager	libpango-1.0.so.0	pango
xfce4-power-manager	libpangocairo-1.0.so.0	pango
xfce4-power-manager	libpolkit-gobject-1.so.0	polkit
xfce4-power-manager	libupower-glib.so.3	upower
xfce4-power-manager	libwayland-client.so.0	wayland
xfce4-power-manager	libxfce4panel-2.0.so.4	xfce4-panel
xfce4-power-manager	libxfce4ui-2.so.0	libxfce4ui
xfce4-power-manager	libxfce4util.so.7	libxfce4util
xfce4-power-manager	libxfconf-0.so.3	xfconf
xfce4-power-manager	libz.so.1	aaa_libraries
xfce4-power-manager	libz.so.1	zlib
xfce4-pulseaudio-plugin	libatk-1.0.so.0	at-spi2-core
xfce4-pulseaudio-plugin	libc.so.6	aaa_glibc-solibs
xfce4-pulseaudio-plugin	libc.so.6	glibc
xfce4-pulseaudio-plugin	libcairo-gobject.so.2	cairo
xfce4-pulseaudio-plugin	libcairo.so.2	cairo
xfce4-pulseaudio-plugin	libcanberra.so.0	libcanberra
xfce4-pulseaudio-plugin	libexo-2.so.0	exo
xfce4-pulseaudio-plugin	libgdk-3.so.0	gtk+3
xfce4-pulseaudio-plugin	libgdk_pixbuf-2.0.so.0	gdk-pixbuf2
xfce4-pulseaudio-plugin	libgio-2.0.so.0	glib2
xfce4-pulseaudio-plugin	libglib-2.0.so.0	aaa_libraries
xfce4-pulseaudio-plugin	libglib-2.0.so.0	glib2
xfce4-pulseaudio-plugin	libgmodule-2.0.so.0	aaa_libraries
xfce4-pulseaudio-plugin	libgmodule-2.0.so.0	glib2
xfce4-pulseaudio-plugin	libgobject-2.0.so.0	aaa_libraries
xfce4-pulseaudio-plugin	libgobject-2.0.so.0	glib2
xfce4-pulseaudio-plugin	libgtk-3.so.0	gtk+3
xfce4-pulseaudio-plugin	libharfbuzz.so.0	harfbuzz
xfce4-pulseaudio-plugin	libkeybinder-3.0.so.0	keybinder3
xfce4-pulseaudio-plugin	libm.so.6	aaa_glibc-solibs
xfce4-pulseaudio-plugin	libm.so.6	glibc
xfce4-pulseaudio-plugin	libnotify.so.4	libnotify
xfce4-pulseaudio-plugin	libpango-1.0.so.0	pango
xfce4-pulseaudio-plugin	libpangocairo-1.0.so.0	pango
xfce4-pulseaudio-plugin	libpulse-mainloop-glib.so.0	pulseaudio
xfce4-pulseaudio-plugin	libpulse.so.0	pulseaudio
xfce4-pulseaudio-plugin	libxfce4panel-2.0.so.4	xfce4-panel
xfce4-pulseaudio-plugin	libxfce4ui-2.so.0	libxfce4ui
xfce4-pulseaudio-plugin	libxfce4util.so.7	libxfce4util
xfce4-pulseaudio-plugin	libxfce4windowing-0.so.0	libxfce4windowing
xfce4-pulseaudio-plugin	libxfconf-0.so.3	xfconf
xfce4-pulseaudio-plugin	libz.so.1	aaa_libraries
xfce4-pulseaudio-plugin	libz.so.1	zlib
xfce4-screensaver	libX11.so.6	libX11
xfce4-screensaver	libXext.so.6	libXext
xfce4-screensaver	libXss.so.1	libXScrnSaver
xfce4-screensaver	libc.so.6	aaa_glibc-solibs
xfce4-screensaver	libc.so.6	glibc
xfce4-screensaver	libcairo.so.2	cairo
xfce4-screensaver	libdbus-1.so.3	dbus
xfce4-screensaver	libdbus-glib-1.so.2	dbus-glib
xfce4-screensaver	libelogind.so.0	elogind
xfce4-screensaver	libgarcon-1.so.0	garcon
xfce4-screensaver	libgdk-3.so.0	gtk+3
xfce4-screensaver	libgdk_pixbuf-2.0.so.0	gdk-pixbuf2
xfce4-screensaver	libgio-2.0.so.0	glib2
xfce4-screensaver	libglib-2.0.so.0	aaa_libraries
xfce4-screensaver	libglib-2.0.so.0	glib2
xfce4-screensaver	libgobject-2.0.so.0	aaa_libraries
xfce4-screensaver	libgobject-2.0.so.0	glib2
xfce4-screensaver	libgtk-3.so.0	gtk+3
xfce4-screensaver	libm.so.6	aaa_glibc-solibs
xfce4-screensaver	libm.so.6	glibc
xfce4-screensaver	libpam.so.0	pam
xfce4-screensaver	libpango-1.0.so.0	pango
xfce4-screensaver	libwnck-3.so.0	libwnck3
xfce4-screensaver	libxfce4ui-2.so.0	libxfce4ui
xfce4-screensaver	libxfce4util.so.7	libxfce4util
xfce4-screensaver	libxfconf-0.so.3	xfconf
xfce4-screensaver	libxklavier.so.16	libxklavier
xfce4-screenshooter	libX11.so.6	libX11
xfce4-screenshooter	libXext.so.6	libXext
xfce4-screenshooter	libXfixes.so.3	libXfixes
xfce4-screenshooter	libc.so.6	aaa_glibc-solibs
xfce4-screenshooter	libc.so.6	glibc
xfce4-screenshooter	libcairo.so.2	cairo
xfce4-screenshooter	libexo-2.so.0	exo
xfce4-screenshooter	libgdk-3.so.0	gtk+3
xfce4-screenshooter	libgdk_pixbuf-2.0.so.0	gdk-pixbuf2
xfce4-screenshooter	libgio-2.0.so.0	glib2
xfce4-screenshooter	libglib-2.0.so.0	aaa_libraries
xfce4-screenshooter	libglib-2.0.so.0	glib2
xfce4-screenshooter	libgobject-2.0.so.0	aaa_libraries
xfce4-screenshooter	libgobject-2.0.so.0	glib2
xfce4-screenshooter	libgtk-3.so.0	gtk+3
xfce4-screenshooter	libgtk-layer-shell.so.0	gtk-layer-shell
xfce4-screenshooter	libpango-1.0.so.0	pango
xfce4-screenshooter	libpangocairo-1.0.so.0	pango
xfce4-screenshooter	libwayland-client.so.0	wayland
xfce4-screenshooter	libxfce4panel-2.0.so.4	xfce4-panel
xfce4-screenshooter	libxfce4ui-2.so.0	libxfce4ui
xfce4-screenshooter	libxfce4util.so.7	libxfce4util
xfce4-screenshooter	libxfconf-0.so.3	xfconf
xfce4-session	libICE.so.6	libICE
xfce4-session	libSM.so.6	libSM
xfce4-session	libX11.so.6	libX11
xfce4-session	libatk-1.0.so.0	at-spi2-core
xfce4-session	libc.so.6	aaa_glibc-solibs
xfce4-session	libc.so.6	glibc
xfce4-session	libcairo-gobject.so.2	cairo
xfce4-session	libcairo.so.2	cairo
xfce4-session	libgdk-3.so.0	gtk+3
xfce4-session	libgdk_pixbuf-2.0.so.0	gdk-pixbuf2
xfce4-session	libgio-2.0.so.0	glib2
xfce4-session	libglib-2.0.so.0	aaa_libraries
xfce4-session	libglib-2.0.so.0	glib2
xfce4-session	libgobject-2.0.so.0	aaa_libraries
xfce4-session	libgobject-2.0.so.0	glib2
xfce4-session	libgtk-3.so.0	gtk+3
xfce4-session	libgtk-layer-shell.so.0	gtk-layer-shell
xfce4-session	libharfbuzz.so.0	harfbuzz
xfce4-session	libpango-1.0.so.0	pango
xfce4-session	libpangocairo-1.0.so.0	pango
xfce4-session	libpolkit-gobject-1.so.0	polkit
xfce4-session	libwnck-3.so.0	libwnck3
xfce4-session	libxfce4ui-2.so.0	libxfce4ui
xfce4-session	libxfce4util.so.7	libxfce4util
xfce4-session	libxfce4windowing-0.so.0	libxfce4windowing
xfce4-session	libxfconf-0.so.3	xfconf
xfce4-session	libz.so.1	aaa_libraries
xfce4-session	libz.so.1	zlib
xfce4-settings	libX11.so.6	libX11
xfce4-settings	libXcursor.so.1	libXcursor
xfce4-settings	libXext.so.6	libXext
xfce4-settings	libXi.so.6	libXi
xfce4-settings	libXrandr.so.2	libXrandr
xfce4-settings	libatk-1.0.so.0	at-spi2-core
xfce4-settings	libc.so.6	aaa_glibc-solibs
xfce4-settings	libc.so.6	glibc
xfce4-settings	libcairo-gobject.so.2	cairo
xfce4-settings	libcairo.so.2	cairo
xfce4-settings	libcolord.so.2	colord
xfce4-settings	libexo-2.so.0	exo
xfce4-settings	libfontconfig.so.1	fontconfig
xfce4-settings	libgarcon-1.so.0	garcon
xfce4-settings	libgdk-3.so.0	gtk+3
xfce4-settings	libgdk_pixbuf-2.0.so.0	gdk-pixbuf2
xfce4-settings	libgio-2.0.so.0	glib2
xfce4-settings	libglib-2.0.so.0	aaa_libraries
xfce4-settings	libglib-2.0.so.0	glib2
xfce4-settings	libgmodule-2.0.so.0	aaa_libraries
xfce4-settings	libgmodule-2.0.so.0	glib2
xfce4-settings	libgobject-2.0.so.0	aaa_libraries
xfce4-settings	libgobject-2.0.so.0	glib2
xfce4-settings	libgtk-3.so.0	gtk+3
xfce4-settings	libgtk-layer-shell.so.0	gtk-layer-shell
xfce4-settings	libm.so.6	aaa_glibc-solibs
xfce4-settings	libm.so.6	glibc
xfce4-settings	libnotify.so.4	libnotify
xfce4-settings	libpango-1.0.so.0	pango
xfce4-settings	libpangocairo-1.0.so.0	pango
xfce4-settings	libwayland-client.so.0	wayland
xfce4-settings	libxfce4kbd-private-3.so.0	libxfce4ui
xfce4-settings	libxfce4ui-2.so.0	libxfce4ui
xfce4-settings	libxfce4util.so.7	libxfce4util
xfce4-settings	libxfconf-0.so.3	xfconf
xfce4-settings	libxklavier.so.16	libxklavier
xfce4-systemload-plugin	libatk-1.0.so.0	at-spi2-core
xfce4-systemload-plugin	libc.so.6	aaa_glibc-solibs
xfce4-systemload-plugin	libc.so.6	glibc
xfce4-systemload-plugin	libcairo-gobject.so.2	cairo
xfce4-systemload-plugin	libcairo.so.2	cairo
xfce4-systemload-plugin	libgcc_s.so.1	aaa_libraries
xfce4-systemload-plugin	libgcc_s.so.1	gcc
xfce4-systemload-plugin	libgdk-3.so.0	gtk+3
xfce4-systemload-plugin	libgdk_pixbuf-2.0.so.0	gdk-pixbuf2
xfce4-systemload-plugin	libgio-2.0.so.0	glib2
xfce4-systemload-plugin	libglib-2.0.so.0	aaa_libraries
xfce4-systemload-plugin	libglib-2.0.so.0	glib2
xfce4-systemload-plugin	libgmodule-2.0.so.0	aaa_libraries
xfce4-systemload-plugin	libgmodule-2.0.so.0	glib2
xfce4-systemload-plugin	libgobject-2.0.so.0	aaa_libraries
xfce4-systemload-plugin	libgobject-2.0.so.0	glib2
xfce4-systemload-plugin	libgtk-3.so.0	gtk+3
xfce4-systemload-plugin	libgtop-2.0.so.11	libgtop
xfce4-systemload-plugin	libharfbuzz.so.0	harfbuzz
xfce4-systemload-plugin	libm.so.6	aaa_glibc-solibs
xfce4-systemload-plugin	libm.so.6	glibc
xfce4-systemload-plugin	libpango-1.0.so.0	pango
xfce4-systemload-plugin	libpangocairo-1.0.so.0	pango
xfce4-systemload-plugin	libpolkit-gobject-1.so.0	polkit
xfce4-systemload-plugin	libstdc++.so.6	aaa_libraries
xfce4-systemload-plugin	libstdc++.so.6	gcc-g++
xfce4-systemload-plugin	libupower-glib.so.3	upower
xfce4-systemload-plugin	libxfce4panel-2.0.so.4	xfce4-panel
xfce4-systemload-plugin	libxfce4ui-2.so.0	libxfce4ui
xfce4-systemload-plugin	libxfce4util.so.7	libxfce4util
xfce4-systemload-plugin	libxfconf-0.so.3	xfconf
xfce4-systemload-plugin	libz.so.1	aaa_libraries
xfce4-systemload-plugin	libz.so.1	zlib
xfce4-taskmanager	libX11.so.6	libX11
xfce4-taskmanager	libXmu.so.6	libXmu
xfce4-taskmanager	libXt.so.6	libXt
xfce4-taskmanager	libatk-1.0.so.0	at-spi2-core
xfce4-taskmanager	libc.so.6	aaa_glibc-solibs
xfce4-taskmanager	libc.so.6	glibc
xfce4-taskmanager	libcairo-gobject.so.2	cairo
xfce4-taskmanager	libcairo.so.2	cairo
xfce4-taskmanager	libgdk-3.so.0	gtk+3
xfce4-taskmanager	libgdk_pixbuf-2.0.so.0	gdk-pixbuf2
xfce4-taskmanager	libgio-2.0.so.0	glib2
xfce4-taskmanager	libglib-2.0.so.0	aaa_libraries
xfce4-taskmanager	libglib-2.0.so.0	glib2
xfce4-taskmanager	libgobject-2.0.so.0	aaa_libraries
xfce4-taskmanager	libgobject-2.0.so.0	glib2
xfce4-taskmanager	libgtk-3.so.0	gtk+3
xfce4-taskmanager	libharfbuzz.so.0	harfbuzz
xfce4-taskmanager	libpango-1.0.so.0	pango
xfce4-taskmanager	libpangocairo-1.0.so.0	pango
xfce4-taskmanager	libwnck-3.so.0	libwnck3
xfce4-taskmanager	libxfce4ui-2.so.0	libxfce4ui
xfce4-taskmanager	libxfce4util.so.7	libxfce4util
xfce4-taskmanager	libxfconf-0.so.3	xfconf
xfce4-taskmanager	libz.so.1	aaa_libraries
xfce4-taskmanager	libz.so.1	zlib
xfce4-terminal	libX11.so.6	libX11
xfce4-terminal	libatk-1.0.so.0	at-spi2-core
xfce4-terminal	libc.so.6	aaa_glibc-solibs
xfce4-terminal	libc.so.6	glibc
xfce4-terminal	libcairo.so.2	cairo
xfce4-terminal	libgdk-3.so.0	gtk+3
xfce4-terminal	libgdk_pixbuf-2.0.so.0	gdk-pixbuf2
xfce4-terminal	libgio-2.0.so.0	glib2
xfce4-terminal	libglib-2.0.so.0	aaa_libraries
xfce4-terminal	libglib-2.0.so.0	glib2
xfce4-terminal	libgobject-2.0.so.0	aaa_libraries
xfce4-terminal	libgobject-2.0.so.0	glib2
xfce4-terminal	libgtk-3.so.0	gtk+3
xfce4-terminal	libgtk-layer-shell.so.0	gtk-layer-shell
xfce4-terminal	libpango-1.0.so.0	pango
xfce4-terminal	libpcre2-8.so.0	aaa_libraries
xfce4-terminal	libpcre2-8.so.0	pcre2
xfce4-terminal	libutempter.so.0	utempter
xfce4-terminal	libvte-2.91.so.0	vte
xfce4-terminal	libxfce4kbd-private-3.so.0	libxfce4ui
xfce4-terminal	libxfce4ui-2.so.0	libxfce4ui
xfce4-terminal	libxfce4util.so.7	libxfce4util
xfce4-terminal	libxfconf-0.so.3	xfconf
xfce4-weather-plugin	libatk-1.0.so.0	at-spi2-core
xfce4-weather-plugin	libc.so.6	aaa_glibc-solibs
xfce4-weather-plugin	libc.so.6	glibc
xfce4-weather-plugin	libcairo-gobject.so.2	cairo
xfce4-weather-plugin	libcairo.so.2	cairo
xfce4-weather-plugin	libgdk-3.so.0	gtk+3
xfce4-weather-plugin	libgdk_pixbuf-2.0.so.0	gdk-pixbuf2
xfce4-weather-plugin	libgio-2.0.so.0	glib2
xfce4-weather-plugin	libglib-2.0.so.0	aaa_libraries
xfce4-weather-plugin	libglib-2.0.so.0	glib2
xfce4-weather-plugin	libgmodule-2.0.so.0	aaa_libraries
xfce4-weather-plugin	libgmodule-2.0.so.0	glib2
xfce4-weather-plugin	libgobject-2.0.so.0	aaa_libraries
xfce4-weather-plugin	libgobject-2.0.so.0	glib2
xfce4-weather-plugin	libgtk-3.so.0	gtk+3
xfce4-weather-plugin	libharfbuzz.so.0	harfbuzz
xfce4-weather-plugin	libjson-c.so.5	aaa_libraries
xfce4-weather-plugin	libjson-c.so.5	json-c
xfce4-weather-plugin	libm.so.6	aaa_glibc-solibs
xfce4-weather-plugin	libm.so.6	glibc
xfce4-weather-plugin	libpango-1.0.so.0	pango
xfce4-weather-plugin	libpangocairo-1.0.so.0	pango
xfce4-weather-plugin	libpolkit-gobject-1.so.0	polkit
xfce4-weather-plugin	libsoup-3.0.so.0	libsoup3
xfce4-weather-plugin	libupower-glib.so.3	upower
xfce4-weather-plugin	libxfce4panel-2.0.so.4	xfce4-panel
xfce4-weather-plugin	libxfce4ui-2.so.0	libxfce4ui
xfce4-weather-plugin	libxfce4util.so.7	libxfce4util
xfce4-weather-plugin	libxfconf-0.so.3	xfconf
xfce4-weather-plugin	libxml2.so.16	libxml2
xfce4-weather-plugin	libz.so.1	aaa_libraries
xfce4-weather-plugin	libz.so.1	zlib
xfce4-whiskermenu-plugin	libaccountsservice.so.1	accountsservice
xfce4-whiskermenu-plugin	libc.so.6	aaa_glibc-solibs
xfce4-whiskermenu-plugin	libc.so.6	glibc
xfce4-whiskermenu-plugin	libcairo.so.2	cairo
xfce4-whiskermenu-plugin	libexo-2.so.0	exo
xfce4-whiskermenu-plugin	libgarcon-1.so.0	garcon
xfce4-whiskermenu-plugin	libgcc_s.so.1	aaa_libraries
xfce4-whiskermenu-plugin	libgcc_s.so.1	gcc
xfce4-whiskermenu-plugin	libgdk-3.so.0	gtk+3
xfce4-whiskermenu-plugin	libgdk_pixbuf-2.0.so.0	gdk-pixbuf2
xfce4-whiskermenu-plugin	libgio-2.0.so.0	glib2
xfce4-whiskermenu-plugin	libglib-2.0.so.0	aaa_libraries
xfce4-whiskermenu-plugin	libglib-2.0.so.0	glib2
xfce4-whiskermenu-plugin	libgobject-2.0.so.0	aaa_libraries
xfce4-whiskermenu-plugin	libgobject-2.0.so.0	glib2
xfce4-whiskermenu-plugin	libgtk-3.so.0	gtk+3
xfce4-whiskermenu-plugin	libgtk-layer-shell.so.0	gtk-layer-shell
xfce4-whiskermenu-plugin	libm.so.6	aaa_glibc-solibs
xfce4-whiskermenu-plugin	libm.so.6	glibc
xfce4-whiskermenu-plugin	libstdc++.so.6	aaa_libraries
xfce4-whiskermenu-plugin	libstdc++.so.6	gcc-g++
xfce4-whiskermenu-plugin	libxfce4panel-2.0.so.4	xfce4-panel
xfce4-whiskermenu-plugin	libxfce4ui-2.so.0	libxfce4ui
xfce4-whiskermenu-plugin	libxfce4util.so.7	libxfce4util
xfce4-whiskermenu-plugin	libxfconf-0.so.3	xfconf
xfce4-xkb-plugin	libX11.so.6	libX11
xfce4-xkb-plugin	libatk-1.0.so.0	at-spi2-core
xfce4-xkb-plugin	libc.so.6	aaa_glibc-solibs
xfce4-xkb-plugin	libc.so.6	glibc
xfce4-xkb-plugin	libcairo-gobject.so.2	cairo
xfce4-xkb-plugin	libcairo.so.2	cairo
xfce4-xkb-plugin	libgarcon-1.so.0	garcon
xfce4-xkb-plugin	libgdk-3.so.0	gtk+3
xfce4-xkb-plugin	libgdk_pixbuf-2.0.so.0	gdk-pixbuf2
xfce4-xkb-plugin	libgio-2.0.so.0	glib2
xfce4-xkb-plugin	libglib-2.0.so.0	aaa_libraries
xfce4-xkb-plugin	libglib-2.0.so.0	glib2
xfce4-xkb-plugin	libgmodule-2.0.so.0	aaa_libraries
xfce4-xkb-plugin	libgmodule-2.0.so.0	glib2
xfce4-xkb-plugin	libgobject-2.0.so.0	aaa_libraries
xfce4-xkb-plugin	libgobject-2.0.so.0	glib2
xfce4-xkb-plugin	libgthread-2.0.so.0	aaa_libraries
xfce4-xkb-plugin	libgthread-2.0.so.0	glib2
xfce4-xkb-plugin	libgtk-3.so.0	gtk+3
xfce4-xkb-plugin	libharfbuzz.so.0	harfbuzz
xfce4-xkb-plugin	libnotify.so.4	libnotify
xfce4-xkb-plugin	libpango-1.0.so.0	pango
xfce4-xkb-plugin	libpangocairo-1.0.so.0	pango
xfce4-xkb-plugin	librsvg-2.so.2	librsvg
xfce4-xkb-plugin	libwnck-3.so.0	libwnck3
xfce4-xkb-plugin	libxfce4panel-2.0.so.4	xfce4-panel
xfce4-xkb-plugin	libxfce4ui-2.so.0	libxfce4ui
xfce4-xkb-plugin	libxfce4util.so.7	libxfce4util
xfce4-xkb-plugin	libxfconf-0.so.3	xfconf
xfce4-xkb-plugin	libxklavier.so.16	libxklavier
xfce4-xkb-plugin	libz.so.1	aaa_libraries
xfce4-xkb-plugin	libz.so.1	zlib
xfconf	libc.so.6	aaa_glibc-solibs
xfconf	libc.so.6	glibc
xfconf	libgio-2.0.so.0	glib2
xfconf	libglib-2.0.so.0	aaa_libraries
xfconf	libglib-2.0.so.0	glib2
xfconf	libgobject-2.0.so.0	aaa_libraries
xfconf	libgobject-2.0.so.0	glib2
xfconf	libgthread-2.0.so.0	aaa_libraries
xfconf	libgthread-2.0.so.0	glib2
xfconf	libxfce4util.so.7	libxfce4util
xfd	libX11.so.6	libX11
xfd	libXaw.so.7	libXaw
xfd	libXft.so.2	libXft
xfd	libXmu.so.6	libXmu
xfd	libXrender.so.1	libXrender
xfd	libXt.so.6	libXt
xfd	libc.so.6	aaa_glibc-solibs
xfd	libc.so.6	glibc
xfd	libfontconfig.so.1	fontconfig
xfd	libxkbfile.so.1	libxkbfile
xfdesktop	libX11.so.6	libX11
xfdesktop	libatk-1.0.so.0	at-spi2-core
xfdesktop	libc.so.6	aaa_glibc-solibs
xfdesktop	libc.so.6	glibc
xfdesktop	libcairo-gobject.so.2	cairo
xfdesktop	libcairo.so.2	cairo
xfdesktop	libexo-2.so.0	exo
xfdesktop	libgarcon-1.so.0	garcon
xfdesktop	libgarcon-gtk3-1.so.0	garcon
xfdesktop	libgdk-3.so.0	gtk+3
xfdesktop	libgdk_pixbuf-2.0.so.0	gdk-pixbuf2
xfdesktop	libgio-2.0.so.0	glib2
xfdesktop	libglib-2.0.so.0	aaa_libraries
xfdesktop	libglib-2.0.so.0	glib2
xfdesktop	libgobject-2.0.so.0	aaa_libraries
xfdesktop	libgobject-2.0.so.0	glib2
xfdesktop	libgthread-2.0.so.0	aaa_libraries
xfdesktop	libgthread-2.0.so.0	glib2
xfdesktop	libgtk-3.so.0	gtk+3
xfdesktop	libgtk-layer-shell.so.0	gtk-layer-shell
xfdesktop	libharfbuzz.so.0	harfbuzz
xfdesktop	libm.so.6	aaa_glibc-solibs
xfdesktop	libm.so.6	glibc
xfdesktop	libnotify.so.4	libnotify
xfdesktop	libpango-1.0.so.0	pango
xfdesktop	libpangocairo-1.0.so.0	pango
xfdesktop	libthunarx-3.so.0	thunar
xfdesktop	libxfce4kbd-private-3.so.0	libxfce4ui
xfdesktop	libxfce4ui-2.so.0	libxfce4ui
xfdesktop	libxfce4util.so.7	libxfce4util
xfdesktop	libxfce4windowing-0.so.0	libxfce4windowing
xfdesktop	libxfce4windowingui-0.so.0	libxfce4windowing
xfdesktop	libxfconf-0.so.3	xfconf
xfdesktop	libyaml-0.so.2	libyaml
xfdesktop	libz.so.1	aaa_libraries
xfdesktop	libz.so.1	zlib
xfig	libX11.so.6	libX11
xfig	libXaw3d.so.8	libXaw3d
xfig	libXft.so.2	libXft
xfig	libXpm.so.4	libXpm
xfig	libXt.so.6	libXt
xfig	libc.so.6	aaa_glibc-solibs
xfig	libc.so.6	glibc
xfig	libfontconfig.so.1	fontconfig
xfig	libgs.so.10	ghostscript
xfig	libjpeg.so.62	aaa_libraries
xfig	libjpeg.so.62	libjpeg-turbo
xfig	libm.so.6	aaa_glibc-solibs
xfig	libm.so.6	glibc
xfig	libpng16.so.16	aaa_libraries
xfig	libpng16.so.16	libpng
xfig	libtiff.so.6	aaa_libraries
xfig	libtiff.so.6	libtiff
xfontsel	libX11.so.6	libX11
xfontsel	libXaw.so.7	libXaw
xfontsel	libXmu.so.6	libXmu
xfontsel	libXt.so.6	libXt
xfontsel	libc.so.6	aaa_glibc-solibs
xfontsel	libc.so.6	glibc
xfs	libXfont2.so.2	libXfont2
xfs	libc.so.6	aaa_glibc-solibs
xfs	libc.so.6	glibc
xfsdump	libattr.so.1	aaa_libraries
xfsdump	libattr.so.1	attr
xfsdump	libc.so.6	aaa_glibc-solibs
xfsdump	libc.so.6	glibc
xfsdump	libhandle.so.1	xfsprogs
xfsdump	libncursesw.so.6	aaa_libraries
xfsdump	libncursesw.so.6	ncurses
xfsdump	libtinfo.so.6	aaa_libraries
xfsdump	libtinfo.so.6	ncurses
xfsdump	libuuid.so.1	util-linux
xfsinfo	libFS.so.6	libFS
xfsinfo	libc.so.6	aaa_glibc-solibs
xfsinfo	libc.so.6	glibc
xfsprogs	ld-linux-x86-64.so.2	aaa_glibc-solibs
xfsprogs	ld-linux-x86-64.so.2	glibc
xfsprogs	libblkid.so.1	util-linux
xfsprogs	libc.so.6	aaa_glibc-solibs
xfsprogs	libc.so.6	glibc
xfsprogs	libdevmapper.so.1.02	aaa_libraries
xfsprogs	libdevmapper.so.1.02	lvm2
xfsprogs	libicui18n.so.78	icu4c
xfsprogs	libicuuc.so.78	icu4c
xfsprogs	libinih.so.0	inih
xfsprogs	liburcu.so.8	userspace-rcu
xfsprogs	libuuid.so.1	util-linux
xfwm4	libICE.so.6	libICE
xfwm4	libSM.so.6	libSM
xfwm4	libX11.so.6	libX11
xfwm4	libXRes.so.1	libXres
xfwm4	libXcomposite.so.1	libXcomposite
xfwm4	libXdamage.so.1	libXdamage
xfwm4	libXext.so.6	libXext
xfwm4	libXfixes.so.3	libXfixes
xfwm4	libXinerama.so.1	libXinerama
xfwm4	libXpresent.so.1	libXpresent
xfwm4	libXrandr.so.2	libXrandr
xfwm4	libXrender.so.1	libXrender
xfwm4	libatk-1.0.so.0	at-spi2-core
xfwm4	libc.so.6	aaa_glibc-solibs
xfwm4	libc.so.6	glibc
xfwm4	libcairo-gobject.so.2	cairo
xfwm4	libcairo.so.2	cairo
xfwm4	libepoxy.so.0	libepoxy
xfwm4	libgdk-3.so.0	gtk+3
xfwm4	libgdk_pixbuf-2.0.so.0	gdk-pixbuf2
xfwm4	libgio-2.0.so.0	glib2
xfwm4	libglib-2.0.so.0	aaa_libraries
xfwm4	libglib-2.0.so.0	glib2
xfwm4	libgobject-2.0.so.0	aaa_libraries
xfwm4	libgobject-2.0.so.0	glib2
xfwm4	libgtk-3.so.0	gtk+3
xfwm4	libharfbuzz.so.0	harfbuzz
xfwm4	libm.so.6	aaa_glibc-solibs
xfwm4	libm.so.6	glibc
xfwm4	libpango-1.0.so.0	pango
xfwm4	libpangocairo-1.0.so.0	pango
xfwm4	libstartup-notification-1.so.0	startup-notification
xfwm4	libwnck-3.so.0	libwnck3
xfwm4	libxfce4kbd-private-3.so.0	libxfce4ui
xfwm4	libxfce4ui-2.so.0	libxfce4ui
xfwm4	libxfce4util.so.7	libxfce4util
xfwm4	libxfconf-0.so.3	xfconf
xfwm4	libz.so.1	aaa_libraries
xfwm4	libz.so.1	zlib
xgames	libICE.so.6	libICE
xgames	libSM.so.6	libSM
xgames	libX11.so.6	libX11
xgames	libXaw.so.7	libXaw
xgames	libXext.so.6	libXext
xgames	libXmu.so.6	libXmu
xgames	libXpm.so.4	libXpm
xgames	libXt.so.6	libXt
xgames	libc.so.6	aaa_glibc-solibs
xgames	libc.so.6	glibc
xgames	libm.so.6	aaa_glibc-solibs
xgames	libm.so.6	glibc
xgamma	libX11.so.6	libX11
xgamma	libXxf86vm.so.1	libXxf86vm
xgamma	libc.so.6	aaa_glibc-solibs
xgamma	libc.so.6	glibc
xgc	libX11.so.6	libX11
xgc	libXaw.so.7	libXaw
xgc	libXt.so.6	libXt
xgc	libc.so.6	aaa_glibc-solibs
xgc	libc.so.6	glibc
xgc	libm.so.6	aaa_glibc-solibs
xgc	libm.so.6	glibc
xhost	libX11.so.6	libX11
xhost	libXmuu.so.1	libXmu
xhost	libc.so.6	aaa_glibc-solibs
xhost	libc.so.6	glibc
xine-lib	libEGL.so.1	libglvnd
xine-lib	libFLAC.so.14	flac
xine-lib	libGL.so.1	libglvnd
xine-lib	libGLU.so.1	glu
xine-lib	libICE.so.6	libICE
xine-lib	libMagickCore-7.Q16HDRI.so.10	imagemagick
xine-lib	libMagickWand-7.Q16HDRI.so.10	imagemagick
xine-lib	libSDL-1.2.so.0	sdl
xine-lib	libSM.so.6	libSM
xine-lib	libX11.so.6	libX11
xine-lib	libXext.so.6	libXext
xine-lib	libXinerama.so.1	libXinerama
xine-lib	libXv.so.1	libXv
xine-lib	liba52.so.0	a52dec
xine-lib	libaa.so.1	aalib
xine-lib	libaom.so.3	aom
xine-lib	libasound.so.2	aaa_libraries
xine-lib	libasound.so.2	alsa-lib
xine-lib	libavcodec.so.63	ffmpeg
xine-lib	libavformat.so.63	ffmpeg
xine-lib	libavutil.so.61	ffmpeg
xine-lib	libbluray.so.4	libbluray
xine-lib	libc.so.6	aaa_glibc-solibs
xine-lib	libc.so.6	glibc
xine-lib	libcaca.so.0	libcaca
xine-lib	libcrypto.so.3	openssl
xine-lib	libcrypto.so.3	openssl-solibs
xine-lib	libdav1d.so.7	dav1d
xine-lib	libdvdnav.so.4	libdvdnav
xine-lib	libdvdread.so.8	libdvdread
xine-lib	libesd.so.0	esound
xine-lib	libgcrypt.so.20	libgcrypt
xine-lib	libgdk_pixbuf-2.0.so.0	gdk-pixbuf2
xine-lib	libglib-2.0.so.0	aaa_libraries
xine-lib	libglib-2.0.so.0	glib2
xine-lib	libgnutls.so.30	gnutls
xine-lib	libgobject-2.0.so.0	aaa_libraries
xine-lib	libgobject-2.0.so.0	glib2
xine-lib	libgomp.so.1	aaa_libraries
xine-lib	libgomp.so.1	gcc
xine-lib	libgpm.so.2	aaa_libraries
xine-lib	libgpm.so.2	gpm
xine-lib	libjack.so.0	pipewire
xine-lib	libjpeg.so.62	aaa_libraries
xine-lib	libjpeg.so.62	libjpeg-turbo
xine-lib	libm.so.6	aaa_glibc-solibs
xine-lib	libm.so.6	glibc
xine-lib	libmad.so.0	libmad
xine-lib	libmng.so.2	libmng
xine-lib	libmvec.so.1	aaa_glibc-solibs
xine-lib	libmvec.so.1	glibc
xine-lib	libnsl.so.3	aaa_libraries
xine-lib	libnsl.so.3	libnsl
xine-lib	libogg.so.0	libogg
xine-lib	libpng16.so.16	aaa_libraries
xine-lib	libpng16.so.16	libpng
xine-lib	libpulse.so.0	pulseaudio
xine-lib	libresolv.so.2	aaa_glibc-solibs
xine-lib	libresolv.so.2	glibc
xine-lib	libslang.so.1	aaa_libraries
xine-lib	libslang.so.1	slang1
xine-lib	libsmbclient.so.0	samba
xine-lib	libssh2.so.1	aaa_libraries
xine-lib	libssh2.so.1	libssh2
xine-lib	libssl.so.3	openssl
xine-lib	libssl.so.3	openssl-solibs
xine-lib	libtheora.so.1	libtheora
xine-lib	libv4l2.so.0	v4l-utils
xine-lib	libva-drm.so.2	libva
xine-lib	libva-glx.so.2	libva
xine-lib	libva-wayland.so.2	libva
xine-lib	libva-x11.so.2	libva
xine-lib	libva.so.2	libva
xine-lib	libvdpau.so.1	libvdpau
xine-lib	libvorbis.so.0	libvorbis
xine-lib	libvpx.so.12	libvpx
xine-lib	libwavpack.so.1	wavpack
xine-lib	libwayland-client.so.0	wayland
xine-lib	libwayland-egl.so.1	wayland
xine-lib	libz.so.1	aaa_libraries
xine-lib	libz.so.1	zlib
xine-ui	libX11.so.6	libX11
xine-ui	libXext.so.6	libXext
xine-ui	libXft.so.2	libXft
xine-ui	libXinerama.so.1	libXinerama
xine-ui	libXss.so.1	libXScrnSaver
xine-ui	libXtst.so.6	libXtst
xine-ui	libXv.so.1	libXv
xine-ui	libXxf86vm.so.1	libXxf86vm
xine-ui	libc.so.6	aaa_glibc-solibs
xine-ui	libc.so.6	glibc
xine-ui	libcaca.so.0	libcaca
xine-ui	libcurl.so.4	aaa_libraries
xine-ui	libcurl.so.4	curl
xine-ui	libjpeg.so.62	aaa_libraries
xine-ui	libjpeg.so.62	libjpeg-turbo
xine-ui	libm.so.6	aaa_glibc-solibs
xine-ui	libm.so.6	glibc
xine-ui	libncursesw.so.6	aaa_libraries
xine-ui	libncursesw.so.6	ncurses
xine-ui	libnsl.so.3	aaa_libraries
xine-ui	libnsl.so.3	libnsl
xine-ui	libpng16.so.16	aaa_libraries
xine-ui	libpng16.so.16	libpng
xine-ui	libreadline.so.8	aaa_libraries
xine-ui	libreadline.so.8	readline
xine-ui	libtinfo.so.6	aaa_libraries
xine-ui	libtinfo.so.6	ncurses
xine-ui	libxine.so.2	xine-lib
xinit	libX11.so.6	libX11
xinit	libc.so.6	aaa_glibc-solibs
xinit	libc.so.6	glibc
xinput	libX11.so.6	libX11
xinput	libXext.so.6	libXext
xinput	libXi.so.6	libXi
xinput	libXinerama.so.1	libXinerama
xinput	libXrandr.so.2	libXrandr
xinput	libc.so.6	aaa_glibc-solibs
xinput	libc.so.6	glibc
xinput_calibrator	libX11.so.6	libX11
xinput_calibrator	libXi.so.6	libXi
xinput_calibrator	libc.so.6	aaa_glibc-solibs
xinput_calibrator	libc.so.6	glibc
xinput_calibrator	libgcc_s.so.1	aaa_libraries
xinput_calibrator	libgcc_s.so.1	gcc
xinput_calibrator	libm.so.6	aaa_glibc-solibs
xinput_calibrator	libm.so.6	glibc
xinput_calibrator	libstdc++.so.6	aaa_libraries
xinput_calibrator	libstdc++.so.6	gcc-g++
xisxwayland	libX11.so.6	libX11
xisxwayland	libXrandr.so.2	libXrandr
xisxwayland	libc.so.6	aaa_glibc-solibs
xisxwayland	libc.so.6	glibc
xkbcomp	libX11.so.6	libX11
xkbcomp	libc.so.6	aaa_glibc-solibs
xkbcomp	libc.so.6	glibc
xkbcomp	libxkbfile.so.1	libxkbfile
xkbevd	libX11.so.6	libX11
xkbevd	libc.so.6	aaa_glibc-solibs
xkbevd	libc.so.6	glibc
xkbevd	libxkbfile.so.1	libxkbfile
xkbprint	libX11.so.6	libX11
xkbprint	libc.so.6	aaa_glibc-solibs
xkbprint	libc.so.6	glibc
xkbprint	libxkbfile.so.1	libxkbfile
xkbutils	libX11.so.6	libX11
xkbutils	libXaw.so.7	libXaw
xkbutils	libXt.so.6	libXt
xkbutils	libc.so.6	aaa_glibc-solibs
xkbutils	libc.so.6	glibc
xkill	libX11.so.6	libX11
xkill	libXmuu.so.1	libXmu
xkill	libc.so.6	aaa_glibc-solibs
xkill	libc.so.6	glibc
xload	libX11.so.6	libX11
xload	libXaw.so.7	libXaw
xload	libXmu.so.6	libXmu
xload	libXt.so.6	libXt
xload	libc.so.6	aaa_glibc-solibs
xload	libc.so.6	glibc
xlockmore	libGL.so.1	libglvnd
xlockmore	libGLU.so.1	glu
xlockmore	libICE.so.6	libICE
xlockmore	libX11.so.6	libX11
xlockmore	libXext.so.6	libXext
xlockmore	libXinerama.so.1	libXinerama
xlockmore	libXmu.so.6	libXmu
xlockmore	libXpm.so.4	libXpm
xlockmore	libc.so.6	aaa_glibc-solibs
xlockmore	libc.so.6	glibc
xlockmore	libcrypt.so.2	aaa_glibc-solibs
xlockmore	libcrypt.so.2	glibc
xlockmore	libgcc_s.so.1	aaa_libraries
xlockmore	libgcc_s.so.1	gcc
xlockmore	libm.so.6	aaa_glibc-solibs
xlockmore	libm.so.6	glibc
xlockmore	libpam.so.0	pam
xlockmore	libpng16.so.16	aaa_libraries
xlockmore	libpng16.so.16	libpng
xlockmore	libstdc++.so.6	aaa_libraries
xlockmore	libstdc++.so.6	gcc-g++
xlogo	libSM.so.6	libSM
xlogo	libX11.so.6	libX11
xlogo	libXaw.so.7	libXaw
xlogo	libXext.so.6	libXext
xlogo	libXft.so.2	libXft
xlogo	libXmu.so.6	libXmu
xlogo	libXrender.so.1	libXrender
xlogo	libXt.so.6	libXt
xlogo	libc.so.6	aaa_glibc-solibs
xlogo	libc.so.6	glibc
xlogo	libxkbfile.so.1	libxkbfile
xlsatoms	libc.so.6	aaa_glibc-solibs
xlsatoms	libc.so.6	glibc
xlsatoms	libxcb.so.1	libxcb
xlsclients	libc.so.6	aaa_glibc-solibs
xlsclients	libc.so.6	glibc
xlsclients	libxcb.so.1	libxcb
xlsfonts	libX11.so.6	libX11
xlsfonts	libc.so.6	aaa_glibc-solibs
xlsfonts	libc.so.6	glibc
xmag	libX11.so.6	libX11
xmag	libXaw.so.7	libXaw
xmag	libXmu.so.6	libXmu
xmag	libXt.so.6	libXt
xmag	libc.so.6	aaa_glibc-solibs
xmag	libc.so.6	glibc
xmag	libm.so.6	aaa_glibc-solibs
xmag	libm.so.6	glibc
xman	libX11.so.6	libX11
xman	libXaw.so.7	libXaw
xman	libXt.so.6	libXt
xman	libc.so.6	aaa_glibc-solibs
xman	libc.so.6	glibc
xmessage	libX11.so.6	libX11
xmessage	libXaw.so.7	libXaw
xmessage	libXt.so.6	libXt
xmessage	libc.so.6	aaa_glibc-solibs
xmessage	libc.so.6	glibc
xmh	libX11.so.6	libX11
xmh	libXaw.so.7	libXaw
xmh	libXmu.so.6	libXmu
xmh	libXt.so.6	libXt
xmh	libc.so.6	aaa_glibc-solibs
xmh	libc.so.6	glibc
xmms	libGL.so.1	libglvnd
xmms	libICE.so.6	libICE
xmms	libSM.so.6	libSM
xmms	libX11.so.6	libX11
xmms	libXext.so.6	libXext
xmms	libXi.so.6	libXi
xmms	libXxf86vm.so.1	libXxf86vm
xmms	libasound.so.2	aaa_libraries
xmms	libasound.so.2	alsa-lib
xmms	libc.so.6	aaa_glibc-solibs
xmms	libc.so.6	glibc
xmms	libesd.so.0	esound
xmms	libgdk-1.2.so.0	gtk+
xmms	libglib-1.2.so.0	glib
xmms	libgthread-1.2.so.0	glib
xmms	libgtk-1.2.so.0	gtk+
xmms	libm.so.6	aaa_glibc-solibs
xmms	libm.so.6	glibc
xmms	libmvec.so.1	aaa_glibc-solibs
xmms	libmvec.so.1	glibc
xmms	libogg.so.0	libogg
xmms	libvorbis.so.0	libvorbis
xmms	libvorbisfile.so.3	libvorbis
xmms	libz.so.1	aaa_libraries
xmms	libz.so.1	zlib
xmodmap	libX11.so.6	libX11
xmodmap	libc.so.6	aaa_glibc-solibs
xmodmap	libc.so.6	glibc
xmore	libX11.so.6	libX11
xmore	libXaw.so.7	libXaw
xmore	libXt.so.6	libXt
xmore	libc.so.6	aaa_glibc-solibs
xmore	libc.so.6	glibc
xorg-server	libGL.so.1	libglvnd
xorg-server	libXau.so.6	libXau
xorg-server	libXdmcp.so.6	libXdmcp
xorg-server	libXfont2.so.2	libXfont2
xorg-server	libc.so.6	aaa_glibc-solibs
xorg-server	libc.so.6	glibc
xorg-server	libdbus-1.so.3	dbus
xorg-server	libdrm.so.2	libdrm
xorg-server	libepoxy.so.0	libepoxy
xorg-server	libgbm.so.1	mesa
xorg-server	libm.so.6	aaa_glibc-solibs
xorg-server	libm.so.6	glibc
xorg-server	libnettle.so.8	nettle
xorg-server	libpciaccess.so.0	libpciaccess
xorg-server	libpixman-1.so.0	pixman
xorg-server	libudev.so.1	aaa_libraries
xorg-server	libudev.so.1	eudev
xorg-server	libunwind.so.8	aaa_libraries
xorg-server	libunwind.so.8	libunwind
xorg-server	libxcvt.so.0	libxcvt
xorg-server	libxshmfence.so.1	libxshmfence
xorg-server-xephyr	libGL.so.1	libglvnd
xorg-server-xephyr	libX11-xcb.so.1	libX11
xorg-server-xephyr	libX11.so.6	libX11
xorg-server-xephyr	libXau.so.6	libXau
xorg-server-xephyr	libXdmcp.so.6	libXdmcp
xorg-server-xephyr	libXfont2.so.2	libXfont2
xorg-server-xephyr	libc.so.6	aaa_glibc-solibs
xorg-server-xephyr	libc.so.6	glibc
xorg-server-xephyr	libdbus-1.so.3	dbus
xorg-server-xephyr	libdrm.so.2	libdrm
xorg-server-xephyr	libepoxy.so.0	libepoxy
xorg-server-xephyr	libm.so.6	aaa_glibc-solibs
xorg-server-xephyr	libm.so.6	glibc
xorg-server-xephyr	libnettle.so.8	nettle
xorg-server-xephyr	libpixman-1.so.0	pixman
xorg-server-xephyr	libudev.so.1	aaa_libraries
xorg-server-xephyr	libudev.so.1	eudev
xorg-server-xephyr	libunwind.so.8	aaa_libraries
xorg-server-xephyr	libunwind.so.8	libunwind
xorg-server-xephyr	libxcb-glx.so.0	libxcb
xorg-server-xephyr	libxcb-icccm.so.4	xcb-util-wm
xorg-server-xephyr	libxcb-image.so.0	xcb-util-image
xorg-server-xephyr	libxcb-keysyms.so.1	xcb-util-keysyms
xorg-server-xephyr	libxcb-randr.so.0	libxcb
xorg-server-xephyr	libxcb-render-util.so.0	xcb-util-renderutil
xorg-server-xephyr	libxcb-render.so.0	libxcb
xorg-server-xephyr	libxcb-shape.so.0	libxcb
xorg-server-xephyr	libxcb-shm.so.0	libxcb
xorg-server-xephyr	libxcb-util.so.1	xcb-util
xorg-server-xephyr	libxcb-xf86dri.so.0	libxcb
xorg-server-xephyr	libxcb-xkb.so.1	libxcb
xorg-server-xephyr	libxcb-xv.so.0	libxcb
xorg-server-xephyr	libxcb.so.1	libxcb
xorg-server-xephyr	libxshmfence.so.1	libxshmfence
xorg-server-xnest	libGL.so.1	libglvnd
xorg-server-xnest	libX11.so.6	libX11
xorg-server-xnest	libXau.so.6	libXau
xorg-server-xnest	libXdmcp.so.6	libXdmcp
xorg-server-xnest	libXext.so.6	libXext
xorg-server-xnest	libXfont2.so.2	libXfont2
xorg-server-xnest	libc.so.6	aaa_glibc-solibs
xorg-server-xnest	libc.so.6	glibc
xorg-server-xnest	libm.so.6	aaa_glibc-solibs
xorg-server-xnest	libm.so.6	glibc
xorg-server-xnest	libnettle.so.8	nettle
xorg-server-xnest	libpixman-1.so.0	pixman
xorg-server-xnest	libunwind.so.8	aaa_libraries
xorg-server-xnest	libunwind.so.8	libunwind
xorg-server-xnest	libxshmfence.so.1	libxshmfence
xorg-server-xvfb	libGL.so.1	libglvnd
xorg-server-xvfb	libXau.so.6	libXau
xorg-server-xvfb	libXdmcp.so.6	libXdmcp
xorg-server-xvfb	libXfont2.so.2	libXfont2
xorg-server-xvfb	libc.so.6	aaa_glibc-solibs
xorg-server-xvfb	libc.so.6	glibc
xorg-server-xvfb	libm.so.6	aaa_glibc-solibs
xorg-server-xvfb	libm.so.6	glibc
xorg-server-xvfb	libnettle.so.8	nettle
xorg-server-xvfb	libpixman-1.so.0	pixman
xorg-server-xvfb	libunwind.so.8	aaa_libraries
xorg-server-xvfb	libunwind.so.8	libunwind
xorg-server-xvfb	libxshmfence.so.1	libxshmfence
xorg-server-xwayland	libGL.so.1	libglvnd
xorg-server-xwayland	libXau.so.6	libXau
xorg-server-xwayland	libXfont2.so.2	libXfont2
xorg-server-xwayland	libc.so.6	aaa_glibc-solibs
xorg-server-xwayland	libc.so.6	glibc
xorg-server-xwayland	libdecor-0.so.0	libdecor
xorg-server-xwayland	libdrm.so.2	libdrm
xorg-server-xwayland	libei.so.1	libei
xorg-server-xwayland	libepoxy.so.0	libepoxy
xorg-server-xwayland	libgbm.so.1	mesa
xorg-server-xwayland	libm.so.6	aaa_glibc-solibs
xorg-server-xwayland	libm.so.6	glibc
xorg-server-xwayland	libnettle.so.8	nettle
xorg-server-xwayland	liboeffis.so.1	libei
xorg-server-xwayland	libpixman-1.so.0	pixman
xorg-server-xwayland	libtirpc.so.3	aaa_libraries
xorg-server-xwayland	libtirpc.so.3	libtirpc
xorg-server-xwayland	libwayland-client.so.0	wayland
xorg-server-xwayland	libxcvt.so.0	libxcvt
xorg-server-xwayland	libxshmfence.so.1	libxshmfence
xorriso	libacl.so.1	aaa_libraries
xorriso	libacl.so.1	acl
xorriso	libbz2.so.1	aaa_libraries
xorriso	libbz2.so.1	bzip2
xorriso	libc.so.6	aaa_glibc-solibs
xorriso	libc.so.6	glibc
xorriso	libreadline.so.8	aaa_libraries
xorriso	libreadline.so.8	readline
xorriso	libz.so.1	aaa_libraries
xorriso	libz.so.1	zlib
xpaint	libICE.so.6	libICE
xpaint	libSM.so.6	libSM
xpaint	libX11.so.6	libX11
xpaint	libXaw3dxft.so.8	libXaw3dXft
xpaint	libXext.so.6	libXext
xpaint	libXft.so.2	libXft
xpaint	libXmu.so.6	libXmu
xpaint	libXpm.so.4	libXpm
xpaint	libXt.so.6	libXt
xpaint	libc.so.6	aaa_glibc-solibs
xpaint	libc.so.6	glibc
xpaint	libfontconfig.so.1	fontconfig
xpaint	libfreetype.so.6	freetype
xpaint	libjpeg.so.62	aaa_libraries
xpaint	libjpeg.so.62	libjpeg-turbo
xpaint	libm.so.6	aaa_glibc-solibs
xpaint	libm.so.6	glibc
xpaint	libnetpbm.so.11	netpbm
xpaint	libpng16.so.16	aaa_libraries
xpaint	libpng16.so.16	libpng
xpaint	libtiff.so.6	aaa_libraries
xpaint	libtiff.so.6	libtiff
xpaint	libz.so.1	aaa_libraries
xpaint	libz.so.1	zlib
xpdf	libGLX.so.0	libglvnd
xpdf	libOpenGL.so.0	libglvnd
xpdf	libQt6Concurrent.so.6	qt6
xpdf	libQt6Core.so.6	qt6
xpdf	libQt6Gui.so.6	qt6
xpdf	libQt6Network.so.6	qt6
xpdf	libQt6PrintSupport.so.6	qt6
xpdf	libQt6Widgets.so.6	qt6
xpdf	libc.so.6	aaa_glibc-solibs
xpdf	libc.so.6	glibc
xpdf	libcups.so.2	aaa_libraries
xpdf	libcups.so.2	cups
xpdf	libfontconfig.so.1	fontconfig
xpdf	libfreetype.so.6	freetype
xpdf	libgcc_s.so.1	aaa_libraries
xpdf	libgcc_s.so.1	gcc
xpdf	libm.so.6	aaa_glibc-solibs
xpdf	libm.so.6	glibc
xpdf	libpaper.so.2	libpaper
xpdf	libpng16.so.16	aaa_libraries
xpdf	libpng16.so.16	libpng
xpdf	libstdc++.so.6	aaa_libraries
xpdf	libstdc++.so.6	gcc-g++
xpdf	libz.so.1	aaa_libraries
xpdf	libz.so.1	zlib
xpr	libX11.so.6	libX11
xpr	libXmuu.so.1	libXmu
xpr	libc.so.6	aaa_glibc-solibs
xpr	libc.so.6	glibc
xprop	libX11.so.6	libX11
xprop	libc.so.6	aaa_glibc-solibs
xprop	libc.so.6	glibc
xrandr	libX11.so.6	libX11
xrandr	libXrandr.so.2	libXrandr
xrandr	libXrender.so.1	libXrender
xrandr	libc.so.6	aaa_glibc-solibs
xrandr	libc.so.6	glibc
xrandr	libm.so.6	aaa_glibc-solibs
xrandr	libm.so.6	glibc
xrdb	libX11.so.6	libX11
xrdb	libXmuu.so.1	libXmu
xrdb	libc.so.6	aaa_glibc-solibs
xrdb	libc.so.6	glibc
xrefresh	libX11.so.6	libX11
xrefresh	libc.so.6	aaa_glibc-solibs
xrefresh	libc.so.6	glibc
xsane	libatk-1.0.so.0	at-spi2-core
xsane	libc.so.6	aaa_glibc-solibs
xsane	libc.so.6	glibc
xsane	libcairo.so.2	cairo
xsane	libfontconfig.so.1	fontconfig
xsane	libfreetype.so.6	freetype
xsane	libgdk-x11-2.0.so.0	gtk+2
xsane	libgdk_pixbuf-2.0.so.0	gdk-pixbuf2
xsane	libgio-2.0.so.0	glib2
xsane	libglib-2.0.so.0	aaa_libraries
xsane	libglib-2.0.so.0	glib2
xsane	libgobject-2.0.so.0	aaa_libraries
xsane	libgobject-2.0.so.0	glib2
xsane	libgtk-x11-2.0.so.0	gtk+2
xsane	libharfbuzz.so.0	harfbuzz
xsane	libjpeg.so.62	aaa_libraries
xsane	libjpeg.so.62	libjpeg-turbo
xsane	liblcms2.so.2	lcms2
xsane	libm.so.6	aaa_glibc-solibs
xsane	libm.so.6	glibc
xsane	libpango-1.0.so.0	pango
xsane	libpangocairo-1.0.so.0	pango
xsane	libpangoft2-1.0.so.0	pango
xsane	libpng16.so.16	aaa_libraries
xsane	libpng16.so.16	libpng
xsane	libsane.so.1	sane
xsane	libtiff.so.6	aaa_libraries
xsane	libtiff.so.6	libtiff
xsane	libz.so.1	aaa_libraries
xsane	libz.so.1	zlib
xscope	libc.so.6	aaa_glibc-solibs
xscope	libc.so.6	glibc
xscreensaver	libEGL.so.1	libglvnd
xscreensaver	libGL.so.1	libglvnd
xscreensaver	libGLU.so.1	glu
xscreensaver	libICE.so.6	libICE
xscreensaver	libSM.so.6	libSM
xscreensaver	libX11.so.6	libX11
xscreensaver	libXext.so.6	libXext
xscreensaver	libXft.so.2	libXft
xscreensaver	libXi.so.6	libXi
xscreensaver	libXinerama.so.1	libXinerama
xscreensaver	libXrandr.so.2	libXrandr
xscreensaver	libXrender.so.1	libXrender
xscreensaver	libXt.so.6	libXt
xscreensaver	libatk-1.0.so.0	at-spi2-core
xscreensaver	libavcodec.so.63	ffmpeg
xscreensaver	libavformat.so.63	ffmpeg
xscreensaver	libavutil.so.61	ffmpeg
xscreensaver	libc.so.6	aaa_glibc-solibs
xscreensaver	libc.so.6	glibc
xscreensaver	libcairo-gobject.so.2	cairo
xscreensaver	libcairo.so.2	cairo
xscreensaver	libcrypt.so.2	aaa_glibc-solibs
xscreensaver	libcrypt.so.2	glibc
xscreensaver	libelogind.so.0	elogind
xscreensaver	libfontconfig.so.1	fontconfig
xscreensaver	libgdk-3.so.0	gtk+3
xscreensaver	libgdk_pixbuf-2.0.so.0	gdk-pixbuf2
xscreensaver	libgio-2.0.so.0	glib2
xscreensaver	libglib-2.0.so.0	aaa_libraries
xscreensaver	libglib-2.0.so.0	glib2
xscreensaver	libgmodule-2.0.so.0	aaa_libraries
xscreensaver	libgmodule-2.0.so.0	glib2
xscreensaver	libgobject-2.0.so.0	aaa_libraries
xscreensaver	libgobject-2.0.so.0	glib2
xscreensaver	libgtk-3.so.0	gtk+3
xscreensaver	libharfbuzz.so.0	harfbuzz
xscreensaver	libjpeg.so.62	aaa_libraries
xscreensaver	libjpeg.so.62	libjpeg-turbo
xscreensaver	libm.so.6	aaa_glibc-solibs
xscreensaver	libm.so.6	glibc
xscreensaver	libpam.so.0	pam
xscreensaver	libpango-1.0.so.0	pango
xscreensaver	libpangocairo-1.0.so.0	pango
xscreensaver	libswresample.so.7	ffmpeg
xscreensaver	libswscale.so.10	ffmpeg
xscreensaver	libwayland-client.so.0	wayland
xscreensaver	libwayland-server.so.0	wayland
xscreensaver	libxml2.so.16	libxml2
xscreensaver	libz.so.1	aaa_libraries
xscreensaver	libz.so.1	zlib
xset	libX11.so.6	libX11
xset	libXext.so.6	libXext
xset	libXfontcache.so.1	libXfontcache
xset	libXmuu.so.1	libXmu
xset	libc.so.6	aaa_glibc-solibs
xset	libc.so.6	glibc
xsetroot	libX11.so.6	libX11
xsetroot	libXcursor.so.1	libXcursor
xsetroot	libXmuu.so.1	libXmu
xsetroot	libc.so.6	aaa_glibc-solibs
xsetroot	libc.so.6	glibc
xsm	libICE.so.6	libICE
xsm	libSM.so.6	libSM
xsm	libX11.so.6	libX11
xsm	libXaw.so.7	libXaw
xsm	libXt.so.6	libXt
xsm	libc.so.6	aaa_glibc-solibs
xsm	libc.so.6	glibc
xsnow	libX11.so.6	libX11
xsnow	libXext.so.6	libXext
xsnow	libXinerama.so.1	libXinerama
xsnow	libXpm.so.4	libXpm
xsnow	libXt.so.6	libXt
xsnow	libXtst.so.6	libXtst
xsnow	libatk-1.0.so.0	at-spi2-core
xsnow	libc.so.6	aaa_glibc-solibs
xsnow	libc.so.6	glibc
xsnow	libcairo-gobject.so.2	cairo
xsnow	libcairo.so.2	cairo
xsnow	libgcc_s.so.1	aaa_libraries
xsnow	libgcc_s.so.1	gcc
xsnow	libgdk-3.so.0	gtk+3
xsnow	libgdk_pixbuf-2.0.so.0	gdk-pixbuf2
xsnow	libgio-2.0.so.0	glib2
xsnow	libglib-2.0.so.0	aaa_libraries
xsnow	libglib-2.0.so.0	glib2
xsnow	libgmodule-2.0.so.0	aaa_libraries
xsnow	libgmodule-2.0.so.0	glib2
xsnow	libgobject-2.0.so.0	aaa_libraries
xsnow	libgobject-2.0.so.0	glib2
xsnow	libgsl.so.28	gsl
xsnow	libgslcblas.so.0	gsl
xsnow	libgtk-3.so.0	gtk+3
xsnow	libharfbuzz.so.0	harfbuzz
xsnow	libm.so.6	aaa_glibc-solibs
xsnow	libm.so.6	glibc
xsnow	libopencv_alphamat.so.500	opencv
xsnow	libopencv_bgsegm.so.500	opencv
xsnow	libopencv_bioinspired.so.500	opencv
xsnow	libopencv_calib.so.500	opencv
xsnow	libopencv_ccalib.so.500	opencv
xsnow	libopencv_core.so.500	opencv
xsnow	libopencv_cvv.so.500	opencv
xsnow	libopencv_datasets.so.500	opencv
xsnow	libopencv_dnn.so.500	opencv
xsnow	libopencv_dnn_objdetect.so.500	opencv
xsnow	libopencv_dnn_superres.so.500	opencv
xsnow	libopencv_dpm.so.500	opencv
xsnow	libopencv_face.so.500	opencv
xsnow	libopencv_features.so.500	opencv
xsnow	libopencv_flann.so.500	opencv
xsnow	libopencv_freetype.so.500	opencv
xsnow	libopencv_fuzzy.so.500	opencv
xsnow	libopencv_gapi.so.500	opencv
xsnow	libopencv_geometry.so.500	opencv
xsnow	libopencv_hfs.so.500	opencv
xsnow	libopencv_highgui.so.500	opencv
xsnow	libopencv_img_hash.so.500	opencv
xsnow	libopencv_imgcodecs.so.500	opencv
xsnow	libopencv_imgproc.so.500	opencv
xsnow	libopencv_intensity_transform.so.500	opencv
xsnow	libopencv_line_descriptor.so.500	opencv
xsnow	libopencv_ml.so.500	opencv
xsnow	libopencv_objdetect.so.500	opencv
xsnow	libopencv_optflow.so.500	opencv
xsnow	libopencv_phase_unwrapping.so.500	opencv
xsnow	libopencv_photo.so.500	opencv
xsnow	libopencv_plot.so.500	opencv
xsnow	libopencv_ptcloud.so.500	opencv
xsnow	libopencv_quality.so.500	opencv
xsnow	libopencv_rapid.so.500	opencv
xsnow	libopencv_reg.so.500	opencv
xsnow	libopencv_rgbd.so.500	opencv
xsnow	libopencv_saliency.so.500	opencv
xsnow	libopencv_shape.so.500	opencv
xsnow	libopencv_signal.so.500	opencv
xsnow	libopencv_stereo.so.500	opencv
xsnow	libopencv_stitching.so.500	opencv
xsnow	libopencv_structured_light.so.500	opencv
xsnow	libopencv_superres.so.500	opencv
xsnow	libopencv_surface_matching.so.500	opencv
xsnow	libopencv_text.so.500	opencv
xsnow	libopencv_tracking.so.500	opencv
xsnow	libopencv_video.so.500	opencv
xsnow	libopencv_videoio.so.500	opencv
xsnow	libopencv_videostab.so.500	opencv
xsnow	libopencv_wechat_qrcode.so.500	opencv
xsnow	libopencv_xfeatures2d.so.500	opencv
xsnow	libopencv_ximgproc.so.500	opencv
xsnow	libopencv_xobjdetect.so.500	opencv
xsnow	libopencv_xphoto.so.500	opencv
xsnow	libopencv_xstereo.so.500	opencv
xsnow	libpango-1.0.so.0	pango
xsnow	libpangocairo-1.0.so.0	pango
xsnow	libstdc++.so.6	aaa_libraries
xsnow	libstdc++.so.6	gcc-g++
xsnow	libz.so.1	aaa_libraries
xsnow	libz.so.1	zlib
xstdcmap	libX11.so.6	libX11
xstdcmap	libXmu.so.6	libXmu
xstdcmap	libXt.so.6	libXt
xstdcmap	libc.so.6	aaa_glibc-solibs
xstdcmap	libc.so.6	glibc
xterm	libICE.so.6	libICE
xterm	libX11.so.6	libX11
xterm	libXaw.so.7	libXaw
xterm	libXext.so.6	libXext
xterm	libXft.so.2	libXft
xterm	libXinerama.so.1	libXinerama
xterm	libXmu.so.6	libXmu
xterm	libXpm.so.4	libXpm
xterm	libXt.so.6	libXt
xterm	libc.so.6	aaa_glibc-solibs
xterm	libc.so.6	glibc
xterm	libfontconfig.so.1	fontconfig
xterm	libfreetype.so.6	freetype
xterm	libm.so.6	aaa_glibc-solibs
xterm	libm.so.6	glibc
xterm	libtinfo.so.6	aaa_libraries
xterm	libtinfo.so.6	ncurses
xterm	libutempter.so.0	utempter
xvidtune	libX11.so.6	libX11
xvidtune	libXaw.so.7	libXaw
xvidtune	libXmu.so.6	libXmu
xvidtune	libXt.so.6	libXt
xvidtune	libXxf86vm.so.1	libXxf86vm
xvidtune	libc.so.6	aaa_glibc-solibs
xvidtune	libc.so.6	glibc
xvinfo	libX11.so.6	libX11
xvinfo	libXv.so.1	libXv
xvinfo	libc.so.6	aaa_glibc-solibs
xvinfo	libc.so.6	glibc
xwd	libX11.so.6	libX11
xwd	libc.so.6	aaa_glibc-solibs
xwd	libc.so.6	glibc
xwd	libxkbfile.so.1	libxkbfile
xwininfo	libc.so.6	aaa_glibc-solibs
xwininfo	libc.so.6	glibc
xwininfo	libxcb-shape.so.0	libxcb
xwininfo	libxcb.so.1	libxcb
xwud	libX11.so.6	libX11
xwud	libc.so.6	aaa_glibc-solibs
xwud	libc.so.6	glibc
xxHash	libc.so.6	aaa_glibc-solibs
xxHash	libc.so.6	glibc
xz	libc.so.6	aaa_glibc-solibs
xz	libc.so.6	glibc
xz	liblzma.so.5	aaa_libraries
yakuake	libGLX.so.0	libglvnd
yakuake	libKF6Archive.so.6	karchive
yakuake	libKF6Attica.so.6	attica
yakuake	libKF6ColorScheme.so.6	kcolorscheme
yakuake	libKF6ConfigCore.so.6	kconfig
yakuake	libKF6ConfigGui.so.6	kconfig
yakuake	libKF6ConfigWidgets.so.6	kconfigwidgets
yakuake	libKF6CoreAddons.so.6	kcoreaddons
yakuake	libKF6Crash.so.6	kcrash
yakuake	libKF6DBusAddons.so.6	kdbusaddons
yakuake	libKF6GlobalAccel.so.6	kglobalaccel
yakuake	libKF6GuiAddons.so.6	kguiaddons
yakuake	libKF6I18n.so.6	ki18n
yakuake	libKF6IconThemes.so.6	kiconthemes
yakuake	libKF6KIOCore.so.6	kio
yakuake	libKF6NewStuffCore.so.6	knewstuff
yakuake	libKF6NewStuffWidgets.so.6	knewstuff
yakuake	libKF6Notifications.so.6	knotifications
yakuake	libKF6NotifyConfig.so.6	knotifyconfig
yakuake	libKF6Parts.so.6	kparts
yakuake	libKF6StatusNotifierItem.so.6	kstatusnotifieritem
yakuake	libKF6WidgetsAddons.so.6	kwidgetsaddons
yakuake	libKF6WindowSystem.so.6	kwindowsystem
yakuake	libKF6XmlGui.so.6	kxmlgui
yakuake	libKWaylandClient.so.6	kwayland
yakuake	libOpenGL.so.0	libglvnd
yakuake	libQt6Core.so.6	qt6
yakuake	libQt6DBus.so.6	qt6
yakuake	libQt6Gui.so.6	qt6
yakuake	libQt6Network.so.6	qt6
yakuake	libQt6WaylandClient.so.6	qt6
yakuake	libQt6Widgets.so.6	qt6
yakuake	libQt6Xml.so.6	qt6
yakuake	libX11.so.6	libX11
yakuake	libc.so.6	aaa_glibc-solibs
yakuake	libc.so.6	glibc
yakuake	libgcc_s.so.1	aaa_libraries
yakuake	libgcc_s.so.1	gcc
yakuake	libm.so.6	aaa_glibc-solibs
yakuake	libm.so.6	glibc
yakuake	libstdc++.so.6	aaa_libraries
yakuake	libstdc++.so.6	gcc-g++
yakuake	libwayland-client.so.0	wayland
yakuake	libwayland-cursor.so.0	wayland
yakuake	libxcb-randr.so.0	libxcb
yakuake	libxcb-util.so.1	xcb-util
yakuake	libxcb.so.1	libxcb
yakuake	libxkbcommon.so.0	aaa_libraries
yakuake	libxkbcommon.so.0	libxkbcommon
yasm	libc.so.6	aaa_glibc-solibs
yasm	libc.so.6	glibc
yptools	libc.so.6	aaa_glibc-solibs
yptools	libc.so.6	glibc
yptools	libcrypt.so.2	aaa_glibc-solibs
yptools	libcrypt.so.2	glibc
yptools	libgdbm.so.6	aaa_libraries
yptools	libgdbm.so.6	gdbm
yptools	libnsl.so.3	aaa_libraries
yptools	libnsl.so.3	libnsl
yptools	libtirpc.so.3	aaa_libraries
yptools	libtirpc.so.3	libtirpc
ytalk	libc.so.6	aaa_glibc-solibs
ytalk	libc.so.6	glibc
ytalk	libncursesw.so.6	aaa_libraries
ytalk	libncursesw.so.6	ncurses
ytalk	libtinfo.so.6	aaa_libraries
ytalk	libtinfo.so.6	ncurses
zanshin	libGLX.so.0	libglvnd
zanshin	libKF6CalendarCore.so.6	kcalendarcore
zanshin	libKF6ColorScheme.so.6	kcolorscheme
zanshin	libKF6ConfigCore.so.6	kconfig
zanshin	libKF6ConfigGui.so.6	kconfig
zanshin	libKF6ConfigWidgets.so.6	kconfigwidgets
zanshin	libKF6CoreAddons.so.6	kcoreaddons
zanshin	libKF6Crash.so.6	kcrash
zanshin	libKF6GuiAddons.so.6	kguiaddons
zanshin	libKF6I18n.so.6	ki18n
zanshin	libKF6ItemModels.so.6	kitemmodels
zanshin	libKF6KIOCore.so.6	kio
zanshin	libKF6Parts.so.6	kparts
zanshin	libKF6Runner.so.6	krunner
zanshin	libKF6WidgetsAddons.so.6	kwidgetsaddons
zanshin	libKF6WindowSystem.so.6	kwindowsystem
zanshin	libKF6XmlGui.so.6	kxmlgui
zanshin	libKPim6AkonadiCalendar.so.6	akonadi-calendar
zanshin	libKPim6AkonadiCalendarCore.so.6	akonadi-calendar
zanshin	libKPim6AkonadiCore.so.6	akonadi
zanshin	libKPim6AkonadiPrivate.so.6	akonadi
zanshin	libKPim6AkonadiWidgets.so.6	akonadi
zanshin	libKPim6IdentityManagementCore.so.6	kidentitymanagement
zanshin	libKPim6KontactInterface.so.6	kontactinterface
zanshin	libOpenGL.so.0	libglvnd
zanshin	libQt6Core.so.6	qt6
zanshin	libQt6DBus.so.6	qt6
zanshin	libQt6Gui.so.6	qt6
zanshin	libQt6Network.so.6	qt6
zanshin	libQt6Widgets.so.6	qt6
zanshin	libQt6Xml.so.6	qt6
zanshin	libX11.so.6	libX11
zanshin	libc.so.6	aaa_glibc-solibs
zanshin	libc.so.6	glibc
zanshin	libgcc_s.so.1	aaa_libraries
zanshin	libgcc_s.so.1	gcc
zanshin	libm.so.6	aaa_glibc-solibs
zanshin	libm.so.6	glibc
zanshin	libstdc++.so.6	aaa_libraries
zanshin	libstdc++.so.6	gcc-g++
zenity	libadwaita-1.so.0	libadwaita
zenity	libc.so.6	aaa_glibc-solibs
zenity	libc.so.6	glibc
zenity	libgio-2.0.so.0	glib2
zenity	libglib-2.0.so.0	aaa_libraries
zenity	libglib-2.0.so.0	glib2
zenity	libgobject-2.0.so.0	aaa_libraries
zenity	libgobject-2.0.so.0	glib2
zenity	libgtk-4.so.1	gtk4
zenity	libpango-1.0.so.0	pango
zerofree	libc.so.6	aaa_glibc-solibs
zerofree	libc.so.6	glibc
zerofree	libext2fs.so.2	e2fsprogs
zint	libGLX.so.0	libglvnd
zint	libOpenGL.so.0	libglvnd
zint	libQt6Core.so.6	qt6
zint	libQt6Gui.so.6	qt6
zint	libQt6OpenGL.so.6	qt6
zint	libQt6OpenGLWidgets.so.6	qt6
zint	libQt6Svg.so.6	qt6
zint	libQt6UiTools.so.6	qt6
zint	libQt6Widgets.so.6	qt6
zint	libc.so.6	aaa_glibc-solibs
zint	libc.so.6	glibc
zint	libgcc_s.so.1	aaa_libraries
zint	libgcc_s.so.1	gcc
zint	libm.so.6	aaa_glibc-solibs
zint	libm.so.6	glibc
zint	libpng16.so.16	aaa_libraries
zint	libpng16.so.16	libpng
zint	libstdc++.so.6	aaa_libraries
zint	libstdc++.so.6	gcc-g++
zint	libz.so.1	aaa_libraries
zint	libz.so.1	zlib
zlib	libc.so.6	aaa_glibc-solibs
zlib	libc.so.6	glibc
zoo	libc.so.6	aaa_glibc-solibs
zoo	libc.so.6	glibc
zsh	libc.so.6	aaa_glibc-solibs
zsh	libc.so.6	glibc
zsh	libm.so.6	aaa_glibc-solibs
zsh	libm.so.6	glibc
zsh	libncursesw.so.6	aaa_libraries
zsh	libncursesw.so.6	ncurses
zsh	libtinfo.so.6	aaa_libraries
zsh	libtinfo.so.6	ncurses
zstd	libc.so.6	aaa_glibc-solibs
zstd	libc.so.6	glibc
zstd	libgcc_s.so.1	aaa_libraries
zstd	libgcc_s.so.1	gcc
zstd	liblz4.so.1	lz4
zstd	liblzma.so.5	aaa_libraries
zstd	liblzma.so.5	xz
zstd	libm.so.6	aaa_glibc-solibs
zstd	libm.so.6	glibc
zstd	libstdc++.so.6	aaa_libraries
zstd	libstdc++.so.6	gcc-g++
zstd	libz.so.1	aaa_libraries
zstd	libz.so.1	zlib
zstd	libzstd.so.1	aaa_libraries
zxing-cpp	ld-linux-x86-64.so.2	aaa_glibc-solibs
zxing-cpp	ld-linux-x86-64.so.2	glibc
zxing-cpp	libGLX.so.0	libglvnd
zxing-cpp	libOpenGL.so.0	libglvnd
zxing-cpp	libQt6Core.so.6	qt6
zxing-cpp	libQt6Gui.so.6	qt6
zxing-cpp	libQt6Multimedia.so.6	qt6
zxing-cpp	libQt6Network.so.6	qt6
zxing-cpp	libQt6Widgets.so.6	qt6
zxing-cpp	libc.so.6	aaa_glibc-solibs
zxing-cpp	libc.so.6	glibc
zxing-cpp	libgcc_s.so.1	aaa_libraries
zxing-cpp	libgcc_s.so.1	gcc
zxing-cpp	libm.so.6	aaa_glibc-solibs
zxing-cpp	libm.so.6	glibc
zxing-cpp	libpng16.so.16	aaa_libraries
zxing-cpp	libpng16.so.16	libpng
zxing-cpp	libstdc++.so.6	aaa_libraries
zxing-cpp	libstdc++.so.6	gcc-g++
zxing-cpp	libz.so.1	aaa_libraries
zxing-cpp	libz.so.1	zlib
zxing-cpp	libzint.so.2.16	zint
